0000000000000000000000000000000000000000000000000000000000000000000000000000000000000000000000000000000000000000000000000000000000000000000000000000000000000000
0000000000000000000000000000000000000000000000000000000000000000000000000000000000000000000000000000000000000000000000000000000000000000000000000000000000000000
0000000000000000000000000000000000000000000000000000000000000000000000000000000000000000000000000000000000000000000000000000000000000000000000000000000000000000
0000000000000000000000000000000000000000000000000000000000000000000000000000000000000000000000000000000000000000000000000000000000000000000000000000000000000000
0000000000000000000000000000000000000000000000000000000000000000000000000000000000000000000000000000000000000000000000000000000000000000000000000000000000000000
0000000000000000000000000000000000000000000000000000000000000000000000000000000000000000000000000000000000000000000000000000000000000000000000000000000000000000
0000000000000000000000000000000000000000000000000000000000000000000000000000000000000000000000000000000000000000000000000000000000000000000000000000000000000000
0000000000000000000000000000000000000000000000000000000000000000000000000000000000000000000000000000000000000000000000000000000000000000000000000000000000000000
0000000000000000000000000000000000000000000000000000000000000000000000000000000000000000000000000000000000000000000000000000000000000000000000000000000000000000
0000000000000000000000000000000000000000000000000000000000000000000000000000000000000000000000000000000000000000000000000000000000000000000000000000000000000000
0000000000000000000000000000000000000000000000000000000000000000000000000000000000000000000000000000000000000000000000000000000000000000000000000000000000000000
0000000000000000000000000000000000000000000000000000000000000000000000000000000000000000000000000000000000000000000000000000000000000000000000000000000000000000
0000000000000000000000000000000000000000000000000000000000000000000000000000000000000000000000000000000000000000000000000000000000000000000000000000000000000000
0000000000000000000000000000000000000000000000000000000000000000000000000000000000000000000000000000000000000000000000000000000000000000000000000000000000000000
0000000000000000000000000000000000000000000000000000000000000000000000000000000000000000000000000000000000000000000000000000000000000000000000000000000000000000
0000000000000000000000000000000000000000000000000000000000000000000000000111111111111111111111111000000000000000000000000000000000000000000000000000000000000000
0000000000000000000000000000000000000000000000000000000000000000000000011111111111111111111111111110000000000000000000000000000000000000000000000000000000000000
0000000000000000000000000000000000000000000000000000000000000000000011111111111111111111111111111111110000000000000000000000000000000000000000000000000000000000
0000000000000000000000000000000000000000000000000000000111111111111111111110000000000000000000001111111100000000000000000000000000000000000000000000000000000000
0000000000000000000000000000000000000000000000000000111111111111111111111100000000000000000000000001111101110000000000000000000000000000000000000000000000000000
0000000000000000000000000000000000000000000000000011111111111111111111000000000000000000000000000000011101110000000000000000000000000000000000000000000000000000
0000000000000000000000000000000000000000000000000111111100000000000000000000000000000000000000000000000001110111000000000000000000000000000000000000000000000000
0000000000000000000000000000000000000000000000001111110000000000000000000000000000000000000000000000000000000111011100000000000000000000000000000000000000000000
0000000000000000000000000000000000000000000000011111100000000000000000000000000000000000000000000000000000000111011100000000000000000000000000000000000000000000
0000000000000000000000000000000000000000000000011111000000000000000000000000000000000000000000000000000000000000011100000000000000000000000000000000000000000000
0000000000000000000000000000000000000000000000111110000000000000000000000000000000000000000000000000000000000000000000000000000000000000000000000000000000000000
0000000000000000000000000000000000000000000000111100000000000000000000000000000000000000000000000000000000000000000001110000000000000000000000000000000000000000
0000000000000000000000000000000000000000000000111100000000000000000000000000000000000000000000000000000000000000000001111100000000000000000000000000000000000000
0000000000000000000000000000000000000000000000111000000000000000000000000000000000000000000000000000000000000000000001111111100000000000000000000000000000000000
0000000000000000000000000000000000000000000000111000000000000000000000000000000000000000000000000000000000000000000000011111111000000000000000000000000000000000
0000000000000000000000000000000000000000000000111000000000000000000000000000000000000000000000000000000000000000000000000111111100000000000000000000000000000000
0000000000000000000000000000000000000000000000111000000000000000000000000000000000000000000000000000000000000000000000000000111111000000000000000000000000000000
0000000000000000000000000000000000000000000000111000000000000000000000000000000000000000000000000000000000000000000000000000011111110000000000000000000000000000
0000000000000000000000000000000000000000000000111000000000000000000000000000000000000000000000000000000000000000000000000000000111110000000000000000000000000000
0000000000000000000000000000000000000000000000111000000000000000000000000000000000000000033333333333330000000000000000000000000001111100000000000000000000000000
0000000000000000000000000000000000000000000000111000000000000000000000000000000000000000033333333333333000000000000000000000000000011111000000000000000000000000
0000000000000000000000000000000000000000000000111000000000000000000000000000000000000000033333333333333333330000000000000000000000011111000000000000000000000000
0000000000000000000000000000000000000000000000111000000000000000000000000000000000000000033300033333333333333000000000000000000000000111110000000000000000000000
0000000000000000000000000000000000000000000000111000000000000000000000000000000000000000033333333333333333333000000000000000000000000001110000000000000000000000
0000000000000000000000000000000000000000000000111000000000000000000000000000000000000000033333333333000003333000000000000000000000000001111000000000000000000000
0000000000000000000000000000000000000000000000111100000000000000000000000000000000000000033333333333000000333000000000000000000000000000111000000000000000000000
0000000000000000000000000000000000000000000000011110000000000000000000000000000000000000033333333333000000333000000000000000000000000000111100000000000000000000
0000000000000000000000000000000000000000000000011110000000000000000000000000000000000000033333033333000000333000000000000000000000000000011110000000000000000000
0000000000000000000000000000000000000000000000001111000000000000000000000000000000000000033333333333000000333000000000000000000000000000011110000000000000000000
0000000000000000000000000000000000000000000000000111110000000000000000000000000000000000000333333333000000333000000000000000000000000000001110000000000000000000
0000000000000000000000000000000000000000000000000111110000000000000000000000000000000000000333333333333333333000000000000000000000000000000111000000000000000000
0000000000000000000000000000000000000000000000000001111110000000000000000000000000000000000000333333333333333000000000000000000000000000000111000000000000000000
0000000000000000000000000000000000000000000000000000111110000000000000000000000000000000000000000333333333333000000000000000000000000000000111000000000000000000
0000000000000000000000000000000000000000000000000000111111110000000000000000000000000000000000000000000000000000000000000000000000000000000111000000000000000000
0000000000000000000000000000000000000000000000000000000001110000000000000000000000000000000000000000000000000000000000000000000000000000000111000000000000000000
0000000000000000000000000000000000000000000000000000000001111110000000000000000000000000000000000000000000000000000000000000000000000000000111000000000000000000
0000000000000000000000000000000000000000000000000000000000001111110000000000000000000000000000000000000000000000000000000000000000000000000111000000000000000000
0000000000000000000000000000000000000000000000000000000000001111110000000000000000000000000000000000000000000000000000000000000000000000000111000000000000000000
0000000000000000000000000000000000000000000000000000000000000001111100000000000000000000000000000000000000000000000000000000000000000000000111000000000000000000
0000000000000000000000000000000000000000000000000002222222222222222211000000000000000000000000000000000000000000000000000000000000000000000111000000000000000000
0000000000000000000000000000000000000000000000002222222222222222222211100000000000000000000000000000000000000000000000000000000000000000000111000000000000000000
0000000000000000000000000000000000000000000002222222222222222222222211111100000000000000000000000000000000000000000000000000000000000000000111000000000000000000
0000000000000000000000000000000000000000000002222222200000000000000011111100000000000000000000000000000000000000000000000000000000000000000111000000000000000000
0000000000000000000000000000000000000000000002222220000000000000000000111111000000000000000000000000000000000000000000000000000000000000000111000000000000000000
0000000000000000000000000000000000000000000002220000000000000000000000011111100000000000000000000000000000000000000000000000000000000000000111000000000000000000
0000000000000000000000000000000000000000000002220000000000000000000000002222200000000000000000000000000000000000000000000000000000000000000111000000000000000000
0000000000000000000000000000000000000000000002222000000000000000000000222222200000000000000000000000000000000000000000000000000000000000000111000000000000000000
0000000000000000000000000000000000000000000002222222000000000000002222222222211000000000000000000000000000000000000000000000000000000000000111000000000000000000
0000000000000000000000000000000000000000000002222222200000000000222222222200111100000000000000000000000000000000000000000000000000000000000111000000000000000000
0000000000000000000000000000000000000000000000222222222220000000222222222000111100000000000000000000000000000000000000000000000000000000000111000000000000000000
0000000000000000000000000000000000000000000000000222222220000000222220000000022220000000000000000000000000000000000000000000000000000000000111000000000000000000
0000000000000000000000000000000000000000000000000002222222222200000000000002222220000000000000000000000000000000000000000333300000000000000111000000000000000000
0000000000000000000000000000000000000000000000000000002222222222222222222222222220000000000000000000000000000000000000000333333000000000000111000000000000000000
0000000000000000000000000000000000000000000000000000002222222222222222222222222200000000000000000000000000000000000000000000333300000000001111000000000000000000
0000000000000000000000000000000000000000000000000000000000002222222222222222211100000000000000000000000000000000000000000000003330000000001110000000000000000000
0000000000000000000000000000000000000000000000000000000000000000000000000011111100000000000000000000000000000000000000000000000333000000001110000000000000000000
0000000000000000000000000000000000000000000000000000000000000000000000001111111100000000000000000000000000000000000000000000000033300000011110000000000000000000
0000000000000000000000000000000000000000000000000000000000000111111111101111111100000000000000000000000000000000000000000000000033300000011100000000000000000000
0000000000000000000000000000000000000000000000000000000001111111111111101111100000000000000000000000000000000000000000000000000003300000111100000000000000000000
0000000000000000000000000000000000000000000000000000000111111111111111100000000000000000000000000000000000000000000000333000000003300001111000000000000000000000
0000000000000000000000000000000000000000000000000000011111111100000000000000000000000000000000000000000000000003300000333300000003300011111000000000000000000000
0000000000000000000000000000000000000000000000000001111111000000000000000000000000000000000000000000000000000003300000033300000003300011110000000000000000000000
0000000000000000000000000000000000000000000000000001111100000000000000000000000000000000000000000000000000000003300000003330000003300111100000000000000000000000
0000000000000000000000000000000000000000000000000001110000000000000000000000000000000000000000000000000000000003300000000330000003301111000000000000000000000000
0000000000000000000000000000000000000000000000000011110000000000000000000000000000000000000000000000000000000003300000000330000003301111000000000000000000000000
0000000000000000000000000000000000000000000000000011110000000000000000000000000000000000000000000000000000000003300000000000000333311110000000000000000000000000
0000000000000000000000000000000000000000000000000111100000000000000000000000000000000000000000000000000000000003330000000033333333311000000000000000000000000000
0000000000000000000000000000000000000000000000000111100000000000000000000000000000000000000000000000000000000003333333333333333311111000000000000000000000000000
0000000000000000000000000000000000000000000000000111000000000000000000000000000000000000000000000000000000000000333333333333011111100000000000000000000000000000
0000000000000000000000000000000000000000000000000111000000000000000000000000000000000000000000000000000000000000000000000000011110000000000000000000000000000000
0000000000000000000000000000000000000000000000000111000000000000000000000000000000000000000000000000000000000000000000000011111110000000000000000000000000000000
0000000000000000000000000000000000000000000000000111000000000000000000000000000000000000000000000000000000000000000000000011111000000000000000000000000000000000
0000000000000000000000000000000000000000000000000111000000000000000000000000000000000000000000000000000000000000000000000111111000000000000000000000000000000000
0000000000000000000000000000000000000000000000000111000000000000000000000000000000000000000000000000000000000000000000011111100000000000000000000000000000000000
0000000000000000000000000000000000000000000000000111000000000000000000000000000000000000000000000000000000000000000001111111100000000000000000000000000000000000
0000000000000000000000000000000000000000000000000111100000000000000000000000000000000000000000000000000000000000000111111110000000000000000000000000000000000000
0000000000000000000000000000000000000000000000000111111000000000000000000000000000000000000000000000000000000000111111110000000000000000000000000000000000000000
0000000000000000000000000000000000000000000000000011111110000000000000000000000000000000000000000000000001110111111111000000000000000000000000000000000000000000
0000000000000000000000000000000000000000000000000000111110111000000000000000000000000000000000000000001111110111111000000000000000000000000000000000000000000000
0000000000000000000000000000000000000000000000000000001110111111000000000000000000000000000000000000001111110111000000000000000000000000000000000000000000000000
0000000000000000000000000000000000000000000000000000000000111111000000000000000000000000000000000011111111100000000000000000000000000000000000000000000000000000
0000000000000000000000000000000000000000000000000000000000000111111000000000000000000000000000000011111100000000000000000000000000000000000000000000000000000000
0000000000000000000000000000000000000000000000000000000000000000111110000000000000000000000000011111111100000000000000000000000000000000000000000000000000000000
0000000000000000000000000000000000000000000000000000000000000000111111110000000000000000000000011111100000000000000000000000000000000000000000000000000000000000
0000000000000000000000000000000000000000000000000000000000000000001111111110000000000000000000111111100000000000000000000000000000000000000000000000000000000000
0000000000000000000000000000000000000000000000000000000000000000000001111111100000000000000000111100000000000000000000000000000000000000000000000000000000000000
0000000000000000000000000000000000000000000000000000000000000000000000001111111000000000000011111100000000000000000000000000000000000000000000000000000000000000
0000000000000000000000000000000000000000000000000000000000000000000000000111111111100000000111111000000000000000000000000000000000000000000000000000000000000000
0000000000000000000000000000000000000000000000000000000000000000000000000000111111111111111111111000000000000000000000000000000000000000000000000000000000000000
0000000000000000000000000000000000000000000000000000000000000000000000000000011111111111111111100000000000000000000000000000000000000000000000000000000000000000
0000000000000000000000000000000000000000000000000000000000000000000000000000000001111111111110000000000000000000000000000000000000000000000000000000000000000000
0000000000000000000000000000000000000000000000000000000000000000000000000000000000000000000000000000000000000000000000000000000000000000000000000000000000000000
0000000000000000000000000000000000000000000000000000000000000000000000000000000000000000000000000000000000000000000000000000000000000000000000000000000000000000
0000000000000000000000000000000000000000000000000000000000000000000000000000000000000000000000000000000000000000000000000000000000000000000000000000000000000000
0000000000000000000000000000000000000000000000000000000000000000000000000000000000000000000000000000000000000000000000000000000000000000000000000000000000000000
0000000000000000000000000000000000000000000000000000000000000000000000000000000000000000000000000000000000000000000000000000000000000000000000000000000000000000
0000000000000000000000000000000000000000000000000000000000000000000000000000000000000000000000000000000000000000000000000000000000000000000000000000000000000000
0000000000000000000000000000000000000000000000000000000000000000000000000000000000000000000000000000000000000000000000000000000000000000000000000000000000000000
0000000000000000000000000000000000000000000000000000000000000000000000000000000000000000000000000000000000000000000000000000000000000000000000000000000000000000
0000000000000000000000000000000000000000000000000000000000000000000000000000000000000000000000000000000000000000000000000000000000000000000000000000000000000000
0000000000000000000000000000000000000000000000000000000000000000000000000000000000000000000000000000000000000000000000000000000000000000000000000000000000000000
0000000000000000000000000000000000000000000000000000000000000000000000000000000000000000000000000000000000000000000000000000000000000000000000000000000000000000
0000000000000000000000000000000000000000000000000000000000000000000000000000000000000000000000000000000000000000000000000000000000000000000000000000000000000000
0000000000000000000000000000000000000000000000000000000000000000000000000000000000000000000000000000000000000000000000000000000000000000000000000000000000000000
0000000000000000000000000000000000000000000000000000000000000000000000000000000000000000000000000000000000000000000000000000000000000000000000000000000000000000
0000000000000000000000000000000000000000000000000000000000000000000000000000000000000000000000000000000000000000000000000000000000000000000000000000000000000000
0000000000000000000000000000000000000000000000000000000000000000000000000000000000000000000000000000000000000000000000000000000000000000000000000000000000000000
0000000000000000000000000000000000000000000000000000000000000000000000000000000000000000000000000000000000000000000000000000000000000000000000000000000000000000
0000000000000000000000000000000000000000000000000000000000000000000000000000000000000000000000000000000000000000000000000000000000000000000000000000000000000000
0000000000000000000000000000000000000000000000000000000000000000000000000000000000000000000000000000000000000000000000000000000000000000000000000000000000000000
0000000000000000000000000000000000000000000000000000000000000000000000000000000000000000000000000000000000000000000000000000000000000000000000000000000000000000
0000000000000000000000000000000000000000000000000000000000000000000000000000000000000000000000000000000000000000000000000000000000000000000000000000000000000000
0000000000000000000000000000000000000000000000000000000000000000000000000000000000000000000000000000000000000000000000000000000000000000000000000000000000000000
