3103013333212000311011021030101101100112222033331013033121100201001102330313221320301022030223120200211303022203022010323222231232311123320323221320221102312112
2101312110003221300301130131231031202313003001321032322021223333302203223032321122220012022013010120113120312002113310230313012310011223312101020121303121020100
1230003232111323022133220312132203012123002011211220003223202313032310212301032121103320023132131311132121120002200120312021011130313010222011030311101001331111
3111130101330230223121102212212313323101300310201133122212003032221021012112322210311301130022122112230013213100323101122203003000122222223121231003012222133322
1220122201113312002113231102132320310111313321233102221332130010102023032103332321333201011033210130233213122001111223213223011013333313111221021323101200033022
0133003022311121332103103001022021201333013213202020301031011323302003112103211311232033301032203301301330002130312230210323033221330113112311100001313210023212
3320133320322120223323103102232213022113200331130210320012103130131121002303301302011213032202133102021333100011201312133132001003031321133212031231221011120121
0232321230123301303310332110031330022123233100220312332321030312220032303130331211312222123131212301100303311222220321201302112012101220211333232122133032210331
1132230310023121200321010111022010332211023101101302333203013202212320003321013310320332230131211031220121001200101232333132322300132202221311011130321322233132
1320203123020131220331222322320012312210002222211323301211230111031021302032102203333203230202021333002202203020102321311311022031011002230332031332221013011313
3023013232230323312222203113120101111012322303311311002023332322032110130013132330102330331300230302030112313033033121320202321023330213320212332322131101110203
2010113331111122310201301020121133122110311200101333033230132203221012103330010003013212213032132203010321211010023000200120300233102303132101211322232332000320
2312030110203110002313223211232230310303211231111122113023232301123230112012100030313001310020131001131122323223013230211001331122100031111111133233113103331223
3310111202121211002232212220221121033033302122231221130120121222121200102131111120112213011220222100112311000102302112113021220011330130002332300313122231030102
2333121322333301100303213302010123220330020013212103033313232030200101020023121202032222011232301332331003213212230113321231301033331200033102122001203113333312
0021123002002103203323010301010120123323212023013330213031201122201101131202303022302033231013322323023012122001223232120331123212013232022330102323032312003111
3330223033002213210002001032201223303100022322121222113301301031110022122131123203201033123121131303211210132200200022212123230103331113313113001322133001001012
3310331002232001320222232231103210230030320332032220122102220212020300033110110010022032312012220303122030120103112003000131100103212202030020031010102232013120
2322121001202302023232130310213122012002021121302310023030101013212111113021101221312122303103003121233212122233000232123110321322323221021321222303131332101332
0100121001111201131132121300020020212031000201310220310031122223012210301110331002323013003101023300231201021120330322300011200313003312230002110312000221123222
0010003223103011113013221222020110320203212032030013210023330320300013210312000202000032222200301013112212233312113123331213100031223110231110103022121233010110
1210020213101130223003310310130331022111212312110213032313311003030300233012330212222200202301022022003211231321100103030323030222333211301301100100223130110333
2200130120112013233220013210101110032330231320100220023030122012131033202330333003132331032030111113301230033002230001033221132033101033212231331320131023013002
2223010202303212221200000031210002012032120032211000210001213023333232322223030221131321331101001120203001231310011231331103121102230211230123011131312322112031
1211212030001232122232213232312231011323223212323111122001113222212031330021331033133013111011220221332110030212010220301200302332102302132112032201232211132232
0211013000101320212133023002110101023003300111303122033323220123323101303113331103321321123203210230132313220013321203221012333211013010232200301110021213101203
2112112202200100110113203013223031302032010131003303030020003302133133223323231322312332032012301200233222032120103131302212313210331301122113310001310312131331
2203321123101123303222020122330210013111312322132231121232321322133203021032300021121100001030200320112101130132210233032323000133102022233022300000331203012223
1111023331233010012000120331100322321222311213120112202003003011212002320301123030303331102311321212010222012220221330312103220213312122313123330303322020111033
0201102000303000220122011122121130211021233012200200210010211102333110131323130032111231310332011313300112002122133122100122220221302101311203300201301101030101
0301100312113132330110132211023230003000012311331033003320021301300012322030032312330232133301310230113121130312210231210310322011002220320011031023203201031311
2211330330103330330310030312023013130003121002333030321102013221312112223211203122001002233130202000330102223101320313301001102201321023303222232111213000201222
1320022122021300200323221303303220212211331022312203120103011323312323322330000321023200002011131003112220331020010012112331310323301130112230203330310312000301
3131023112331313211102213300313203331200122333230010123221131200321022303210222210332121011133120012230201313130101123022020221332002011120232202003021300221220
0320323211220112302201121021000303212301113201033011331121101310203213122323213323003323212013212103312233211233210322033001330223301200120132031023111032102033
3222311131120231220113103110200220003132101310311311323313003332003102111211220122232212030330201213011231032011103322313000102023200130321331223333302123110022
3311013121113112223333003130321113130102001330102203101332130211010123302010332021032221302110011210100101302022301233223302013203332203221233310330212132003032
1221031310110102220330200111033013021020012122211103113230011133331022023220031301301010320031001233112022203022120103101223220210211210033220011332322021311111
2101011012130000102022002220301022112331200230231023023110223102322223130310022023213322222201022220312120300131332203322131321111321231012213002011021032033023
3203111001303002333123102211213202213230233030323121221300330023223022312323012203021121201101013133222231033301001120131303301021122331333212001200300222300022
0212031010031110311203320122211023200320312203021000310102220121310113332302303030331010133013131321210323311302102011322113100002223323323013220130202022302102
1221212101031321133110223002003313202133311322323031110231223330223023313122101120010112000120121302102132232103101101012110200231110132023201122132133301231213
1210103302203300312210202132102310330113213301230200113212010022012001103202111030221012022302232120231031020201223032331303020033003311022312023232333133323033
1000022130231121130212203312313113331130123303231100222300022201230220312322233020310223031023302230213000121000303210212113221213112231200110020013302202313233
0000131223201333201100310322301011130312102333300320120103231130201030213232001100211323233130130120120132010032012230300032031232212303301223211011211210320302
0123200101211123101201131300213332233233023301120312313311011301130112103221100033122232021321100031023100221301020220202330003133013310231322121021231331122002
2033131300133203120300231333200032111212132223333212103201130032232220331103231301030011310133230100230321222001022120023322331310020331232211011232100321331020
3230332122010023000222323032222302002231300333232231330220202002120330221200223011330031001100200112013301030231231131100211311030010231321133002113233020323000
2111101103233012101302102333232322113222010303031210133132232123110112122103100220022222102003211322003133310331221220133330003332303211303032000332131001310102
1220030311113022130002332110301112211003031031021310203212200111221003121233101321032321232023020010021311323000113132321111330302323331213221303323322011310030
3230320332320122132101032333101213023332212220121132223313302331301312101111200311232313333103200011133231331331231321032331033332021021102223000300131000013000
3023320301323233131300131300322211103330021301023023213000312333122120333021313300133010121210100310213310121121031221112002113222022211220020323232001332113031
0003021300322323332222322302030203213310130000033002032313010220122322021031113201130032311002033111212132232022322113103303332102121331230233223220011321012301
0322001213303101003320312201121200223013321132033200120221212110123301001000203200020210232312021311000130030312310201310210120121303301200330222011212300001221
0132121221331112020313222222200022302100023002312021021212310333030213211310000302001203232022332011230233111320112331311101222330321032012122223020032312010332
0313103300003302221230303132200011311323310111300033102303110331130032011033103221301100233303003023331212203201132030201111200122023100022112122102030221031130
1212023203312312312003112012002112231022030301133132313202232032000011122311323222232020011332030013322332000310331123333221113103332012122220230013012033313131
3120020223123032022321320203111033210210010211213233110121023102112022330212113230330132330031320102103230133120312212121202000300021120221102311132030302202210
2231300323331300112212232230020111132313231311212220203201233210033133023230302211320031221010210021122300202330322131302211113110313310101231200222011310202000
1201211100003030000332031133202231000130122123211212100122310320223012031230000312311302213222331111212012031020021033311022311003113221232320131021333022213331
2102013303030310103223221311233101330021211303312103133010300033132331323111000202330321123320321312022020122313202221323211230230013210201021313213313111103011
1012333133221303301331310033213031100331222321030120002223301012120332121013222001210120030320302100112022122303230021302213202203012332132233200030003213310310
2331312322211110131320302123233321001131022312322332112202310022210311311331012100112110312303211232123132200120221202032030220321211132032002221010201312303032
0301133303011122002320113131132210222021033333322123100232220332200321312002200130330001220322333302320130300232120323233330313103003221202101301213231200300230
3122002333110201110312010132230302332033011033031210322011002101000213133120010110102112013102312102302010300232330202222313331131321130320013021312211222310111
2220221322100220232223110232202222022202120202212012233123332113003202021210121033120203233130031232022222031130030021321201210022102312201302321133121201231331
2021313201101303232131133110230300220021133132121202000221000112120113131132032233223332231333230000033321321320203103332101103102203131221101100100311322020310
3210332012130320130113023123211222302330002211300003031022031333113333231332213020231223131121103110310000120022303211012112113131112310121321002123320300322002
2102313203103223032100000210022033231030321232032210323030011313101331310110302202303122001001133100331212212202000102120321031112033033221300130123112102332302
2223122333332233311230011332033203012202231200323122313001212110131000112220222003223120003330322121231010333330201312111112103100330200011100231311322110222203
1222201323100133132220230103201103323020020202102333230133122312121231131100030310221003011301222303123103122302220033332121103133313113000221011231130203212021
3323302221103300233332000031031030330113100010131101103021322013031210210003001320113330200131003222223323102102202203121312010113222111231311311221210030111132
3211211000222130313323331231001323302023112031123210132212200133211130121311203102023331332120032221123131013100220113303320020011131010201213102011312311212010
1313032203021320000300121232102102313301113032133223013222310130012210002220013312221231223130320102113302312130020213222220210022300200110322301203030112311331
1133203022130230000132100013102012232222020030321230200112200110033120302313332021332010130121030201331331132320010231323003213101230103322232111230333001313221
0312203222302230121130021322100101121222020213000011023131230232120300232330200013231300321231111232213300220012211031022031101223002331322203320302310200002021
3021123102010020300320003121123020203302203033320220122312103110310321333330132122102232331022011302332201131022002012322200030001303121023032003100102010031000
1100032000221200002313111312103320311000210212201020203313320121013310010210300330002333220132312222122331013013213013022023223222211133013231110131322211003322
1303331112331033321030201311310001312331212230110222122300310310301323012321233332113212301323332221103120102133031000222023202122102023032111200102023223311210
1221112111310322212202300230011132320331203113112102213101011032101033032013323303111112320001211132203332013003012110302112223202320110123110031013132311332020
0230311110033130122331231223103001101010302132223031023310132131112200211222200213320322201022100021102321232113302002200101013011331031112330031013100013230111
1333231133313101001311200320332132230022221310103013032222131130323000200010332312022131002132100132103122313213220323333212332231013110322302023130220032201110
1112322000322323031103032020310221320311312213300303330230132200302220232210121120110112110021121030013102121123132312220001001003303311010013221000323213020233
1020312222332123030132203210220123021032002100201131032011000220330133132010310132032103232301112312003201331310302222033103322031332020020332123222022210220211
2012033330223100023122320321000313133001332223023112303112013221312131122120132011001212312013210302133322030133322200121301333130333303330011103332131020321300
3210331203322202333020321321003032021323303100003313301013313332011131232010112001300221022001221103000103011132213113122013012002221122102033032303333011302031
1202102311320212331133330233332321223023033023102201131312032030220320003122330022010300102103311010203312111032133131313103022202213323202021100220121313212012
1111102223330010313113301131221103001231122133322202021020110033210123020001202131102310203031103121331001101132100122233110333112230031003120011323020021322213
1111122010333103311330133311021231123303302313212310333330020120232003122313300013313031130300230103020331012200132011310332232123233120320113312033333132303131
0122022332313011120203200100230033310221313233131012113022130003110202110013323201100323303103233123120101012020102231231301013033133221021222023010122001202010
3131310210302333021132103333122023003132232230023233231311101201231231023233311131111001103001221102230013330220113223100112232120123122223201023212100132000012
0312212321113101302232131321012223030130320211230302112001233230232000231132232222321122030112301111133211113220001220032230120323123321311220330302110033013313
0313223300212103330030010101320113212100110221302221102020331303203312212021312003022122002030300200211132111322320001102102111323332230132321210312222103311030
2301213212002201201332221120033022230303032020311330220223312032102010112013132223222210121222311233221202313220001121122211200203302100211201210111333301012301
3232102123032312312220331001222200131030203313120131201200201333203323033012232320010211222213021113003030130210231020320310001000122112333131301323120321202232
3222220121301020222122012022112323031333123103220331022130320010212033201003223102312301121202133103301121022132130232211322103100123022120332221031103101311002
0023301321011331023333211231103010111212001332202132311100230011200233333103320122333203230132303032020101301231032112101020130320100131003222332321022223220133
3321023120032113000233322332030322220233112310111013232213322101203103112331200121323033211211123321323300202132302213200332003210000230302102000230101020323000
2022121002303013200022212322020333123003220332321312020101302232200123031001013133233203203330111030322300010323323121313000030012222231002333330012133323002303
1132012123020323303202001313110020102202222312033100021213213111232322011100233331033210312303201033011132113302023232231222323312030100132101031211131311121020
2003132210310100201300111321203323130322312332110033101223331111220202212002203103312113003131032130000210210320131012330111001232022022301000003123212303220310
1231310013232132201301123233003330001211102132200310202221301101011310112120211332231020231123001213102013330300000300201032101033201130233232032310122233220311
2121311102311311003323032213022012302221113130112220021001030230130210001301002313013332100000130331030112300132313121230222110221112211210133113003332223011202
3132132000302313102123020031131302103220222132120230112113000021201303320001010012113211121212012201312112020201133333123110221233210122103130333002122112220231
0022113133322222021032213100213210232223101310011210333013123220230323310103322210120313220203122233020013312232203113120101133101011212030003032122303210221022
1031221230301003333032113311333330102200213123322012313100023223021002033223133122111332001202332133203130121211033321101130330312330133203110322311333022210213
2300200131311200013301300003310102000113200123303313000030300311233300203222313112312311222113113103113021033113011121221210330323323320233203301211330321010120
1300320113232301323033330230213023021211121311203021130010030311233033231333312131110313333130013221232311123113313012122000000313230111321230002302332000033232
0211213013321111001030012230131133221111230333201020301233032002221012201330311103122120220013223213313231231031322111230330313013131230231111123030001120213201
1021123121002302201121033103313333313232233022201211013303103201001001331133300320100103302333323131031232313120211132201102200111200101220220031122102131303031
0120220302100201010220203121332002303120021302232020122210123003230222211133121113120002221232132011020122103230002332311022332113231012100112101313331130032113
1122310321301222111310302210232023202110033231200200312213031110131220121011111231333212033202030020310313003133320103201131331002101221211303020231111000211132
0000030101330302032110223300312131030033322131010031111102220322302023031010221003233301130031233113300122010302320001312232233031331233010211233323033301133102
3010203322123101221323120021222030022111000031020020330031222201302320032313123320101213103100233010203031212023201220230233000212133010212133310330311110021032
2012301213321113130113020200223312330330013120232302133323101030221232323331231312021033230101133211012333110002031021221123232302010112011222133101322011212133
3123201313110232111131032320202230113223332002333310301110330121121223220100210132131203033323333221102222023133312130111131322002222101301333210230003120300323
0121022010012300012000303000320230233013302310012020010203113221222300022103300232031210100203321001000300332001031313131332111010020133131130003203230312023232
1233310122320123310331312310223022103133231003122333231010231013231302320202333230131111020200320010102103320223232312012331010023132121210111321003332201121330
2100130013023301302113013220313201333001322223230312132320002310221013330012002033333210013321303132210032023001033033202033232313310130031120133030112200030303
1021303012130010010111021031003302022213033130302211021110030332222221023122232233322333122100203021323112302123200100220121001100131111332111322311111123301113
2200223000101310101322011022303120233232012121031131321101211203332112130120320202203122222310211133211000332032232321121003320113121213121031220221021320012132
0103230111022300233300313232212133222000120331313130110301223230002033233322123012032301101331323223211211320010132202012013200111231103101212333033321222101331
0301031101330231031123013210221322213231033201022010101202031030113033133203113222113321021110022330122330121223011130332131312302132200123212203333120231221220
3010012220323013210331122111100310222013320332310001231103132010112211001032003001103312030210220123020002111331220121201100032212300302301111000220002032011202
2313030011331023101023102111230122132013020320100030313121332102030120200002013120202210223320011331102133203110122312113022123223101202232220312330231102131220
2332201233120213203310013033310312211032302301033131221102202202030201122022111311302100133221232211213222320320101231031020033031111130110330232113330232001121
1122330110002121022123200000222320022323330101330302301332013003220223122123131121101000230132313202011022111033202022222033233110301302201023003223000323133111
3002023113222130202311011203031001133213231121000301210331323110001203223312000331310001233133110032020000213002222211000001230020120210200303133221032311200012
