0000000000000000000000000000000000000000000000000000000000000000000000000000000000000000000000000000000000000000000000000000000000000000000000000000000000000000
0000000000000000000000000000000000000000000000000000000000000000000000000000000000000000000000000000000000000000000000000000000000000000000000000000000000000000
0000000000000000000000000000000000000000000000000000000000000000000000000000000000000000000000000000000000000000000000000000000000000000000000000000000000000000
0000000000000000000000000000000000000000000000000000000000000000000000000000000000000000000000000000000000000000000000000000000000000000000000000000000000000000
0000000000000000000000000000000000000000000000000000000000000000000000000000000000000000000000000000000000000000000000000000000000000000000000000000000000000000
0000000000000000000000000000000000000000000000000000000000000000000000000000000000000000000000000000000000000000000000000000000000000000000000000000000000000000
0000000000000000000000000000000000000000000000000000000000000000000000000000000000000000000000000000000000000000000000000000000000000000000000000000000000000000
0000000000000000000000000000000000000000000000000000000000000000000000000000000000000000000000000000000000000000000000000000000000000000000000000000000000000000
0000000000000000000000000000000000000000000000000000000000000000000000000000000000000000000000000000000000000000000000000000000000000000000000000000000000000000
0000000000000000000000000000000000000000000000000000000000000000000000000000000000000000000000000000000000000000000000000000000000000000000000000000000000000000
0000000000000000000000000000000000000000000000000000000000000000000000000000000000000000000000000000000000000000000000000000000000000000000000000000000000000000
0000000000000000000000000000000000000000000000000000000000000000000000000000000000000000000000000000000000000000000000000000000000000000000000000000000000000000
0000000000000000000000000000000000000000000000000000000000000000000000000000000000000000000000000000000000000000000000000000000000000000000000000000000000000000
0000000000000000000000000000000000000000000000000000000000000000000000000000000000000000000000000000000000000000000000000000000000000000000000000000000000000000
0000000000000000000000000000000000000000000000000000000000000000000000000000000000000000000000000000000000000000000000000000000000000000000000000000000000000000
0000000000000000000000000000000000000000000000000000000000000000000000000000000000000000000000000000000000000000000000000000000000000000000000000000000000000000
0000000000000000000000000000000000000000000000000000000000000000000000000000000000000000000000000000000000000000000000000000000000000000000000000000000000000000
0000000000000000000000000000000000000000000000000000000000000000000000000000000000000000000000000000000000000000000000000000000000000000000000000000000000000000
0000000000000000000000000000000000000000000000000000000000000000000000000000000000000000000000000000000000000000000000000000000000000000000000000000000000000000
0000000000000000000000000000000000000000000000000000000000000000000000000000000000000000000000000000000000000000000000000000000000000000000000000000000000000000
0000000000000000000000000000000000000000000000000000000000000000000000000000000000000000000000000000000000000000000000000000000000000000000000000000000000000000
0000000000000000000000000000000000000000000000000000000000000000000000000000000000000000000000000000000000000000000000000000000000000000000000000000000000000000
0000000000000000000000000000000000000000000000000000000000000000000000000000000000000000000000000000000000000000000000000000000000000000000000000000000000000000
0000000000000000000000000000000000000000000000000000000000000000000000000000000000000000000000000000000000000000000000000000000000000000000000000000000000000000
0000000000000000000000000000000000000000000000000000000000000000000000000000000000000000000000000000000000000000000000000000000000000000000000000000000000000000
0000000000000000000000000000000000000000000000000000000000000000000000000000000000000000000000000000000000000000000000000000000000000000000000000000000000000000
0000000000000000000000000000000000000000000000000000000000000000000000000000000000000000000000000000000000000000000000000000000000000000000000000000000000000000
0000000000000000000000000000000000000000000000000000000000000000000000000000000000000000000000000000000000000000000000000000000000000000000000000000000000000000
0000000000000000000000000000000000000000000000000000000000000000000000000000000000000000000000000000000000000000000000000000000000000000000000000000000000000000
0000000000000000000000000000000000000000000000000000000000000000000000000000000000000000000000000000000000000000000000000000000000000000000000000000000000000000
0000000000000000000000000000000000000000000000000000000000000000000000000000000000000000000000000000000000000000000000000000000000000000000000000000000000000000
0000000000000000000000000000000000000000000000000000000000000000000000000000000000000000000000000000000000000000000000000000000000000000000000000000000000000000
0000000000000000000000000000000000000000000000000000000000000000000000000000000000000000000000000000000000000000000000000000000000000000000000000000000000000000
0000000000000000000000000000000000000000000000000000000000000000000000000000000000000000000000000000000000000000000000000000000000000000000000000000000000000000
0000000000000000000000000000000000000000000000000000000000000000000000000000000000000000000000000000000000000000000000000000000000000000000000000000000000000000
0000000000000000000000000000000000000000000000000000000000000000000000000000000000000000000000000000000000000000000000000000000000000000000000000000000000000000
0000000000000000000000000000000000000000000000000000000000000000000000000000000000000000000000000000000000000000000000000000000000000000000000000000000000000000
0000000000000000000000000000000000000000000000000000000000000000000000000000000000011000000000000000000000000000000000000000000000000000000000000000000000000000
0000000000000000000000000000000000000000000000000000000000000000000000000000000000011000000000000000000000000000000000000000000000000000000000000000000000000000
0000000000000000000000000000000000000000000000000000000000000000000000000000000000000000000000000000000000000000000000000000000000000000000000000000000000000000
0000000000000000000000000000000000000000000000000000000000000000000000000000000000000000000000000000000000000000000000000000000000000000000000000000000000000000
0000000000000000000000000000000000000000000000000000000000000000000000000000000000110000000000000000000000000000000000000000000000000000000000000000000000000000
0000000000000000000000000000000000000000000000000000000000000000000000000000000000110000000000000000000000000000000000000000000000000000000000000000000000000000
0000000000000000000000000000000000000000000000000000000000000000000000000000000000000000000000000000000000000000000000000000000000000000000000000000000000000000
0000000000000000000000000000000000000000000000000000000000000000000000000000000000000000000000000000000000000000000000000000000000000000000000000000000000000000
0000000000000000000000000000000000000000000000000000000000000000000000000000000000000000000000000000000000000000000000000000000000000000000000000000000000000000
0000000000000000000000000000000000000000000000000000000000000000000000000000000000000000000000000000330000000000000000000000000000000000000000000000000000000000
0000000000000000000000000000000000000000000000000000000000000000000000000000000000000000000000000000330000000000000000000000000000000000000000000000000000000000
0000000000000000000000000000000000000000000000000000000000000000000000000000000000000000000000000000003300000000000000000000000000000000000000000000000000000000
0000000000000000000000000000000000000000000000000000000000000000000000000000000000000000000000000000003300000000000000000000000000000000000000000000000000000000
0000000000000000000000000000000000000000000000000003300000000000000000000000000000000000000000000000000000000000000000000000000000000000000000000000000000000000
0000000000000000000000000000000000000000000000000003333000000000000000000000000000000000000000000000000000330000000000000000000000000000000000000000000000000000
0000000000000000000000000000000000000000000000000000033000000000000000000000000000000000000000000000000000330000000000000000000000000000000000000000000000000000
0000000000000000000000000000000000000000000000000000003300000000003300000000000000000000000000000000000000033000000000000000000000000000000000000000000000000000
0000000000000000000000000000000000000000000000000000003300000000003300000000000000000000000000000000000003333300000000000000000000000000000000000000000000000000
0000000000000000000000000000000000000000000000000000000000000000000000110000000000000000000000000000000003303300000000000000000000000000000000000000000000000000
0000000000000000000000000000000000000000000000000000000000000000000000110000000000000000000000000000000000000000000000000000000000000000000000000000000000000000
0000000000000000000000000000000000000000000000000000000000330000000000000000000000000000000000000000000000000000000000000000000000000000000000000000000000000000
0000000000000000000000000000000000000000000000000000000000330000000000000000000000000000000000000000000000000000000000000000000000000000000000000000000000000000
0000000000000000000000000000000000000000000000000000000000000000000000000000000000000000000000000000000000000330000000000000000000000000000000000000000000000000
0000000000000000000000000000000000000000000000000000000000000000000000000003300000000000000000000000000000000330000000000000000000000000000000000000000000000000
0000000000000000000000000000000000000000000000000000000000000000000000000003300000000000000000000000000000000033000000000000000000000000000000000000000000000000
0000000000000000000000000000000000000000000000000000000000000000000000000000000330220000000000000000000000000033000000000000000000000000000000000000000000000000
0000000000000000000000000000000000000000000000000000000000000000000000000000000330220000000000000000000000000000000000000000000000000000000000000000000000000000
0000000000000000000000000000000000000000000000000000000000000033000000000000000033000000000000000000000000000000000000000000000000000000000000000000000000000000
0000000000000000000000000000000000000000000000000000000000011033000000000000000033000000000000000000000000000000000000000000000000000000000000000000000000000000
0000000000000000000000000000000000000000000000000000000000011000000000000000000003300000000000000000000000000000000000000000000000000000000000000000000000000000
0000000000000000000000000000000000000000000000000000000000000003300000000000000003300000000000000000000000003300000000000000000000000000000000000000000000000000
0000000000000000000000000000000000000000000000000000000000000003300000000000000220000000000000000000000000003300003300000000000000000000000000000000000000000000
0000000000000000000000000000000000000000000000000000000000000000110000000000000220003300000000000000000000000000003300000000000000000000000000000000000000000000
0000000000000000000000000000000000000000000000000000000000000111110000000000000000003330000000000000000000000000000000000000000000000000000000000000000000000000
0000000000000000000000000000000000000000000000000000000001100111100330000000000000000330000000000000000000000000000000000000000000000000000000000000000000000000
0000000000000000000000000000000000000000333300000000000011101100000330000000000000000000330000000000000000000000000330000000000000000000000000000000000000000000
0000000000000000000000000000000000000003333300000000000011001100000000000000000000000000333300000000000000000003300330000000000000000000000000000000000000000000
0000000000000000000000000000000000000003330000000000000110000000000000000000000000000000003333000000000000000003300000330000000000000000000000000000000000000000
0000000000000000000000000000000000000003300000000000000111000000000000330000000000000000003333300000000000000000000000330000000000000000000000000000000000000000
0000000000000000000000000000000000000003300000000000000011000000000000330000000000000000000003330000000000000000000000033000000000000000000000000000000000000000
0000000000000000000000000000000000000003300000000000011000000000000000003302200000000000000000330000000000000000000000033000000000000000000000000000000000000000
0000000000000000000000000000000000000033300000000000011100000000000000003302200000000000000000000000000000000000000000033000000000000000000000000000000000000000
0000000000000000000000000000000000000033000000000000001100000000000000000000000000000000000000000330000000000000000000033000000000000000000000000000000000000000
0000000000000000000000000000000000000000000000000000000000000000000000000330000000000000000000000330000000000000000000000330000000000000000000000000000000000000
0000000000000000000000000000000000000033000000000000110000000000000000000330000000000000000000000033000000000000033000000330000000000000000000000000000000000000
0000000000000000000000000000000000000033000000000001110000000000000000002203300000000000000000000033300000000000033000000330000000000000000000000000000000000000
0000000000000000000000000000000000000000000000000001100000000000000000022203300000000000000000000003333000000000000000000033000000000000000000000000000000000000
0000000000000000000000000000000000000033000000000001100000000000000000022000000000000000000000000000033000000000000000000033000000000000000000000000000000000000
0000000000000000000000000000000000000033000000000001100000000000000000022000033000000000000000000000000000000000000000000000000000000000000000000000000000000000
0000000000000000000000000000000000000033000000011001100000000000000000022000033000000000000000000000000000000000000000000000330000000000000000000000000000000000
0000000000000000000000000000000000000033000000011001100000000000000000022000033000000000000000000000003300000000000000000000330000000000000000000000000000000000
0000000000000000000000000000000000000000000000000110000000000000000000022000003300000000000000000000003300000000000000000000000000000000000000000000000000000000
0000000000000000000000000000000000000033000000000110000000000000000000022000003300000000000000000000003300000000000330000000003300000000000000000000000000000000
0000000000000000000000000000000000000033000000000110000000000000000000002220003300000000000000000000003300000000000330000000003300000000000000000000000000000000
0000000000000000000000000000000000000033300000001100000000000000000000002220000000000000000000000000033000000000000000000000000330000000000000000000000000000000
0000000000000000000000000000000000000033300011001100000000000000000000000222220000000000000000000000033000000000000000000000000330000000000000000000000000000000
0000000000000000000000000000000000000003300011001100000000000000000000000222222222222220222200000000000000000000000000000000000330000000000000000000000000000000
0000000000000000000000000000000000000003300000001100000000000000000000000000222222222220222200220033000000000000000033000000000000000000000000000000000000000000
0000000000000000000000000000000000000003300000001100000000000000000000000000000000000000000000220022000000000000000033000000000000330000000000000000000000000000
0000000000000000000000000000000000000000330011001100000000000000000000000000000000000000000003300022000000000000000000000000000000330000000000000000000000000000
0000000000000000000000000000000000000000330311300000000000000000000000000000000000000000000003300002200000000000000033000000000000000000000000000000000000000000
0000000000000000000000000000000000000000000333333333330033333330000000000000000000000003300000000002200000000000000033000000000000033000000000000000000000000000
0000000000000000000000000000000000000000000000333333330033333333333333333330033033000003300000000000220000000000000000000000000000033000000000000000000000000000
0000000000000000000000000000000000000000000000000000000000000033333333333330033033000000000000000000220000000000000033000000000000000000000000000000000000000000
0000000000000000000000000000000000000000000000000000000000000000000000000000000000000000000000000000222000000000000033000000000000003300000000000000000000000000
0000000000000000000000000000000000000000000001111000000000000000000000000000000000000000000000000000022200000000000033000000000000003300000000000000000000000000
0000000000000000000000000000000000000000000001111000000000000000000000000000000000000000000000000000002220000000000033000000000000000000000000000000000000000000
0000000000000000000000000000000000000000000000011000000000000000000000000000000000000000000000000000000222000000000000000000000000000330000000000000000000000000
0000000000000000000000000000000000000000000000111000000000000000000000000000000000000000000000000000000222022000000000000000000000000330000000000000000000000000
0000000000000000000000000000000000000000000000111100000000000000000000000000000000000000000000000000000000022000000000000000000000000000000000000000000000000000
0000000000000000000000000000000000000000000000111100000000000000000000000000000000000000000000000000000000002200000000000000000000000330000000000000000000000000
0000000000000000000000000000000000000000000000000000000000000000000000000000000000000000000000000000000000002222000000000000000000000330000000000000000000000000
0000000000000000000000000000000000000000000000000000000000000000000000000000000000000000000000000000000000000022200000000000000000000330000000000000000000000000
0000000000000000000000000000000000000000000000000000000000000000000000000000000000000000000000000000000000000002222000000000000000000330000000000000000000000000
0000000000000000000000000000000000000000000000000000000000000000000000000000000000000000000000000000000000000000222222222200000000000330000000000000000000000000
0000000000000000000000000000000000000000000000000000000000000000000000000000000000000000000000000000000000000000002222222222222000000330000000000000000000000000
0000000000000000000000000000000000000000000000000000000000000000000000000000000000000000000000000000000000000000000000000222222200000330000000000000000000000000
0000000000000000000000000000000000000000000000000000000000000000000000000000000000000000000000000000000000000000000000000000002200000330000000000000000000000000
0000000000000000000000000000000000000000000000000000000000000000000000000000000000000000000000000000000000000000000000000000000000000330000000000000000000000000
0000000000000000000000000000000000000000000000000000000000000000000000000000000000000000000000000000000000000000000000000000000000000330000000000000000000000000
0000000000000000000000000000000000000000000000000000000000000000000000000000000000000000000000000000000000000000000000000000000000000000000000000000000000000000
0000000000000000000000000000000000000000000000000000000000000000000000000000000000000000000000000000000000000000000000000000000000000000000000000000000000000000
0000000000000000000000000000000000000000000000000000000000000000000000000000000000000000000000000000000000000000000000000000000000000000000000000000000000000000
0000000000000000000000000000000000000000000000000000000000000000000000000000000000000000000000000000000000000000000000000000000000000000000000000000000000000000
0000000000000000000000000000000000000000000000000000000000000000000000000000000000000000000000000000000000000000000000000000000000000000000000000000000000000000
0000000000000000000000000000000000000000000000000000000000000000000000000000000000000000000000000000000000000000000000000000000000000000000000000000000000000000
0000000000000000000000000000000000000000000000000000000000000000000000000000000000000000000000000000000000000000000000000000000000000000000000000000000000000000
0000000000000000000000000000000000000000000000000000000000000000000000000000000000000000000000000000000000000000000000000000000000000000000000000000000000000000
0000000000000000000000000000000000000000000000000000000000000000000000000000000000000000000000000000000000000000000000000000000000000000000000000000000000000000
0000000000000000000000000000000000000000000000000000000000000000000000000000000000000000000000000000000000000000000000000000000000000000000000000000000000000000
0000000000000000000000000000000000000000000000000000000000000000000000000000000000000000000000000000000000000000000000000000000000000000000000000000000000000000
