0000000000000000000000000000000000000000000000000000000000000000000000000000000000000000000000000000000000000000000000000000000000000000000000000000000000000000
0000000000000000000000000000000000000000000000000000000000000000000000000000000000000000000000000000000000000000000000000000000000000000000000000000000000000000
0000000000000000000000000000000000000000000000000000000000000000000000000000000000000000000000000000000000000000000000000000000000000000000000000000000000000000
0000000000000000000000000000000000000000000000000000000000000000000000000000000000000000000000000000000000000000000000000000000000000000000000000000000000000000
0000000000000000000000000000000000000000000000000000000000000000000000000000000000000000000000000000000000000000000000000000000000000000000000000000000000000000
0000000000000000000000000000000000000000000000000000000000000000000000000000000000000000000000000000000000000000000000000000000000000000000000000000000000000000
0000000000000000000000000000000000000000000000000000000000000000000000000000000000000000000000000000000000000000000000000000000000000000000000000000000000000000
0000000000000000000000000000000000000000000000000000000000000000000000000000000000000000000000000000000000000000000000000000000000000000000000000000000000000000
0000000000000000000000000000000000000000000000000000000000000000000000000000000000000000000000000000000000000000000000000000000000000000000000000000000000000000
0000000000000000000000000000000000000000000000000000000000000000000000000000000000000000000000000000000000000000000000000000000000000000000000000000000000000000
0000000000000000000000000000000000000000000000000000000000000000000000000000000000000000000000000000000000000000000000000000000000000000000000000000000000000000
0000000000000000000000000000000000000000000000000000000000000000000000000000000000000000000000000000000000000000000000000000000000000000000000000000000000000000
0000000000000000000000000000000000000000000000000000000000000000000000000000000000000000000000000000000000000000000000000000000000000000000000000000000000000000
0000000000000000000000000000000000000000000000000000000000000000000000000000000000000000000000000000000000000000000000000000000000000000000000000000000000000000
0000000000000000000000000000000000000000000000000000000000000000000000000000000000000000000000000000000000000000000000000000000000000000000000000000000000000000
0000000000000000000000000000000000000000000000000000000000000000000000000000000000000000000000000000000000000000000000000000000000000000000000000000000000000000
0000000000000000000000000000000000000000000000000000000000000000000000000000000000000000000000000000000000000000000000000000000000000000000000000000000000000000
0000000000000000000000000000000000000000000000000000000000000000000000000000000000000000000000000000000000000000000000000000000000000000000000000000000000000000
0000000000000000000000000000000000000000000000000000000000000000000000000000000000000000000000000000000000000000000000000000000000000000000000000000000000000000
0000000000000000000000000000000000000000000000000000000000000000000000000000000000000000000000000000000000000000000000000000000000000000000000000000000000000000
0000000000000000000000000000000000000000000000000000000000000000000000000000000000000000000000000000000000000000000000000000000000000000000000000000000000000000
0000000000000000000000000000000000000000000000000000000000000000000000000000000000000000000000000000000000000000000000000000000000000000000000000000000000000000
0000000000000000000000000000000000000000000000000000000000000000000000000000000000000000000000000000000000000000000000000000000000000000000000000000000000000000
0000000000000000000000000000000000000000000000000000000000000000000000000000000000000000000000000000000000000000000000000000000000000000000000000000000000000000
0000000000000000000000000000000000000000000000000000000000000000000000000000000000000000000000000000000000000000000000000000000000000000000000000000000000000000
0000000000000000000000000000000000000000000000000000000000000000000000000000000000000000000000000000000000000000000000000000000000000000000000000000000000000000
0000000000000000000000000000000000000000000000000000000000000000000000000000000000000000000000002200000002200000002220000000000000000000000000000000000000000000
0000000000000000000000000000000000000000000000000000000000000000000000000000000000000000022000002200000002200000002220000000000000000000000000000000000000000000
0000000000000000000000000000000000000000000000000000000000000000000000000000000000000000022000000000000000000000000002200000000000000000000000000000000000000000
0000000000000000000000000000000000000000000000000000000000000000000000000000000000000000000000000000000000000000000002200000000000000000000000000000000000000000
0000000000000000000000000000000000000000000000000000000000000000000000000000000000220000000000000000000000000000000000000000000000000000000000000000000000000000
0000000000000000000000000000000000000000000000000000000000000000000000000000000000220000000000000000000000000000000000000000000000000000000000000000000000000000
0000000000000000000000000000000000000000000000000000000000000000000000000000000000000000000000000000000000000000000000000000000000000000000000000000000000000000
0000000000000000000000000000000000000000000000000000000000000000000000000000022000000000000000000000000000000000000000000000000000000000000000000000000000000000
0000000000000000000000000000000000000000000000000000000000000000000000000000022000000000000000000000000000000000000000000000000000000000000000000000000000000000
0000000000000000000000000000000000000000000000000000000000000000000000000000000000000000000000000000000000000000000000000000000000000000000000000000000000000000
0000000000000000000000000000000000000000000000000000000000000000000000000000000000000000000000000000000000000000000000000000000000000000000000000000000000000000
0000000000000000000000000000000000000000000000000000000000000000000000000000000000000000000000000000000000000000000000000002200000000000000000000000000000000000
0000000000000000000000000000000000000000000000000000000000000000000000000000000000000000000000000000000000000000000000000002200000000000000000000000000000000000
0000000000000000000000000000000000000000000000000000000000000000000000002200000000000000000000000000000000000000000000000000000000000000000000000000000000000000
0000000000000000000000000000000000000000000000000000000000000000000000002200000000000000000000000000000000000000000000000000000000000000000000000000000000000000
0000000000000000000000000000000000000000000000000000000000000000000000000000000000000000000000000000000000000000000000000000000000000000000000000000000000000000
0000000000000000000000000000000000000000000000000000000000000000000002200000000000000000000000000000000000000000000000000000000000000000000000000000000000000000
0000000000000000000000000000000000000000000000000000000000000000000002200000000000000000000000000000000000000000000000000000000000000000000000000000000000000000
0000000000000000000000000000000000000000000000000000000000000000000000000000000000000000000000000000000000000000000000000000000000000000000000000000000000000000
0000000000000000000000000000000000000000000000000000000000000000000000000000000000000000000000000000000000000000000000000000000000000000000000000000000000000000
0000000000000000000000000000000000000000000000000000000000000000222000000000000000000000000000000000000000000000000000000000000000000000000000000000000000000000
0000000000000000000000000000000000000000000000000000000000000000222000000000000000000000000000000000000000000000000000000000022200000000000000000000000000000000
0000000000000000000000000000000000000000000000000000000000000000220000000000000000000000000000000000000000000000000000000000022200000000000000000000000000000000
0000000000000000000000000000000000000000000000000000000000000000220000000000000000000000000000000000000000000000000000000000022200000000000000000000000000000000
0000000000000000000000000000000000000000000000000000000000000022000000000000000000000000000000000000000000000000000000000000000000000000000000000000000000000000
0000000000000000000000000000000000000000000000000000000000000022000000000000000000000000000000002200000000000000000000000000000000000000000000000000000000000000
0000000000000000000000000000000000000000000000000000000000000000000000000000000000000000000000002200000000000000000000000000000000000000000000000000000000000000
0000000000000000000000000000000000000000000000000000000000000000000000000000000000000000000000000000000000000000000000000000000000000000000000000000000000000000
0000000000000000000000000000000000000000000000000000000000002200000000000000000000000000000000000000000000000000000000000000002200000000000000000000000000000000
0000000000000000000000000000000000000000000000000000000000002200000220000000000000000000000000000000000000000000000000000000002200000000000000000000000000000000
0000000000000000000000000000000000000000000000000000000000000000000220000000000000000000000000000000000000000000000222000000000000000000000000000000000000000000
0000000000000000000000000000000000000000000000000000000000000000000000000000000000000000000000000000000000000000000222000000000000000000000000000000000000000000
0000000000000000000000000000000000000000000000000000000022000000000000000000000000000000000000022000000000000000000222000000000000000000000000000000000000000000
0000000000000000000000000000000000000000000000000000000022000000000000000000000000000000000000022000000000000000000000000000000000000000000000000000000000000000
0000000000000000000000000000000000000000000000000000000000000000000000000000000000000000000000000000000000000000000000000000000000000000000000000000000000000000
0000000000000000000000000000000000000000000000000000002200000000000000002200000000000000000000000000000000000000000000000000000000000000000000000000000000000000
0000000000000000000000000000000000000000000000000000002200000000000000002200000000000000000000000000000000000000000000000000000000000000000000000000000000000000
0000000000000000000000000000000000000000000000000000220000000000000000000000000000000000000000220000000000000000000000000000000000000000000000000000000000000000
0000000000000000000000000000000000000000000000000002220000000000000000000000000000000000000000220000000000000000000000000000000000000000000000000000000000000000
0000000000000000000000000000000000000000000000000002200000000000000000000000220000000000000000000000000000000000000000000000000000000000000000000000000000000000
0000000000000000000000000000000000000000000000000000000000000000000000000000220000000000000000000000000002220000000000000000220000000000000000000000000000000000
0000000000000000000000000000000000000000000000000220000000000000000000000000022000000000000000000000000002220000000000000000220000000000000000000000000000000000
0000000000000000000000000000000000000000000000022220000000000000000000000000022000000000000000000000000002220000000000000000000000000000000000000000000000000000
0000000000000000000000000000000000000000000000022200000000000000000000000000000000000000000000000000000000000000000000000000000000000000000000000000000000000000
0000000000000000000000000000000000000000000000220000000000000000000000000000000000000000000000000000000000000000000000000000000000000000000000000000000000000000
0000000000000000000000000000000000000000000000220000000000000000000000000000000000000000000000022200000000000000000000000000000000000000000000000000000000000000
0000000000000000000000000000000000000000000000220000000000000000000000000000000002200000000022222200000000000000000000000002200000000000000000000000000000000000
0000000000000000000000000000000000000000000022220000000000000000000000000000000002200000000022222200000000000000000000000002200000000000000000000000000000000000
0000000000000000000000000000000000000000000222200000000000000000000000000000000000000000000022220000000000000000000000000022000000000000000000000000000000000000
0000000000000000000000000000000000000000000220000000000000000000000000000000000000000022000000000000000000000000000000000222000000000000000000000000000000000000
0000000000000000000000000000000000000000022000000000000000000000000000000000000000000022200000000000000000000000000000002220000000000000000000000000000000000000
0000000000000000000000000000000000000000022000000000000000000000000000000000000000000002222222000000000000000000000000002200000000000000000000000000000000000000
0000000000000000000000000000002220022220000000000000000000000000000000000000022200000000222222222220022200000002200220000000000000000000000000000000000000000000
0000000000000000000000000000002220022220000000000000000000000000000000000000022200000000000002222220022200000002200220000000000000000000000000000000000000000000
0000000000000000000000000000000000000000000000000000000000000000000222000000022200000000000000000000000000000000000000000000000000000000000000000000000000000000
0000000000000000000000000000000000000000000000000000000000000000000222000000000000000000000000000000000000000000000000000000000000000000000000000000000000000000
0000000000000000000000000000000000000000000000000000000000000000000222000000000000000000000220000000000000000000000000000000000000000000000000000000000000000000
0000000000000000000000000000000000000000000000000000000000000222000000000000000000000000000220000000000000000000000000000000000000000000000000000000000000000000
0000000000000000000000000000000000000000000000000000000000000222000000000000000000000000000000000000000000000000000000000000000000000000000000000000000000000000
0000000000000000000000000000000000000000000000000000000000222222000000000000000000000000000000000000000000000000000000000000000000000000000000000000000000000000
0000000000000000000000000000000000000000000000000000000000222000000000000000000000000000000000000000000000000000000000000000000000000000000000000000000000000000
0000000000000000000000000000000000000000000000000000000222222000000000000000000000000000022000000000000000000000000000000000000000000000000000000000000000000000
0000000000000000000000000000000000000000000000000000000222000000000000000000000000000000022000000000000000000000000000000000000000000000000000000000000000000000
0000000000000000000000000000000000000000000000000000000222000000000000000000000000000000000000000000000000000000000000000000000000000000000000000000000000000000
0000000000000000000000000000000000000000000000000000000000000000000000000000000000000000000000000000000000000000000000000000000000000000000000000000000000000000
0000000000000000000000000000000000000000000000000002220000000000000000000000000000000000000000000000000000000000000000000000000000000000000000000000000000000000
0000000000000000000000000000000000000000000000000002220000000000000000000000000000000000000000000000000000000000000000000000003330000000000000000000000000000000
0000000000000000000000000000000000000000000000000002220000000000000000000000000000000220000000000000000000000000000000333033303333330000000000000000000000000000
0000000000000000000000000000000000000000000000000000000000000000000000000000000000000220000000000000000000000000000000333033303333330033300000000000000000000000
0000000000000000000000000000000000000000000000222000000000000000000000000000000000000000000000000000000000000000003330333033300003330033333300000000000000000000
0000000000000000000000000000000000000000000000222000000000000000000000000000000000220000000000000000333333333000003330000000000000000033333333300000000000000000
0000000000000000000000000000000000000000000000222000000000000000000000000000000000220000000000033300333333333330003330000000000000000000033333330000000000000000
0000000000000000000000000000000000000000002220000000000000000000000000000000000000000000000000033300333333333333300000000000000000000000000033330000000000000000
0000000000000000000000000000000000000000002220000000000000000000000000000000000000000000000000033300000000003333330000000000000000000000000003330000000000000000
0000000000000000000000000000000000000000002220000000000000000000000000000000000220000000000000000000000000000333330000000000000000000000000003330000000000000000
0000000000000000000000000000000000000000000000000000000000000000000000000000000220000000000000000000000000000333330000000000000000000000000003330000000000000000
0000000000000000000000000000000000000000000000000000000000000000000000000000022000000000000000000000000033300000333000000000000000000000000003330000000000000000
0000000000000000000000000000000000000000000000000000000000000000000002222222222222000000000000000000000333300000333000000000000000000000000003330000000000000000
0000000000000000000000000000000000000222000000000000000000000000002222222222222222200000000000000000000333300000333000000000000000000000000003330000000000000000
0000000000000000000000000000000000000222000000000000000000000002222222222222222222220000000000000000000333000000003330000000000000000000000003330000000000000000
0000000000000000000000000000000000022222000000000000000000000002222222200000000022220000000000000000000333000000003330000000000000000000000033330000000000000000
0000000000000000000000000000000000022220000000000000000000002222220000000000000002222000000000000000000033300000003330000000000000000000000033300000000000000000
0000000000000000000000000000000000022220022200000000000022202220000000000000000000222000000000000000000033333333330000000000000000000000000333300000000000000000
0000000000000000000000000000000000022200022200222000000022202220000000000000000000222000000000000000000033333333333330000000000000000000000333000000000000000000
0000000000000000000000000000000000000000022200222222222222200000000000000000000000000000000000000000000000333333333330000000000000000000000333000000000000000000
0000000000000000000000000000000000000000000000222222222200000000000000000000000000000000000000000000000000000000003330000000000000000000003330000000000000000000
0000000000000000000000000000000000000000000000002222222200000000000000000000000000022200000000000000000000000000000000000000000000000000003330000000000000000000
0000000000000000000000000000000000000000000000000000000000000000000000000000000000022200000000000000000000000000000000000000000000000000033330000000000000000000
0000000000000000000000000000000000000000000000000000000000000000000000000000000000022220000000000000000000000000000000000000000000000000033300000000000000000000
0000000000000000000000000000000000000000000000000000000000000000000000000000000000022220000000000000000000000000000000000000000000000000033300000000000000000000
0000000000000000000000000000000000000000000000000000000000000000000000000000000000002220000000000000000000000000000000000000000000000000000000000000000000000000
0000000000000000000000000000000000000000000000000000000000000000000000000000000000002220000000000000000000000000003330000000000000000000000000000000000000000000
0000000000000000000000000000000000000000000000000000000000000000000000000000000000000000000000000000000000000000003330000000000000033300000000000000000000000000
0000000000000000000000000000000000000000000000000000000000000000000000000000000000000000000000000000000000000000003330000000000000033300000000000000000000000000
0000000000000000000000000000000000000000000000000000000000000000000000000000000000000000000000000000000000000000000000000000000033333300000000000000000000000000
0000000000000000000000000000000000000000000000000000000000000000000000000000000000000000000000000000000000000000003330000000000033300000000000000000000000000000
0000000000000000000000000000000000000000000000000000000000000000000000000000000000000000000000000000000000000000003330000000333033300000000000000000000000000000
0000000000000000000000000000000000000000000000000000000000000000000000000000000000000000000000000000000000000000003333333333333000000000000000000000000000000000
0000000000000000000000000000000000000000000000000000000000000000000000000000000000000000000000000000000000000000000003333333333000000000000000000000000000000000
0000000000000000000000000000000000000000000000000000000000000000000000000000000000000000000000000000000000000000000003333333300000000000000000000000000000000000
0000000000000000000000000000000000000000000000000000000000000000000000000000000000000000000000000000000000000000000000000333000000000000000000000000000000000000
0000000000000000000000000000000000000000000000000000000000000000000000000000000000000000000000000000000000000000000000000000000000000000000000000000000000000000
