0000000000000000000000000000000000000000000000000000000000000000000000000000000000000000000000000000000000000000000000000000000000000000000000000000000000000000
0000000000000000000000000000000000000000000000000000000000000000000000000000000000000000000000000000000000000000000000000000000000000000000000000000000000000000
0000000000000000000000000000000000000000000000000000000000000000000000000000000000000000000000000000000000000000000000000000000000000000000000000000000000000000
0000000000000000000000000000000000000000000000000000000000000000000000000000000000000000000000000000000000000000000000000000000000000000000000000000000000000000
0000000000000000000000000000000000000000000000000000000000000000000000000000000000000000000000000000000000000000000000000000000000000000000000000000000000000000
0000000000000000000000000000000000000000000000000000000000000000000000000000000000000000000000000000000000000000000000000000000000000000000000000000000000000000
0000000000000000000000000000000000000000000000000000000000000000000000000000000000000000000000000000000000000000000000000000000000000000000000000000000000000000
0000000000000000000000000000000000000000000000000000000000000000000000000000000000000000000000000000000000000000000000000000000000000000000000000000000000000000
0000000000000000000000000000000000000000000000000000000000000000000000000000000000000000000000000000000000000000000000000000000000000000000000000000000000000000
0000000000000000000000000000000000000000000000000000000000000000000000000000000000000000000000000000000000000000000000000000000000000000000000000000000000000000
0000000000000000000000000000000000000000000000000000000000000000000000000000000000000000000000000000000000000000000000000000000000000000000000000000000000000000
0000000000000000000000000000000000000000000000000000000000000000000000000000000000000000000000000000000000000000000000000000000000000000000000000000000000000000
0000000000000000000000000000000000000000000000000000000000000000000000000000000000000000000000000000000000000000000000000000000000000000000000000000000000000000
0000000000000000000000000000000000000000000000000000000000000000000000000000000000000000000000000000000000000000000000000000000000000000000000000000000000000000
0000000000000000000000000000000000000000000000000000000000000000000000000000000000000000000000000000000000000000000000000000000000000000000000000000000000000000
0000000000000000000000000000000000000000000000000000000000000000000000000000000000000000000000000000000000000000000000000000000000000000000000000000000000000000
0000000000000000000000000000000000000000000000000000000000000000000000000000000000000000000000000000000000000000000000000000000000000000000000000000000000000000
0000000000000000000000000000000000000000000000000000000000000000000000000000000000000000000000000000000000000000000000000000000000000000000000000000000000000000
0000000000000000333333333333333000000000000000000000000000000000000000000000000000000000000000000000000000000000000000000000000000000000000000000000000000000000
0000000000000333333333333333333333000000000000000000000000000000000000000000000000000000000000000000000000000000000000000000000000000000000000000000000000000000
0000000000033333333333333333333333330000000000000000000000000000000000000000000000000000000000000000000000000000000000000000000000000000000000000000000000000000
0000000000333333330000000000033333330000000000000000000000000000000000000000000000000000000000000000000000000000000000000000000000000000000000000000000000000000
0000000000333333000000000000000033333000000000000000000000000000000000000000000000000000000000000000000000000000000000000000000000000000000000000000000000000000
0000000000333000000000000000000003333300000000000000000000000000000000000000000000000000000000000000000000000000000000000000000000000000000000000000000000000000
0000000000000000000000000000000000333330000000000000000000000000000000000000000000000000000000033333333333300000000000000000000000000000000000000000000000000000
0000000000000000000000000000000000333330000000000000000000000000000000000000000000000000000003333333333333333330000000000000000000000000000000000000000000000000
0000000000000000000000000000000000033333000000000000000000000000000000000000000000000000003333333333333333333333300000000000000000000000000000000000000000000000
0000000000000000000000000000000000003333000000000000000000000000000000000000000000000003333333330000000033333333300000000000000000000000000000000000000000000000
0000000000000000000000000000000000000333300000000000000000000000000000000000000000000003333330000000000000003333300000000000000000000000000000000000000000000000
0000000000000000000000000000000000000333300000000000000000000000000000000000000000000033333000000000000000000000000000000000000000000000000000000000000000000000
0000000000000000000000000000000000000033330000000000000000000000000000000000000000000333330000000000000000000000000000000000000000000000000000000000000000000000
0000000000000000000000000000000000000033333000000000000000000000000000000000000000000333300000000000000000000000000000000000000000000000000000000000000000000000
0000000000000000000000000000000000000003333000000000000000000000000000000000000000003333000000000000000000000000000000000000000000000000000000000000000000000000
0000000000000000000000000000000000000003333000000000000000000000000000000000000000003333000000000000000000000000000000000000000000000000000000000000000000000000
0000000000000000000000000000000000000000333000000000000000000000000000000000000000033330000000000000000000000000000000000000000000000000000000000000000000000000
0000000000000000000000000000000000000000333300000000000000000000000000000000000000033330000000000000000000000000000000000000000000000000000000000000000000000000
0000000000000000000000000000000000000000033300000000000000000000000000000000000000033300000000000000000000000000000000000000000000000000000000000000000000000000
0000000000000000000000000000000000000000033300000000000000000000000000000000000000333300000000000000000000000000000000000000000000000000000000000000000000000000
0000000000000000000000000000000000000000033330000000000000000000000000000000000000333000000000000000000000000000000000000000000000000000000000000000000000000000
0000000000000000000000000000000000000000033330000000000000000000000000000000000000333000000000000000000000000000000000000000000000000000000000000000000000000000
0000000000000000000000000000000000000000003333000000000000000000000000000000000000333000000000000000000000000000000000000000000000000000000000000000000000000000
0000000000000000000000000000000000000000003333000000000000000000000000000000000003333000000000000000000000000000000000000000000000000000000000000000000000000000
0000000000000000000000000000000000000000000333000000000000000000000000000000000003330000000000000000000000000000000000000000000000000000000000000000000000000000
0000000333300000000000000000000000000000000333000000000000000000000000000000000003330000000000000000000000000000000000000000000000000000000000000000000000000000
0000000333333333000000000000000000000000000333300000000000000000000000000000000003330000000000000000000000000000000000000000000000000000000000000000000000000033
0000000333333333333000000000000000000000000033330000000000000000000000000000000003330000000000000000000000000000000000000000000000000000000000000000000000000333
0000000003333333333333003330033303333033333333333333333330000000000000000000000003330000000000000000000000000000000000000000000000000000000000000000000000033333
0000003333000003333333003330033303333033333333333333333330333333300000000000000003330000000000000000000000000000000000000000000000000000000000000000000000033333
0000333333000000000333003333333333333333333333333333333333333333333333333333303333330000000000000000000000000000000000000000000000000000000000000000000033333333
0033333333033333333333333333333333333333333333333333333333333333333333333333303333333000000000000000000000000000000000000000000000000000000000000000003333330333
0033333333333333333333333333333333333333333333333333333333333333333333333333303333333333333000000000000000000000000000000000000000000000000000000000033333333333
0333333333333333333333333330000000000000000003333000000000000000333333333333333333333333333033333033300000000000000000000000000000000000000000000000333333333333
0333333333333300000000000000000000000000000000333000000000000000000000333333333333333333333333333033333333333303330033300000000000000000000000000003333333333330
3333033333300000000000000000000000000000000000333300000000000000000000000333333333333333333333333033333333333303330033333333333300000000000000033333333333330000
3333333333000000000000000000000000000000000000333300000000000000000000000000033333033333333333330000033333333303330033333333333333330000000000333333333333000000
3333333333000000000000000000000000000000000000033330000000000000000000000000033333000000003333333333333333333333333300333333333333333333333333333333333300000000
0003333333000000000000000000000000000000000000033330000000000000000000000000033330000000000000033333333333333333333333333333333333333333333333333330000000000000
0003333333000000000000000000000000000000000000033333000000000000000000000000333300000000000000033333333333333333333333333333333333333333333333330000000000000000
0003333330000000000000000000000000000000000000003333300000000000000000000033333300000000000000000000000000000000003333333333333000333333300000000000000000000000
0003333330000000000000000000000333330000000000003333300000000000000000000333333300000000000000000000000000000000000000000000000000333300000000000000000000000000
0000333330000000000000000033333333333000000000000333300000000000000033333333330000000000000000000000000000000000000000000000000000333300000000000000000000000000
0000333300000000000000000333333333333330000000000000000000000000000033333333300000000000000000000000000000000000000000000000000000033300000000000000000000000000
0000333300000000000000003333333333333333000000000000000000000000000033333330000000000000000000000000000000000000000000000000000000033300000000000000000000000000
0000333300000000000000003333333333333333300000000000000000000000000000000000000000000000000000000000000000000000000000000000000000033300000000000000000000000000
0000333300000000000000333333333333333333300000000000000000000000000000000000000000000000000000000000000000000000000000000000000000033300000000000000000000000000
0000333300000000000000333333333033333333330000000000000000000000000000000000000000000000000000000000000000000000000000000000000000033300000000000000000000000000
0000033300000000000000333333333333333333333330000000000000000000000000000000000000000000000000000000000000000000000000000000000000033300000000000000000000000000
0000033300000000000000333333333333333333333330000000000000000000000000000000000000000000000000000000000000000000000000000000000000033300000000000000000000000000
0000033300000000000000333333333333333333333330000000000000000000000000000000000000000000000000000000000000000000000000000000000000033330000000000000000000000000
0000033300000000000000333333333333333333333330000000000000000000000000000000000000000000000000000000000000000000000000000000000000003330000000000000000000000000
0000033300000000000000333333333333333333333330000000000000000000000000000000000000000000000000000000000000000000000000000000000000003330000000000000000000000000
3330033330000000000000333333333333333333333300000000000000000000000000000000000000000000000000003333333000000000000000000000000000003330000000000000000000000000
3330033330000000000000003333333333333333333300000000000000000000000000000000000000000033333333333333333333000000000000000000000000003330000000000000000000000000
3330033330000000000000003333333333333333333300000000000000000000000000000000000000003333333333333333333333000000000000000000000000003330000000000000000000000000
3330033333000000000000003333333333333333333300000000000000033333333330000000000000033333333333333333333333000000000000000000000000003330000000000000000000000000
3333003333000000000000003333333333333333333000000000000000333333333330333330000000033333333333333333333333000000000000000000000000003330000000000000000000000000
3333003333000000000000000333333333333333333000000000000000333333333330333330000000033333333333333333333333000000000000000000000000003330000000000000000000000000
0333000333000000000000000033333333333333300000000000000003333300000000333330000000033303333333333333333333000000000000000000000000003330000000000000000000000000
0333300000000000000000000000333333333330000000000000000003333000000000003330000000033303333333333333333333000000000000000000000000003330000000000000000000000000
0333300000000000000000000000003333333000000000000000000003333000000000003330000000033303333333333333333333000000000000000000000000003330000000000000000000000000
0033300000000000000000000000000000000000000000000000000003333000000000003333000000033303333333333333333333000000000000000000000000003330000000000000000000000000
0033300000000000000000000000000000000000000000000000000000333000000000000333000000033333333333333333333333000000000000000000000000003330000000000000000000000000
0033300000000000000000000000000000000000000000000000000333333000000000000333000000033333333333333333333333000000000000000000000000003330000000000000000000000000
0003330000000000000000000000000000000000000000000000000333333000000000000333300000033333333333333333333333000000000000000000000000033330000000000000000000000000
0003330000000000000000000000000000000000000000000000033333300000000000000333330000000333333333333333333333000000000000000000000000033330000000000000000000000000
0003333000000000000000000000000000000000000000000003333300000000000000000033330000000033333333333333333333000000000000000000000000033330000000000000000000000000
0000333000000000000000000000000000000000000000000333333300000000000000000003330000000000033333333333333330000000000000000000000000033300000000000000000000000000
0000333300000000000000000000000000000000000000333333330000000000000000000003333000000000000003333333300000000000000000000000000000033300000000000000000000000000
0000033300000000000000000000000000000000000000333333000000000000000000000000333000000000000000000000000000000000000000000000000000033300000000000000000000000000
0000033333000000000000000000000000000000000333333000000000000000000000000000333330000000000000000000000000000000000000000000000000033300000000000000000000000000
0000003333300000000000000000000000000003333333333000000000000000000000000000033333300000000000000000000000000000000000000000000000333300000000000000000000000000
0000003333330000000000000000000000333333333333330000000000000000000000000000033333333000000000000000000000000000000000000000000000333000000000000000000000000000
0000000033333333000000000000000333333333333330000000000000000000000000000000000033333000000000000000000000000000000000000000000003333000000000000000000000000000
0000000003333333333333333333333333333333300000000000000000000000000000000000000033333330000000000000000000000000000000000000000003330000000000000000000000000000
0000000000003333333333333333333333000033330000000000000000000000000000000000000000333333330000000000000000000000000000000000000033330000000000000000000000000000
0000000000000333333333333333333000000033330000000000000000000000000000000000000000033333333333333000000000000000000000000000000033330000000000000000000000000000
0000000000000000000000000000000000003333330000000000000000000000000000000000000000033333333333333333000000000000000000000000003333300000000000000000000000000000
0000000000000000000000000000000000003333300000000000000000000000000000000000000000033333333333333333330000000000000000000000033333300000000000000000000000000000
0000000000000000000000000000000000003333000000000000000000000000000000000000000000000000333000333333333000000000000033333333333333300000000000000000000000000000
0000000000000000000000000000000000003330000000000000000000000000000000000000000000000000333300000033333333333333333333333333333300000000000000000000000000000000
0000000000000000000000000000000000033330000000000000000000000000000000000000000000000000333300000000333333333333333333333333330000000000000000000000000000000000
0000000000000000000000000000000000033330000000000000000000000000000000000000000000000000033300000000003333333333333330000000000000000000000000000000000000000000
0000000000000000000000000000000000033300000000000000000000000000000000000000000000000000033330000000000000000000000000000000000000000000000000000000000000000000
0000000000000000000000000000000000033300000000000000000000000000000000000000000000000000033330000000000000000000000000000000000000000000000000000000000000000000
0000000000000000000000000000000000033300000000000000000000000000000000000000000000000000033333000000000000000000000000000000000000000000000000000000000000000000
0000000000000000000000000000000000033300000000000000000000000000000000000000000000000000003333300000000000000000000000000000000000000000000000000000000000000000
0000000000000000000000000000000000033333000000000000033300000000000000000000000000000000003333300000000000000000000000000000000000000000000000000000000000000000
0000000000000000000000000000000000033333000000000000033330000000000000000000000000000000033333330000000000000000000000000000000000000000000000000000000000000000
0000000000000000000000000000000000003333330000000000033333300000000000000000000000000000033333330000000000000000000000000000000000000000000000000000000000000000
0000000000000000000000000000000000000333333330000000003333330000000000000000000000000000333333330000000000000000000000000000000000000000000000000000000000000000
0000000000000000000000000000000000000333333330000000000333333000000000000000000000000000333303330000000000000000000000000000000000000000000000000000000000000000
0000000000000000000000000000000000000003333330000000000003333300000000000000000000000003333003330000000000000000000000000000000000000000000000000000000000000000
0000000000000000000000000000000000000000000000000000000000333333000000000000000000000003333003330000000000000000000000000000000000000000000000000000000000000000
0000000000000000000000000000000000000000000000000000000000033333333333000000000000000033330033330000000000000000000000000000000000000000000000000000000000000000
0000000000000000000000000000000000000000000000000000000000003333333333300000000000000333333333330000000000000000000000000000000000000000000000000000000000000000
0000000000000000000000000000000000000000000000000000000000000003333333333300000003333333333333300000000000000000000000000000000000000000000000000000000000000000
0000000000000000000000000000000000000000000000000000000000000000000333333333333333333333333333000000000000000000000000000000000000000000000000000000000000000000
0000000000000000000000000000000000000000000000000000000000000000000003333333333333333333333300000000000000000000000000000000000000000000000000000000000000000000
0000000000000000000000000000000000000000000000000000000000000000000000003333333333333300000000000000000000000000000000000000000000000000000000000000000000000000
0000000000000000000000000000000000000000000000000000000000000000000000000000000000000000000000000000000000000000000000000000000000000000000000000000000000000000
0000000000000000000000000000000000000000000000000000000000000000000000000000000000000000000000000000000000000000000000000000000000000000000000000000000000000000
0000000000000000000000000000000000000000000000000000000000000000000000000000000000000000000000000000000000000000000000000000000000000000000000000000000000000000
0000000000000000000000000000000000000000000000000000000000000000000000000000000000000000000000000000000000000000000000000000000000000000000000000000000000000000
0000000000000000000000000000000000000000000000000000000000000000000000000000000000000000000000000000000000000000000000000000000000000000000000000000000000000000
0000000000000000000000000000000000000000000000000000000000000000000000000000000000000000000000000000000000000000000000000000000000000000000000000000000000000000
0000000000000000000000000000000000000000000000000000000000000000000000000000000000000000000000000000000000000000000000000000000000000000000000000000000000000000
0000000000000000000000000000000000000000000000000000000000000000000000000000000000000000000000000000000000000000000000000000000000000000000000000000000000000000
0000000000000000000000000000000000000000000000000000000000000000000000000000000000000000000000000000000000000000000000000000000000000000000000000000000000000000
