0000000000000000000000000000000000000000000000000000000000000000000000000000000000000000000000000000000000000000000000000000000000000000000000000000000000000000
0000000000000000000000000000000000000000000000000000000000000000000000000000000000000000000000000000000000000000000000000000000000000000000000000000000000000000
0000000000000000000000000000000000000000000000000000000000000000000000000000000000000000000000000000000000000000000000000000000000000000000000000000000000000000
0000000000000000000000000000000000000000000000000000000000000000000000000000000000000000000000000000000000000000000000000000000000000000000000000000000000000000
0000000000000000000000000000000000000000000000000000000000000000000000000000000000000000000000000000000000000000000000000000000000000000000000000000000000000000
0000000000000000000000000000000000000000000000000000000000000000000000000000000000000000000000000000000000000000000000000000000000000000000000000000000000000000
0000000000000000000000000000000000000000000000000000000000000000000000000000000000000000000000000000000000000000000000000000000000000000000000000000000000000000
0000000000000000000000000000000000000000000000000000000000000000000000000000000000000000000000000000000000000000000000000000000000000000000000000000000000000000
0000000000000000000000000000000000000000000000000000000000000000000000000000000000000000000000000000000000000000000000000000000000000000000000000000000000000000
0000000000000000000000000000000000000000000000000000000000000000000000000000000000000000000000000000000000000000000000000000000000000000000000000000000000000000
0000000000000000000000000000000000000000000000000000000000000000000000000000000000000000000000000000000000000000000000000000000000000000000000000000000000000000
0000000000000000000000000000000000000000000000000000000000000000000000000000000000000000000000000000000000000000000000000000000000000000000000000000000000000000
0000000000000000000000000000000000000000000000000000000000000000000000000000000000000000000000000000000000000000000000000000000000000000000000000000000000000000
0000000000000000000000000000000000000000000000000000000000000000000000000000000000000000000000000000000000000000000000000000000000000000000000000000000000000000
0000000000000000000000000000000000000000000000000000000000000000000000000000000000000000000000000000000000000000000000000000000000000000000000000000000000000000
0000000000000000000000000000000000000000000000000000000000000000000000000000000000000000000000000000000000000000000000000000000000000000000000000000000000000000
0000000000000000000000000000000000000000000000000000000000000000000000000000000000000000000000000000000000000000000000000000000000000000000000000000000000000000
0000000000000000000000000000000000000000000000000000000000000000000000000000000000000000000000000000000000000000000000000000000000000000000000000000000000000000
0000000000000000000000000000000000000000000000000000000000000000000000000000000000000000000000000000000000000000000000000000000000000000000000000000000000000000
0000000000000000000000000000000000000000000000000000000000000000000000000000000000000000000000000000000000000000000000000000000000000000000000000000000000000000
0000000000000000000000000000000000000000000000000000000000000000000000000000000000000000000000000000000000000000000000000000000000000000000000000000000000000000
0000000000000000000000000000000000000000000000000000000000000000000000000000000000000000000000000000000000000000000000000000000000000000000000000000000000000000
0000000000000000000000000000000000000000000000000000000000000000000000000000000000000000000000000000000000000000000000000000000000000000000000000000000000000000
0000000000000000000000000000000000000000000000000000000000000000000000000003333330000000000000000000000000000000000000000000000000000000000000000000000000000000
0000000000000000000000000000000000000000000000000000000000000000000000000003333330000000000000000000000000000000000000000000000000000000000000000000000000000000
0000000000000000000000000000000000000000000000000000000003333333000000000003333330000000000000000000000000000000000000000000000000000000000000000000000000000000
0000000000000000000000000000000000000000000000000000000003333333000000000003333333000000000000000000000000000000000000000000000000000000000000000000000000000000
0000000000000000000000000000000000000000000000000000000003333333000000000003333333000000000000000000000000000000000000000000000000000000000000000000000000000000
0000000000000000000000000000000000000000000000000000000000000000000000000003333333000000000000000000000000000000000000000000000000000000000000000000000000000000
0000000000000000000000000000000000000000000000000000000000000000000000000003333333000000000000000000000000000000000000000000000000000000000000000000000000000000
0000000000000000000000000000000033333333000000000000000000000000000000000003333333000000000000000000000000000000000000000000000000000000000000000000000000000000
0000000000000000000000000003333333333333330000000000000000000000000000000000000000000000000000000000000000000000000000000000000000000000000000000000000000000000
0000000000000000000000000003333333333333333300000000000000000000000000000000000000000000000000000000000000000000000000000000000000000000000000000000000000000000
0000000000000000000000000003333300000033333300000000000000000000000000000000000000000000000000000000000000000000000000000000000000000000000000000000000000000000
0000000000000000000000000000033300000000333330000000000000000333330000000000000000000000000000000330000000000000000000000000000000000000000000000000000000000000
0000000000000000000000000000033300000000033330000000000000000333333330000000000000000000000000000330000000000000000000000000000000000000000000000000000000000000
0000000000000000000000000000033300000000003333000000000000333333333333000000000000000000000000003330000000000000000333300000000000000000000000000000000000000000
0000000000000000000000000000033300000000003333000000000000333000333333300000000000000000000000033333333300000000003333300000000000000000000000003330000000000000
0000000000000000000000000000033300000000000333000000000000333000000333300000000000000000000000033333333300000000033333300000000000000000000000003330000000000000
0000000000000000000000000000033300000000000333000000000000333000000033300000000000000000000000333333333333000000033333330000000000000000000000003330000000000000
0000000000000000000000000000033300000000000333000000000000333000000033330000000000000000000000333003333333300000033333330000000000000000000000003333000000000000
0000000000000000000000000000033300000000000333000000000000333000000003333000000000000000000000333003333333300000333303330000000000000000000022203333000000000000
0000000000000000000000000000033300000000000333000000000000333000000003333000000000000000000000333300333333300000333303330000000000000000011122200333000000000000
0000000000000000000000000000033300000000000333000000000000333000000000333000000000000000000000333300333333300003333003330000000000000000011122200333000000000000
0000000000000000000000000000033300000333333333000000000000333000000000333000000000000000000000333300033333300003333003330000000000000000011122200333000000000000
0000000000000000000000000000033300000333333333000000000000333000000000333300000000000000000000333000033333300033330003330000000000000000011122200333300000000000
0000000000000000000000000000333300000333333333330000000000333000000000333300000000000000000000333000033333300333330003330000000000000000011122220333300000000000
0000000000000000000000000000333000000000033333333300000000333000000000033300000000000000000000333000033333300333330003330000000000000000011102220033300000000000
0000000000000000000000000000333000000000000033333300000000333000000000033300000000000000000000333000033333333333000003330000000000000000011112222033300000000000
0000000000000000000000000003333000000000000003333300000003333000000000033300000000000000000000333000003333333333000003330000000000000000011110222033300000000000
0000000000000000000000003333330000000000000000033300000003333000000000033300000000000000000000333000000033333300000003330000000000000000001110222033300000000000
0000000000000000000000003333330000000000000000033300000003330000000000033300000000000000000003330000000000000000000003330000000000000000001110022233300000000000
0000000000000000000000003333330000000000000000033300000003330033333333033300000000000000000003330000000000000000000003330000000000000000001110022233300000000000
0000000000000000000000003333330000000000000000033300000003330033333333333300000000000000000003330000000000000000000003330000000000000000001110022222300000000000
0000000000000000000000003333330000000000000000333000000003330033333333333330000000000000000003330000000000000000000003330000000000000000001110002222300000000000
0000000000000000000000003330000000000000000000333000000003330000000033333330000000000000000003330000000000000000000003330000000000000000001111002222300000000000
0000000000000000000000003333000000000000000000333000000003330000000003333330000000000000000033330000000000000000000033330000000000000000001111000222200000000000
0000000000000000000000003333000000000000000003333000000003330000000000033300000000000000000033330000000000000000000033330000000000000000000111110022220000000000
0000000000000000000000000333330000000000000003330000000003330000000000033300000000000000000033300000000000000000000033300000000000000000000111111022220000000000
0000000000000000000000000033333000000000000033330000000003330000000000033300000000000000000033300000000000000000000033300000000000000000000011111132220000000000
0000000000000000000000000033333000000000000033330000000003330000000000033300000000000000000033300000000000000000000033300000000000000000000001111132222000000000
0000000000000000000000000000333300000000000333330000000003330000000000033300000000000000000033300000000000000000000033300000000000000000000000111132222000000000
0000000000000000000000000000333330000000003333000000000003330000000000033300000000000000000033300000000000000000000033300000000000000000000000011132222200000000
0000000000000000000000000000033330000000033333000000000003330000000000033300000000000000000033300000000000000000000033300000000000000000000000011133222200000000
0000000000000000000000000000003333000003333330000000000003330000000000033300000000000000000033300000000000000000000033300000000000000000000000011133022200000000
0000000000000000000000000000003333033333333330000000000000000000000000033300000000000000000033300000000000000000000033300000000000000000000000111133022200000000
0000000000000000000000000000003333033333333000000000000000000000000000033300000000000000000033300000000000000000000033300000000000000000000001111130022200000000
0000000000000000000000000000000000033333300000000000000000000000000000033300000000000000000033300000000000000000000033300000000000000000000011111330022200000000
0000000000000000000000000000000000000000000000000000000000000000000000000000000000000000000000000000000000000000000033300000000000000000000011113330000000000000
0000000000000000000000000000000000000000000000000000000000000000000000000000000000000000000000000000000000000000000033300000000000000000000011113330000000000000
0000000000000000000000000000000000000000000000000000000000000000000000000000000000000000000000000000000000000000000033300000000000000000000011133330000000000000
0000000000000000000000000000000000000000000000000000000000000000000000000000000000000000000000000000000000000000000033300000000000000000000000033330000000000000
0000000000000000000000000000000000000000000000000000000000000000000000000000000000000000000000000000000000000000000000000000000000000000000000000000000000000000
0000000000000000000000000000000000000000000000000000000000000000000000000000000000000000000000000000000000000000000000000000000000000000000000000000000000000000
0000000000000000000000000000000000000000000000000000000000000000000000000000000000000000000000000000000000000000000000000000000000000000000000000000000000000000
0000000000000000000000000000000000000000000000000000000000000000000000000000000000000000000000000000000000000000000000000000000000000000000000000000000000000000
0000000000000000000000000000000000000000000000000000000000000000000000000000000003333330000000000000000000000000000000000000000000000000000000000000000000000000
0000000000000000000000000000000000000000000000000000000000000000000000000000000333333330000000000000000000000000000000000000000000000000000000000000000000000000
0000000000000000000000000000000000000000000000000000000000000000000000000000003333333330000000000000000000000000000000000000000000000000000000000000000000000000
0000000000000000000000000000000000000000000000000000000000000000000000000003333333330000000000000000000000000000000000000000000000000000000000333333000000000000
0000000000000000000000000000000000000000000000000000000000000000000000000003333330000000000000000000000000000000000000000000000000000000000000333333333330000000
0000000000000000000000000000000000000000000000000000000000000000000000000333333000000000000000000000000000000000000000000000000000000000000000333333333330000000
0000000000000000000000000000000000000000000000000000000000000000000000000333330000000000003333000000000000000000000000000000000000000000000000333033333330000000
0000000000000000000000000000000000000000000000000000000000000000000000003333000000000000003333300000000000000000000000000000000000000000000000333000003330000000
0000000000000000000000000000000000000000000000000000000000000000000000033333000000000000003333300000000000000000000000000000000000000000000000333300033330000000
0000000000000000000000000000000000000000000000000000000000000000000003333332222222220000003333300000000000000000000000000000000000000000000000333330333330000000
0000000000000000000000000000000000000000000000000000000000000000000003333322222222222000003333300000000000000000000000000000000000000000000000033333333333000000
0000000000000000000000000000000000000000000000000000000000000000000033333222222222222000033333300000000000000000000000000000000000000000000000033333333333000000
0000000000000000000000000000000000000000000000000000000000000000000033332220000002222000033333300000000000000000000000000000000000000000000000000333333333000000
0000000000000000000000000000000000000000000000000000000000000000000333322000000002222000033333300000000000000000000000000000000000000000000000000000000000000000
0000000000000000000000000000000000000000000000000000000000000000003333320000000002222000033333300000000000000000000000000000000000000000000000000000000000000000
0000000000000000000000000000000000000000000000000000000000000000003333220000000022220000033333300000000000000000000000000000000000000000000000000000000000000000
0000000000000000000000000000000000000000000000000000000000000000033332200000000222200000333333300000000000000000000000000000000000000000000000000000000000000000
0000000000000000000000000000000000000000000000000000000000000000333322200000002222200000333333300000000000000000000000000000000000000000000000000000000000000000
0000000000000000000000000000000000000000000000000000000000000000333322200000022222000000333333000000000000000000000000000000000000000000000000000000000000000000
0000000000002222222222222222200000000000000000000000000000000000333022200002222220000003333333000000000000000000000000000000000000000000000000000000000000000000
0000000000002222222222222222222220000000000000000000000000000000333022200022222200000003333333000000000000000000000000000000000000000000000000000000000000000000
0000000000002222222222222222222222220000000000000000000000000000333022202222220000000003333330000000000000000000000000000000000000000000000000000000000000000000
0000000000000000000000000002222222220222222000000000000000000000000022222222200000003333333000000000000000000000000000000000000000000000000000000000000000000000
0000000000000000000000000000000222220222222000000000000000000000000222222222222203333333333000000000000000000000000000000000000000000000000000000000000000000000
0000000000000000000000333333333330000222222022200222222222200000022222222222222223333333300000000000000000000000000000000000000000000000000000000000000000000000
0000000000000000000333333333333333330000000022200222222222200000022222200022222223333330000000000000000000000000000000000000000000000000222220222002220222222222
0000000000000000000333333333333333333333333333300222222222200000022200033300002220222222202220000000000000000000000000000000000002222222222220222002220222222222
0000000000000000000333333000000333333333333333333333300000000000000000033300000000222222202222022222222222222202220222222222222202222222222220222002220222222222
0000000000000000000000000000000000333333333333333333333333330033333333333300000000000022202222022222222222222202220222222222222202222222000000000000000000000000
0000000000000000000000000000000000000000000033333333333333330033333333333300000000033333333222022222222222222202220222222222222200000000000000000000000000000000
0000000000000000000000000000000000000000000000000003333333330033333333333300000000033333333033333000000000000000000000000000000000000000000003333333333333333333
0000000000000000000000000000000000000000000000000000000000000000000000000000000000033333333033333300000000000000000000000000000000033333333333333333333333333333
0000000000000000000000000000000000000000000000000000000000000000000000000000000000000000000033333330000000000000000000000000003333333333333333333333333333333333
0000000000000000000000000000000000000000000000000000000000000000000000000000000000000000000000033333300000000000000000000033333333333333333333300000000000000000
0000000000000000000000000000000000000000000000000000000000000000000000000000000000000000000000003333333330333330003333333333333333300000000000000000000000000000
0000000000000000000000000000000000000000000000000000000000000000000000000000000000000000000000000033333330333330003333333333330000000000000000000000000000000000
0000000000000000000000000000000000000000000000000000000000000003330033303333333333330000000000000000033330333330003333333330000000000000000000000000000000000000
0000000000000000000000000000000000000000000000000000000003333303330033303333333333333300000000000000000000000000000000000000000000000000000000000000000000000000
0000000000000000000000000000000000000000000000000000000333333303330033303333333333333333000000000000000000000000000000000000000000000000000000000000000000000000
0000000000000000000000000000000000000000000000000000000333333300000000000000000000033333000000000000000000000000000000000000000000000000000000000000000000000000
0000000000000000000000000000000000000000000000000000003333001110000000002220000000000333333000000000000000000000000000000000000000000000000000000000000000000000
0000000000000000000000000000000000000000000000000000003333001111000000002222200000000333333333330000000000000000000000000000000000000000000000000000000000000000
0000000000000000000000000000000000000000000000000000003330001111111110002222222200000033333333330000000000000000000000000000000000000000000000000000000000000000
0000000000000000000000000000000000000000000000000000003330000111111111110222222222200000033333330000000000000000000000000000000000000000000000000000000000000000
0000000000000000000000000000000000000000000000000000003330000000111111111022222222222200000000000000000000000000000000000000000000000000000000000000000000000000
0000000000000000000000000000000000000000000000000000003330000000000111111110002222222200000000000000000000000000000000000000000000000000000000000000000000000000
0000000000000000000000000000000000000000000000000000003330000000000000111111000002222200000000000000000000000000000000000000000000000000000000000000000000000000
0000000000000000000000000000000000000000000000000000003330000000000000011111100000000000000000000000000000000000000000000000000000000000000000000000000000000000
0000000000000000000000000000000000000000000000000000000000000000000000001111110000000000000000000000000000000000000000000000000000000000000000000000000000000000
0000000000000000000000000000000000000000000000000000000000000000000000000111110000000000000000000000000000000000000000000000000000000000000000000000000000000000
0000000000000000000000000000000000000000000000000000000000000000000000000011110000000000000000000000000000000000000000000000000000000000000000000000000000000000
0000000000000000000000000000000000000000000000000000000000000000000000000000000000000000000000000000000000000000000000000000000000000000000000000000000000000000
