2222222222222222222222222222222222222222222222222222222222222222222222222222222222222222222222222222222000000000000000000000000000000000000000000000000000000000
2222222222222222222222222222222222222222222222222222222222222222222222222222222222222222222222222222222000000000000000000000000000000000000000000000000000000000
2222222222222222222222222222222222222222222222222222222222222222222222222222222222222222222222222222222000000000000000000000000000000000000000000000000000000000
2222211111111111111111111111111111111111111111111222222222222222222222222222222222222222222222222222222000000000000000000000000000000000000000000000000000000000
2222211111111111111111111111111111111111111111111111111111111111111111111111111122222222222222222222222000000000000000000000000000000000000000000000000000000000
2222211111111111111111111111111111111111111111111111111111111111111111111111111111111111122222222222222000000000000000000000000000000000000000000000000000000000
2222211111111111111111111111111111111111111111111111111111111111111111111111111111111112222222222222222000000000000000000000000000000000000000000000000000000000
2222211111111111111111111111111111111111111111111111111111111111111111111111111111111112222222222222222000000000000000000000000000000000000000000000000000000000
2222211111111111111111111111111111111111111111111111111111111111111111111111111111111211222222222222222000000000000000000000000000000000000000000000000000000000
2222211111111111111111111111111111111111111111111111111111111111111111111111111111111111212222222222222000000000000000000000000000000000000000000000000000000000
2222211111111111111111111111111111111111111111111111111122111111111111111111111111111111112222222222222000000000000000000000000000000000000000000000000000000000
2222111111111111111111111111111111111111111111111111111122111111111111111111111111111111111122222222222000000000000000000000000000000000000000000000000000000000
2222111111111111111111111111111111111111111111111111111212111111111111111111111111111111111211111222222000000000000000000000000000000000000000000000000000000000
2222111111111111111111111111111111111111111111111111111111111111111111111111111111111111111111111222222000000000000000000000000000000000000000000000000000000000
2222111111111111111111111111111111111111111111111111111111111111111111111111111111111111111111112222222000000000000000000000000000000000000000000000000000000000
2222111111111111111111111111111111111111110111111111111111111111111111111111111111111111111111112222222000000000000000000000000000000000000000000000000000000000
2222111111111111111111111111111111111111111111111111111111111111111111111111111111111111111111111112222000000000000000000000000000000000000000000000000000000000
2222111111111111111111111111111111111211111111111111111111111111111111111111111111111111111111111122222000000000000000000000000000000000000000000000000000000000
2222111111111111111111111111111110112221111111111111111111111111111111111111111111111111111111111112222000000000000000000000000000000000000000000000000000000000
2222111111111111111111110111010000000111111111111111111111111111111111111111111111111111111111111122222000000000000000000000000000000000000000000000000000000000
2222111111111111111111011111111000000000011110111111111111111111111111111111111111111111111111111122222000000000000000000000000000000000000000000000000000000000
2222111111111111111111101110100100000000000011112222211111111111211111111111111111111111111111111112222000000000000000000000000000000000000000000000000000000000
2222111111111111111111000000000000000000000011222222222222111111211111111111111111111111111111111112222000000000000000000000000000000000000000000000000000000000
2222111111111111110000000000000000000000000012222222222222221111122111111111111111111111111111111112222000000000000000000000000000000000000000000000000000000000
2222111111111111110000000000000000000000001222222222222222221111111111111111121111111111111111111112222000000000000000000000000000000000000000000000000000000000
2222111111111111110000000000000000000000012222222222222222221111111111111111222211111111111111111112222000000000000000000000000000000000000000000000000000000000
2222111111111111010000000000000010000000022222222222222222221111111111111111221211111111111111111112222000000000000000000000000000000000000000000000000000000000
2222111111111111100000000000000000000000122222222222222222221111111111111111212111111111111111111112222000000000000000000000000000000000000000000000000000000000
2222111110011111000000000000000000000000222222222222222222221001111111111111111111111111111111111112222000000000000000000000000000000000000000000000000000000000
2222111111111111000000110000000000000001222222222222222222222000011111111111111111111111111111111112222000000000000000000000000000000000000000000000000000000000
2222111111111111100000111000000000000002222222222222222222222100011111111111111111111111111111111112222000000000000000000000000000000000000000000000000000000000
2222111111111001000000101000000000000002222222222222222222222101001011111111111111111111111111111112222000000000000000000000000000000000000000000000000000000000
2222111111111100000002121000000000000002222222222222222222222101001101111111111111111111111111111112222000000000000000000000000000000000000000000000000000000000
2222111110011000000000010000000000000002222222222222222222222111101111111111111111111111111111111111222000000000000000000000000000000000000000000000000000000000
2222111110010000000000000000000000000001222100111111111112222001100000111111111111111111111111111111222000000000000000000000000000000000000000000000000000000000
2222111110001000000000000000000000000001210000000000000122222000001000011111111111111111111111111111222000000000000000000000000000000000000000000000000000000000
2222111100000000000000000000000000000000200100000000000122221000101000011111111111122211111111111112222000000000000000000000000000000000000000000000000000000000
2222111100000000000000000000000000000000100000011000000222221000000111001111111111111211111111111111222000000000000000000000000000000000000000000000000000000000
2222111000000000000000000000000000000000000000000100000112220000000111000111111111222111111111111111222000000000000000000000000000000000000000000000000000000000
2222011000000000000000000000000000000000010000011100000002220000001211000011111111212111111111111111222000000000000000000000000000000000000000000000000000000000
2222000000000000000000000000000000000011010001000011111112210000001121000011111111111111111111111111222000000000000000000000000000000000000000000000000000000000
2222000000000000000000000000000000000011010000100001001111000000000000000000100011111111111111111111222000000000000000000000000000000000000000000000000000000000
2221000000000000000000000000000000000111000000000000100010000000000000000000011011111111111111111111222000000000000000000000000000000000000000000000000000000000
2221000000000000000000000110000000000011000000000000000110000000000000000000000011011111111111111111222000000000000000000000000000000000000000000000000000000000
2221000000000000000000000100000000000000010000000001001210000000000000000000000000111111111111111111222000000000000000000000000000000000000000000000000000000000
2221000000000000000000001010000000000000100000000000002222210000000000000000000000011111111111111111222000000000000000000000000000000000000000000000000000000000
2221000000000000000000000000000000000001200000011100022222222210000000000000000000010111111111111111222000000000000000000000000000000000000000000000000000000000
2221000000000000000000000000000000000122100000000000222222222222100000000000000000000111111111111111222000000000000000000000000000000000000000000000000000000000
2221000000000000000000000000000000112222100000000001222222222222220000000000000000110111111111111111222000000000000000000000000000000000000000000000000000000000
2221000000000000000000000000000012222222100010000112222222222222222000000000000000011100111111111111222000000000000000000000000000000000000000000000000000000000
2221000000000000000000000000001222222222200001000122222222222222222100000000000000011111111111111111222000000000000000000000000000000000000000000000000000000000
2221000000000000000000000000022222222222210000012222222222222222222200000000000000000111011111111111222000000000000000000000000000000000000000000000000000000000
2221000000000000000000000000121122222222222111222222222222222222222210000000000000000101011111111111222000000000000000000000000000000000000000000000000000000000
2221000000000000000000000000211122222222222222222222222222222222222210000000000000000011111111111111222000000000000000000000000000000000000000000000000000000000
2221000000000000000000000000221222112222222222222222222222222222222210000000000000000011111111111111222000000000000000000000000000000000000000000000000000000000
2221000000000000000000000000222221121122222222222222222222222222222210000000000000000001111111111111222000000000000000000000000000000000000000000000000000000000
2221000000000000000000000000221222111112222222222222222222222222222220000000000000000001111111111111222000000000000000000000000000000000000000000000000000000000
2221000000000000000000000000111211111112221111111222222222222222222220000000000000000001111111111111222000000000000000000000000000000000000000000000000000000000
2221000000000000000000000000211221111112111222221122222222222222222220000000000000000001110111111111222000000000000000000000000000000000000000000000000000000000
2221000000000000000000000000211111111122122211122211222222222212222221000000000000000001110111111111222000000000000000000000000000000000000000000000000000000000
2221000000000000000000000000211111111221210000001221122222222222222221000000000000000001000111111111222000000000000000000000000000000000000000000000000000000000
2221000000000000000000000000112221111212000000000012112222222222222222000000000000000001010111111111222000000000000000000000000000000000000000000000000000000000
2220000000000000000000000000211211111110000000000001212222222222222222000000000000000000101111111111222000000000000000000000000000000000000000000000000000000000
2220000000000000000000000001111111111110000000000000212222222222222222000000000000000000010111111111222000000000000000000000000000000000000000000000000000000000
2220000000000000000000000001110001121200000000000000121222222222222222100000000000000000011111111111222000000000000000000000000000000000000000000000000000000000
2220000000000000000000000001000000121111111111111111121222222222222222100000000000000000010111111111222000000000000000000000000000000000000000000000000000000000
2220000000000000000000000000000000000111222222222222221222222222222222100000000000000001011101111111222000000000000000000000000000000000000000000000000000000000
2220000000000000000000000000000000000011111111222122211222222222222222100000000000000000001111111111222000000000000000000000000000000000000000000000000000000000
2220000000000000000000100000000000111121111111212121212222222222222222200000000000000000010111111111222000000000000000000000000000000000000000000000000000000000
2220000000000000000000000000000000112221222221222222212222222222222222200000000000000000110111111111222000000000000000000000000000000000000000000000000000000000
2220000000000000000000000000000001111111122211222222212222222222222222200000000000000000000111111111222000000000000000000000000000000000000000000000000000000000
2220000000000000000000000000000000111121222211222222112222222222222222200000000000000000101111111111222000000000000000000000000000000000000000000000000000000000
2220000000000000000000000000000011211121122221222222122222222222222222200000000000000000000111111111222000000000000000000000000000000000000000000000000000000000
2220000000000000000000000000000012112121111111111212122222222222222222200000000000000000010011111111222000000000000000000000000000000000000000000000000000000000
2220000000000000000000001000000112112222112222221221222222222222222222200000000000000000011111111111222000000000000000000000000000000000000000000000000000000000
2220000000000000000000000000011222222122112222221212222222222222222222200000000000001010101111111111222000000000000000000000000000000000000000000000000000000000
2220000000000000000000000000122222222121212222221212222222222222222222100000000000001010111111111111222000000000000000000000000000000000000000000000000000000000
2220000000000000000000000001122222222221212222221212222222222222222222100000000000000110111111111111222000000000000000000000000000000000000000000000000000000000
2220000000000000000000000000222222222221212222221112222222222222222222100000000000011111111111111111222000000000000000000000000000000000000000000000000000000000
2220000000000000000000000001222222222221211111211212222222222222222222100000000000011111111111111111222000000000000000000000000000000000000000000000000000000000
2220000000000000000000000001222222222221222222222212222222222222222222100000000001000010111111111111222000000000000000000000000000000000000000000000000000000000
2220000000000000000000000002222222222221222222222212222222222222222222100000000001011111111111111111222000000000000000000000000000000000000000000000000000000000
2220000000000000000000000001222222222222122222212112222222222222222222100000000110111111111111111111222000000000000000000000000000000000000000000000000000000000
2220000000000000000000000000012222222222111111111222222222222222222222000000000011111111111111111111222000000000000000000000000000000000000000000000000000000000
2220000000000000000000000000001122222222212222222122222222222222222222001100000111111111111111111111222000000000000000000000000000000000000000000000000000000000
2220000000000000000000000000000001101222222222222222222222222222222222001101111111111111111112222222222000000000000000000000000000000000000000000000000000000000
2220000000000000000000000000000000001221222222222222222222222222222222222222222222222223333333333333222000000000000000000000000000000000000000000000000000000000
2220000000000000000000000000000000001212222222222221222222222222222222111111111111111111111111111111222000000000000000000000000000000000000000000000000000000000
2220000000000000000000000000000000001222222222222222222222222222222222100000011111111111111111111111222000000000000000000000000000000000000000000000000000000000
2220000000000000000000000000000000001222222222222222222222222222222222210000011111111111111111111111222000000000000000000000000000000000000000000000000000000000
2221111111111111111111111111111111111222222222222222222222222222222222222222222211111111111111111111222000000000000000000000000000000000000000000000000000000000
2222222222222222222222222221212222222222222222222222222222222222222222211111111111111111111111111111222000000000000000000000000000000000000000000000000000000000
2221000000000000000000000000000000001212222222222222222222222222222222220111111111111111111111111111222000000000000000000000000000000000000000000000000000000000
2220000000000000000000000000000000001212222222222221222222222222222222221111111222222222222223333333222000000000000000000000000000000000000000000000000000000000
2220000000000000000000000000000000001221222222222222222222222222222222221011111112221111111112111111222000000000000000000000000000000000000000000000000000000000
2220000000000000000000000000000000002222122222222222222222222222222222221111111111111111111111111111222000000000000000000000000000000000000000000000000000000000
2221000000000000000000000000000000002222212222222222222222222222222222221111111111111111111111111111222000000000000000000000000000000000000000000000000000000000
2220001000001000000000000000000000002222222122211222222222222222222222222111111111111111111111111111222000000000000000000000000000000000000000000000000000000000
2221000110010000000000000000000000002222222222222222222222222222222222232111111111111111111111111111222000000000000000000000000000000000000000000000000000000000
2221011110000100000000000000000000012222222222222222222222222222222222333111111111111111111111111111222000000000000000000000000000000000000000000000000000000000
2221000100111100011111111111111111122222222222222222222222222222222222233212211222222222111111111111222000000000000000000000000000000000000000000000000000000000
2221111110000100122222222222222222222222222222222222222222222222223222333333333333333321111111111111222000000000000000000000000000000000000000000000000000000000
2221101110001011222222222222222222222222222222222222222222222222222233333322222222222211111111111111222000000000000000000000000000000000000000000000000000000000
2221111110111111111111111100110000022222222222222222222222232322333333333311111111111111111111111111222000000000000000000000000000000000000000000000000000000000
2221111111110110110000001011110010022222222222222222222223322222322333333321111111111111111111111111222000000000000000000000000000000000000000000000000000000000
2221111111111111111110111111111101122222222222222222222222232322333333333321111111111111111111111112222000000000000000000000000000000000000000000000000000000000
2221111111111111111111111111111111122222222222222222222323333333333333333321111111112222222222222222222000000000000000000000000000000000000000000000000000000000
2232222222222222222222222222222222222222222222222222233223323333333333333211233333333333333333333333222000000000000000000000000000000000000000000000000000000000
2221111111111111111111111111111111122222222222322222222233333333333333333211111111111111111111122122222000000000000000000000000000000000000000000000000000000000
2221111111111111111111110111011111122232222222322223233233333333333333333211111111111111111111111112222000000000000000000000000000000000000000000000000000000000
2221111111111111111111111111111111122222222222222212223333333333333333333111111111111111111111111111222000000000000000000000000000000000000000000000000000000000
2222222222222222222222111222222222222222232223322111122233333333333333333222222223333333333333332233322000000000000000000000000000000000000000000000000000000000
2233333333322222222221122222222222333333322223321111111133333333333333333333333333333333333333333333322000000000000000000000000000000000000000000000000000000000
2233333333332232222211122222222222233233223223211111111133333333333333333333333333333333333333333332322000000000000000000000000000000000000000000000000000000000
2222222222222222222111222222221111233333333222111111111133333333333333222221111111111112211222222222222000000000000000000000000000000000000000000000000000000000
2221111111111111111111111111111111233333333221122111111233333333333333111111111111111122222222222222222000000000000000000000000000000000000000000000000000000000
2221111111111111111111111111111111123333333211222111111233333333333332111111111111111111111222222222222000000000000000000000000000000000000000000000000000000000
2221111111111111111111111111111111233333333222322111111333333333333332111111111111111111121222222222222000000000000000000000000000000000000000000000000000000000
2222222211111111111111111111111111233333333223332111112333333333333332121122222222222222232333333333322000000000000000000000000000000000000000000000000000000000
2233333333333333333332222222222233333333333223331121223333333333333333331233333333333333333333333333322000000000000000000000000000000000000000000000000000000000
2233333333333333333333222223333333333333333323321212123333333333333333322333333333333333333323333333322000000000000000000000000000000000000000000000000000000000
2221111222111111111111111222112222233333333323211212233333333333333332111212222222222222222222222222333000000000000000000000000000000000000000000000000000000000
2221111111111111111111111111111111233333333322221123333333333333333333111112222222222222222222222222333000000000000000000000000000000000000000000000000000000000
2221111111111111111111111111111111233333333323332333333333333333333333111112222222222222222222222222333000000000000000000000000000000000000000000000000000000000
2222222111121112211222111111111111233333333333333333333333333333333333222222222222222222222222222223333000000000000000000000000000000000000000000000000000000000
2223333332222222222222222222222222333333333333333333333333333333333333333333333333333333333333333333333000000000000000000000000000000000000000000000000000000000
2222222222222222222222222222222222222222222222222222222222222222222222222222222322222223233333333333333000000000000000000000000000000000000000000000000000000000
3222222222222222222222222222222222222222222222222222222222222222222222222222323223222233333333333333333000000000000000000000000000000000000000000000000000000000
