0000000000000000000000000000000000000000000000000000000000000000000000000000000000000000000000000000000000000000000000000000000000000000000000000000000000000000
0000000000000000000000000000000000000000000000000000000000000000000000000000000000000000000000000000000000000000000000000000000000000000000000000000000000000000
0000000000000000000000000000000000000000000000000000000000000000000000000000000000000000000000000000000000000000000000000000000000000000000000000000000000000000
0000000000000000000000000000000000000000000000000000000000000000000000000000000000000000000000000000000000000000000000000000000000000000000000000000000000000000
0000000000000000000000000000000000000000000000000000000000000000000000000000000000000000000000000000000000000000000000000000000000000000000000000000000000000000
0000000000000000000000000000000000000000000000000000000000000000000000000000000000000000000000000000000000000000000000000000000000000000000000000000000000000000
0000000000000000000000000000000000000000000000000000000000000000000000000000000000000000000000000000000000000000000000000000000000000000000000000000000000000000
0000000000000000000000000000000000000000000000000000000000000000000000000000000000000000000000000000000000000000000000000000000000000000000000000000000000000000
0000000000000000000000000000022222000000000000000000000000000000000000000000000000000000000000000000000000000000000000000000000000000000000000000000000000000000
0000000000000000000000000000022222022002200220000000000000000000000000000000000000000000000000000000000000000000000000000000000000000000000000000000000000000000
0000000000000000000000000000000000022002200220222000000000000000000000000000000000000000000000000000000000000000000000000000000000000000000000000000000000000000
0000000000000000000000000000000000000000000000222200000000000000000000000000000000000000000000000000000000000000000000000000000000000000000000000000000000000000
0000000000000000000000000000000000000000000000002200000000000000000000000000000000000000000000000000000000000000000000000000000000000000000000000000000000000000
0000000000000000000000000000000000000000000000002200000000000000000000000000000000000000000000000000000000000000000000000000000000000000000000000000000000000000
0000000000000000000000000000000000000000000000000220000000000000000000000000000000000000000000000000000000000000000000000000000000000000000000000000000000000000
0000000000000000000000000000000000000000000000000220000000000000000000000000000000000000000000000000000000000000000000000000000000000000000000000000000000000000
0000000000000000000000000220000000220000000000000000000000000000000000000000000000000000000000000000000000000000000000000000000000000000000000000000000000000000
0000000000000000000000010220000000220000000000000022000000000000000000000000000000000000000000000000000000000000000000000000000000000000000000000000000000000000
0000000000000000000000000000022200000000000000000022000000000000000000000000000000000000000000000000000000000000000000000000000000000000000000000000000000000000
0000000000000000000000100000222200000000000000000000000000000000000000000000000000000000000000000000000000000000000000000000000000000000000000000000000000000000
0000000000000000000000000022220000000000000000000002200000000000000000000000000000000000000000000000000000000000000000000000000000000000000000000000000000000000
0000000000000000000000100222200000000000000000222002200000000000000000000000000000000000000000000000000000000000000000000000000000000000000000000000000000000000
0000000000000000000000000220000000000000002222222000220000000000000000000000000000000000000000000000000000000000000000000000000000000000000000000000000000000000
0000000000000000000000000220000000000000222222220000220000000000000000000000000000000000000000000000000000000000000000000000000000000000000000000000000000000000
0000000000000000000000002220000000000022222200000000000000000000000000000000000000000000000000000000000000000000000000000000000000000000000000000000000000000000
0000000000000000000000002200000000022222222000000000222000000000000000000000000000000000000000000000000000000000000000000000000000000000000000000000000000000000
0000000000000000000000002220000000222220000000000000222000000000000000000000000000000000000000000000000000000000000000000000000000000000000000000000000000000000
0000000000000000000000022220000000222220000000000000002200000000000000000000000000000000000000000000000000000000000000000000000000000000000000000000000000000000
0000000000000000000000122220000222222000000000000000002220000000000000000000000000000000000000000000000000000000000000000000000000000000000000000000000000000000
0000000000000000000000022220000222200000000000000000000220000000000000000000000000000000000000000000000000000000000000000000000000000000000000000000000000000000
0000000000000000000000022220022022200000000000000000000000000000000000000000000000000000000000000000000000000000000000000000000000000000000000000000000000000000
0000000000000000000000022222222222000000000000000000000000220000000000000000000000000000000000000000000000000000000000000000000000000000000000000000000000000000
0000000000000000000000012222200220000000000000000000000000220000000000000000000000000000000000000000000333333333303300000000000000000000000000000000000000000000
0000000000000000000000000220000220000000000000001111110000220000000000000000000000000000000000000000033333333333303333330000000000000000000000000000000000000000
0000000000000000000000010022000220000000000010100000010000222200000000000000000000000000000000000003333300000000000033333330000000000000000000000000000000000000
0000000000000000000000010022000220000000001000000000011000002220000000000000000000000000000000000033300000000000000000033330330000000000000000000000000000000000
0000000000000000000000010022002200000000001000000000001002220222200000000000000000000000000000033333000000000000000000000000333333300000000000000000000000000000
0000000000000000000000010002202200000000001000000000022002220002220000000000000000000000000000033330000000000000000000000000003333330000000000000000000000000000
0000000000000000000000001002200000000000001000000002222000220002222200000000000000000000000000033000000000000000000000003333330000333300000000000000000000000000
0000000000000000000000001000220000000000001000000022201002220000022200000000000000000000000000000000000000000000000333333333330333303330000000000000000000000000
0000000000000000000000000000222200000000001000000222000122200000000220000000000000000000000000000000000000000000033333333000000333333333300000000000000000000000
0000000000000000000000000100002200000000001000002220000122000000000220000000000000000000000000000000000000000000033000000000000000033333300000000000000000000000
0000000000000000000000000000002200000000010000002200000022000000000022000000000000000000000000000000000000000003300000000000000000000330000000000000000000000000
0000000000000000000000000001022220000000110000022000022200000000000022000000000000000000000000000000000000000003300000000000000000000330003300000000000000000000
0000000000000000000000000001022222000000100000222000222200000000000022000000000000000000000000000000000000000000000000000000000000000330003333000000000000000000
0000000000000000000000000000122022000000000002220022220100000000000002200000000000000000000000000000000000000000000000000000000000000330000033000000000000000000
0000000000000000000000000000022222200000000022222222000100000000000002200000000000000000000000000000000000000000000000000000000000000330000000000000000000000000
0000000000000000000000000000002222220000000022222220000100000000000000220000000000000000000003300330330000000000000000000003333333303333330000330000000000000000
0000000000000000000000000000000022222222202222200000000100000000000000220000000000000000000000000000030330000000000000333303333333303303330333330000000000000000
0000000000000000000000000000000000022222202222200000000100000000000000220000000000000000000000000000000033000000000333333300000000000000000333333000000000000000
0000000000000000000000000000000000002222000220000000000000000000000000000000000000000000000000000000000000030000003333000000000000000000000000333000000000000000
0000000000000000000000000000000000000022222200000000000000000000000000022000000000000000000000000000000000000330333330000000000033000000000000333300000000000000
0000000000000000000000000000000000000002222200000000000000000000000000022000000000000000000000000000000000000030333300000033033033000000000000033300000000000000
0000000000000000000000000000000000000000022000000000000000000000220000000000000000000000000000000000000000000000033333333033033000000000000000003300000000000000
0000000000000000000000000000000000000000220220000000000010000002220000000220000000000000000000000000000000000000003333333000000000000000000000003330000000000000
0000000000000000000000000000000000000000220220000000000010000002220000000220000000000000000000000000000000000000000300000000000000000000000000003330000000000000
0000000000000000000000000000000000000002220000022000000001102222220000000022000000000000000000000000000000000000000300000000000000000000000000003300000000000000
0000000000000000000000000000000000000002200000022000000000222222000000000022000000000000000000000000000000000000000000000000000000000000000000003300000000000000
0000000000000000000000000000000000000002200000000000000002222222000000000002200000000000000000000000000000000000000030000000000000000000000000003333000000000000
0000000000000000000000000000000000000002200000002200002222202200000000000002220000000000000000000000000000000000000000000000000000000000000000003333000000000000
0000000000000000000000000000000000000002220000002200022220220000000000000000222000000000000000000000000000000000000000000000333300333300000000000330000000000000
0000000000000000000000000000000000000000220000000000222022221000000000000000022200000000000000000000000000000000000000300000333300333303300000000330000000000000
0000000000000000000000000000000000000000222220000022222022001000000000000000002200000000000000000000000000000000000000030000333000000033333000000333300000000000
0000000000000000000000000000000000000000002222200022222000000111000000000000000220000000000000000000000000000000000000000003330000000033333333300333300000000000
0000000000000000000000000000000000000000000222222222200000000000100000000000000220000000000000000000000000000000000000003003300000000000033333300330000000000000
0000000000000000000000000000000000000000000000222222200000000000110000000000000022000000000000000000000000000000000000000003300000000000000333000003300000000000
0000000000000000000000000000000000000000000000000222200000000000010000000000000022000000000000000000000000000000000000000003300000000000000003303303300000000000
0000000000000000000000000000000000000000000000000220000000000000001000000000000002200000000000000000000000000000000000000303330000000000003303303300000000000000
0000000000000000000000000000000000000000000000000222200000000000000100000000000002200000000000000000000000000000000000000003333300000000033303330000000000000000
0000000000000000000000000000000000000000000000000222200000000000000010100000000000220000000000000000000000000000000000000000033333330000033003333003300000000000
0000000000000000000000000000000000000000000000000220000000000000000000000000000000220000000000000000000000000000000000000000000333330330333333333003300000000000
0000000000000000000000000000000000000000000000000222200000000000000000000010000000220000000000000000000000000000000000000300000000000333330330033000000000000000
0000000000000000000000000000000000000000000000000222200000000000000220222000000000222000000000000000000000000000000000000000000000000003300000033000000000000000
0000000000000000000000000000000000000000000000000222201000000000222220222000100000022000000000000000000000000000000000000000000000000000000000033003300000000000
0000000000000000000000000000000000000000000011000220000010000000222200222000001010022000000000000000000000000000000000000000000000000000000000033003300000000000
0000000000000000000000000000000000000000000010000002200001000002220000222000000001022000000000000000000000000000000000033330333333000000000000033000000000000000
0000000000000000000000000000000000000000000010000002220220000022220022200000000000022000000000000000000000000000000000333330333333330000000000033000000000000000
0000000000000000000000000000000000000000000010000000220222222022222222200000000000022200000000000000000000000000000003333003330003330000000000000003300000000000
0000000000000000000000000000000000000000000010000002200002222022222222000000000000002200000000000000000000000000000003300003330000000000000000000003300000000000
0000000000000000000000000000000000000000000010000002200000100022000000000000000000002200000000000000000000000000000003300000000000000333300000033000000000000000
0000000000000000000000000000000000000000000000000000000000000220000000000000000000002210000000000000000000000000000000000000000000000333330000333033000000000000
0000000000000000000000000000000000000000000010000000000000100220000000000000000000002210000000000000000000000000000000330000000000000000333003330033000000000000
0000000000000000000000000000000000000000000000000000000000100220000000000000000000000010000000000000000000000000000000330030000000033330033333300000000000000000
0000000000000000000000000000000000000000000001000000220000100220000000000000000000022000000000000000000000000000000000000000000000033333333333300330000000000000
0000000000000000000000000000000000000000000000000000220000000220000000000000000000022000000000000000000000000000000000330000000000000033333333330330000000000000
0000000000000000000000000000000000000000000001000000001101010221111110100000000000220010000000000000000000000000000000330000000000000000033333330000000000000000
0000000000000000000000000000000000000000000001000000022000100222002222221000000000220000000000000000000000000000000000000333000000000000333333333330000000000000
0000000000000000000000000000000000000000000001000000022000100022222000001000000000000000000000000000000000000000000000000333000033033333333300333330000000000000
0000000000000000000000000000000000000000000000000000022000100022222220221000000220000010000000000000000000000000330000000000000033033333330000330000000000000000
0000000000000000000000000000000000000000000000100000022000100020222220200000000220000100000000000000000000000000330000000300000000000033000000000000000000000000
0000000000000000000000000000000000000000000000100000000000100022222222001022000000000000000000000000000000000000330000000000000000000033000000330000000000000000
0000000000000000000000000000000000000000000000100000000000101110020222200022000000000000000000000000000000000000333000003000000000003300000000330330000000000000
0000000000000000000000000000000000000000000000000000002200000011101122222200000000010000000000000000000000000000333000030000000000003300000000000330000000000000
0000000000000000000000000000000000000000000000000000002200000000000000000000000000000000000000000000000000000000033300030000000000330000000003300000000000000000
0000000000000000000000000000000000000000000000010000000000000000000000000000000001000000000000000000000000000000003333300000000033330000333303300000000000000000
0000000000000000000000000000000000000000000000000000000000000000000000000000000100000000000000000000000000000000000333333033303333330333333300000000000000000000
0000000000000000000000000000000000000000000000000000000220000000000000000000000000000000000000000000000000000000000333333033333330330333000000033000000000000000
0000000000000000000000000000000000000000000000010000000222200000000000000000100000000000000000000000000000000000003333333333333000000000000000033000000000000000
0000000000000000000000000000000000000000000000000000000222222000000000000100000000000000000000000000000000000003303033333333300000000000000000000000000000000000
0000000000000000000000000000000000000000000010111000000002222222000000011000000000000000000000000000000000000030000000003300000000000000000000000000000000000000
0000000000000000000000000000000000000000000010000110100010001222222222200000000000000000000000000000000030330300000000003300000000000000000000000000000000000000
0000000000000000000000000000000000000000000100000000000000000002222222222222222200000000000000000033333000000000000000000000000000000033333333000000000000000000
0000000000000000000000000000000000000000000100000000000000000000000000022222222220000000003333033033330000000000000000000033000000330033333333330000000000000000
0000000000000000000000000000000000000000000010000000000000000000000000000000002220000000000000000033330330000000000000000033303330330000000003330000000000000000
0000000000000000000000000000000000000000000001000000000000000000000000000000000000000000000000000033000333300000000000000033333330000000000003330000000000000000
0000000000000000000000000000000000000000000001000000000000000000000000000000000000000000000000000033333303333333303333333333333333330000003333300000000000000000
0000000000000000000000000000000000000000000000110100000000000000000000000000000000000000000000000033333303333333303333333300000333333333033330000000000000000000
0000000000000000000000000000000000000000000000001100000000000000000000000000000000000000000000000000000000003300000000000000000000003333033000000000000000000000
0000000000000000000000000000000000000000000000000000000000000000000000000000000000000000000000000000000000003300000000000000000000000000003300000000000000000000
0000000000000000000000000000000000000000000000000000000000000000000000000000000000000000000000000000000000000003333000000000000000000000003300000000000000000000
0000000000000000000000000000000000000000000000000000000000000000000000000000000000000000000000000000000000000003333333330000000000000000000000000000000000000000
0000000000000000000000000000000000000000000000000000000000000000000000000000000000000000000000000000000000000000000333333300330033330000000000000000000000000000
0000000000000000000000000000000000000000000000000000000000000000000000000000000000000000000000000000000000000000000000003300330033330003300000000000000000000000
0000000000000000000000000000000000000000000000000000000000000000000000000000000000000000000000000000000000333330000000000000000000000003300000000000000000000000
0000000000000000000000000000000000000000000000000000000000000000000000000000000000000000000000000000000000333333333000000000000000000330000000000000000000000000
0000000000000000000000000000000000000000000000000000000000000000000000000000000000000000000000000000000000000003333333333330333303333330000000000000000000000000
0000000000000000000000000000000000000000000000000000000000000000000000000000000000000000000000000000000000000000000333333330333303333000000000000000000000000000
0000000000000000000000000000000000000000000000000000000000000000000000000000000000000000000000000000000000000000000000000000000000000000000000000000000000000000
0000000000000000000000000000000000000000000000000000000000000000000000000000000000000000000000000000000000000000000000000000000000000000000000000000000000000000
0000000000000000000000000000000000000000000000000000000000000000000000000000000000000000000000000000000000000000000000000000000000000000000000000000000000000000
0000000000000000000000000000000000000000000000000000000000000000000000000000000000000000000000000000000000000000000000000000000000000000000000000000000000000000
0000000000000000000000000000000000000000000000000000000000000000000000000000000000000000000000000000000000000000000000000000000000000000000000000000000000000000
0000000000000000000000000000000000000000000000000000000000000000000000000000000000000000000000000000000000000000000000000000000000000000000000000000000000000000
0000000000000000000000000000000000000000000000000000000000000000000000000000000000000000000000000000000000000000000000000000000000000000000000000000000000000000
0000000000000000000000000000000000000000000000000000000000000000000000000000000000000000000000000000000000000000000000000000000000000000000000000000000000000000
0000000000000000000000000000000000000000000000000000000000000000000000000000000000000000000000000000000000000000000000000000000000000000000000000000000000000000
0000000000000000000000000000000000000000000000000000000000000000000000000000000000000000000000000000000000000000000000000000000000000000000000000000000000000000
0000000000000000000000000000000000000000000000000000000000000000000000000000000000000000000000000000000000000000000000000000000000000000000000000000000000000000
