3330233233001130133033133010303213110211103110232122203300211020030331203133301302023223201031103001222022031301321310103113022332010132222123132320010113202301
1001011222333030030113032213311301132310100011233112230111012022213202332211010023320031212231203133013222023112101321210331011013131321031303000032003200032132
3230201322313031313003100333210101233332020211003320211233110210103211311023322232013031202122220332113121312332031123031221323103313003113120222313202112130313
2203123202133031222200132202002033121020102330313303231332332300101022223213301320011330130301103202101303002222310133120120130223113210123002312203300202223211
2022303230213010120122210110132231212221332022000030202220203332300220102002010212321110002020120030202103023312311102022012133311300302320113303310231330112021
3310001200002313330220110200213102210212333100022110012121300122133121000003223331212303120100002213022321133211323230310120310301111020203312332320201011200330
3113332013220033122303113310330003233302231321232233111033012132301201112112323002201210313311002210113320313110002231330300123010010132020021301333012331322022
3111102103210001221212221132303120131111031312213010310023032303132122113223100310223232021220302313303323322333012111101313031331120310002311003232121313110123
0130003001210220223121012303010110302113232302302132020013133030323001102111200100303011020213333020023331003210222011202330130033311000302021103302001000012203
1311321310200033110120031203301310131103013330310301120001300110131322130132012321131212333100211310021323113030231102300013231123332013230030002002111311123121
2100223333201331320231103021202013113003333030213211022120020220310213233033220033210301033331321323230110303132203100122130122031003002103030032033222230212032
3031021110103331330212030321221312101000312101121131232113123010130211312220301102202032310003202230330100300210123313031322230222330102200103233010132110210202
1020122011221031310002131221220001130000121130023222121233210030121111012132131211300031201103223003302122130022312120033202332012211033000220022322223302111122
2112030300231312120133120211132122210031211201301300320020000233133013033031010212130330101313132200203133223211001202133231232110102020000230200130033013311211
3013200023311212102202110302300231211013222011313332121323322310102301013323211021013011312310030333301021102030301310131132131023320130220000111001221313012230
2311022202232321013133122223323123332231111002012302021211211212010231202030120123103333333132203112123031002200021111230012321230201310223332003320012220213232
0033131122201233122221012313322020112213213001323103023323303231333030311113302231332220022233210011030310323331010132322311232200122213210200230321020203202103
1103123312112223111032312013233010103333020313021022133210221003313203332110202032032303230113000323323133132331032101112031131200133223001111033322300232032332
2320012023210210322321123123131121111321101212321330130030221330213220223301130121231011303122231113133320220033321230111232011031233031103321331122111212033022
1101303122110130210010021313110321122311313032313222312333301021120202303201111222023130121322213213013300330002212012233330112203021033201210303330310202013332
2130333302001010020322300132331111031312210323123220122100030010212332130300112210130032331222012013011102320023022012112301220130003333013231112030021321010112
0223012210311333220233112331301031032001213203230111222333313213013132113031021332333211101231310010032132110301212211003133230030223132222021022112122312102003
2210212311030133321300230220323011300133033012313303331313222322312320201101201303131220002332302002223313120232232122203023130001223101001122130030331012332302
3123322322033303023122023012103113121333020210301332311003230001002033003321003023121323103202021100310202110223333230010331013131232131222222123003133111003003
2331100332300213303323010023003130102110302000103031330220231311001330332110302221132321330020030202121200100012133303211111310223013130322323333133212003303321
1021002322330121221212013012003123220310001311001220210232210212212222103122002310002030002012332232132212232012130210213011111311023131123332311003301301110011
1122110201303031230302231023220230212322020222322232233312323001322013310012203110130330031013312011111223011033012131113020111331123213221332112123133110203333
2002233003012031220133201230121132310333211131003300213013122131112131321010231011311300120220210211010222230332233231311100002233000231110110221113331310003002
2212230301011210200333322013012212010100130011220232201122012220121223333032310311030231121130033220010003220121230300102100002233110011000212130313100330123322
1102031011320313320022133031321010022001201313010302011131132223210323103212220133010123331110123013300100022203310332023233112212031021110011112102032303101303
0032000210120122110201110333330031113013133301221201132210102321223111023111300130212012122022012101010222323313322111003233012301003003320021111100000000000023
0111122123203300222011211111100132023203201033033333301102300303211330203033000002200003323211002311100030000001101213210122223133002130300033220000000000000003
2333321203302111211130221323002110033212010001030223003332333303100023031210000001200012221323100000000030000000020031003100221003010301311200000000000000000000
1322033302020210110001233221022213211301200032002222131332012113321003000030000001300021010301100000000000000000000002112311130231033121302000000000012211132100
0000113100213020132021030101231300101133022030330100233312210121121000000010000200033230000000000000031031031200000001022203202023212021000000002330000030012101
1100203320030332011312011102303212000000000003033021130313030202000000000032211231000000000000001200322320000000000001311202300232200000000000101213020313313302
0121013223300012113202302203331000000000000002213333133323212331000000000000000000000000000000000003000000000000000000012320130221300000000000200323303030300103
1312333023220312103012012322311000000000000002130330033230000000000000000000000000000000000000000000000000000000000002212001001312000000000001133103120201310213
1221321120222123211102230320000000001103220000002023222122330000000000000000000000000000000000000001000002202101230221310102223331200000300010212101313331111111
1012231002010111323212220130002000012120010020000011131020000000020000000000023112233301000233003102110011303003222021200333312201121200100033323213200120132011
2213200233023203130001033020002000001210203020000013330332000123012033321230223320233230000312130221220201222111121030310133013213312231100020131210322033302111
0111013200221330211010010000000000013332100312200033021203000213200100002123302300312022000103123221120003330033231100112030130001320000100012322113213322313320
3330311302300322131202300003202000030121132301010000001012212323023200022130311103330112000102000001022202021123231310102103303003033231200022033021030010000112
3323002212021123332020000000320000122033213131133000202200023323132200002230103333131022000310032030313022220231302102223310102033323132100022131211021231010121
3233132133323000111103000003300000303130013113002000331131000221120300001020110230310113000010122131232103200200300210220031112132213101100002303312010133102311
3020230022223232122300000023300001211301032321012320000013122010023120002012232303331303010001010221011202211200222120231223220231313030200011113013112300003030
0220212220210303302300002022300003021310303001233103000032301312120310000132112030122123120003100233322310200223230333033020020202300113000012231220201011300002
3211100113212133203100001100200003113321101330330321000000201002121131000103213322032131120002123033311123303000332120000111222332313220000012032032023323221202
0221311320102303023000002101200033011020133032121121300001001110012221000303121030230313310003311310012120302301202332101130103302213332100002030303223232020320
0233031321130010010000003300200022133113221213033200000002012303232220000313122133231130130000300010222302233133320122100333303332200001100002331303322130010303
1121330210321120222000011013200033031213222032333221110003020002312131000123210321012030013000312130302313013101023030013301033110220023010000101121223010110231
2032010303233010111000003222000000101131222231300112133100000321300102000223000221320300201000002200021301331101123303111010210000220103000000101331031121330001
2232202321123311101310102021000030103332000220323313323200021132331321000032021132020132002000221201303012232032230322010313002000132333100000023013230123131120
3232212010010013133332301112200020022102211301331221330300013132010332000302320000202332331000013230232110202302113333223121313113301023000000300300123311013320
3330113333330320111222012003300023123033330213213032320320001311231312000331300120322320101000001022223123102332202320330012003222123112330000233133001201100021
2313313230013020212200221121100021332232032231330110302330001302201301000320022103032200233000022112220221112220130130133121202101121012012000131002222112101113
0003221222022101331231311302000020113330200020022112313010001033000212000133322221230120110000003302311200131113113112312103032322331300102000232322332321002010
2311230300300032121331213102100013100012131300011310213000000201212232000020221201321230033100033313012013232230303113321210002222023213010000202011123110000001
3120002100201123022201230311300013011232013232023031213100000120220002000113312310023122132300031012303223030221111200033211221220020111000002031033000000000032
2103122111002112020103133203200000110330111020130213002121000310001120000000212000020000000000000013312022233322101110121011312221001010000003020033000000000021
3220211033001310211232310232100000310203112102112020302101300222111210000002000000020000000000000000000102221111112301323123302311130133000002200000000000000212
0223221200332313232222023010200011201133220311300323123022021102201000000003000000010000000000000000000331133112002010200112112031021300011133000000000300020332
1001112213232112222111203110000022213321031023001222230212100032121220000001000000000000000000000000000132231220211333030230223323211210000003100000000333333213
2223112011122303323313011131000033211102220112111311333110300022211030000000000000000000000000000100000211300033130123330300202132130203000000110002233111131333
1031113132301230030123202120000032133131332011003330233120300030311100000000000000000000000000001321021203210031022331303322200131202111000003233011323020220022
0101100212213200333003132012000131302101013302302010131331322032213110000000000000000232103000030320022312330112102120110212112220131200000000201023100122331203
3213110323302223022303033322000101000231203311202320003302221323120322000000002203020302021000310301200100221003203022332031121212021300000001121011210102100333
2121111023320220212221330002000231131310222131121031221202320002321013000000210213033123101000103001222112011310300003332333122122020002210002122102030110123223
3303301332031133220332012310000220103122233312330023331313220001103323122220101030023002033000103322121233000223301113213231221202101020001301320122313222203010
1311003301130103021311321013000130302110012230333323132023320002111123112120232312132112022000331103233222201222201000101131300202331100003001201331213020131021
3101321021331321303101011020000331233033112221021220023330300012001230102322302333133200212000321203203323333201213202220003000011031110003122201101003223322230
2031002031220020021102030100000031122011012122011230320203000022021131000012310332031312220000013033313100001003232203323030331012212010302101231220102113132112
0313200311103022013323033210002331032300222322232023021331100001212201300013033311032302121000300132021313133320332300110111110230202320001131132122120121313110
2233223103201212132022333200002331112010022013201221101213100032022221000033311132131202321000120002213222233122001132022110022010123030001302313020303100302210
2222310333323003312023030300003320232302123100312313111220000100200123000312130110030002030000221302020101302331113101111323100101011100003313132231220021030322
2032302301000111303032233100003011221120221321113330203303000022200000000033302320322101330000100220211321133213130232132330223101102230000001201232020300111112
1302213030232000013302013233302231311221133231201213302201000321022021000133211000321330110002132132301002210331113000100320311100030230003001221231332113130012
0123023133213202300230321030003300203201003211212131032310003000000233000202232120110211300001320303303201201233220000221313203210002020000022002131110330212030
2003030101302320023122032210002122232011320300030132003130000331101222000003211003200211120002220120311022332122230000210022113330302130001100001212122130132220
3330330132110112333303212010001011103121113203011103300020000132202011000120211131012321100002121331002310210313000000131003003221120310001313123201121322010321
3300132232311000202320210010001210001030013211023312300300002033332030000002213031233101000003230131212203131320000001233031301303200330003031202302322102212200
0333010330223121120210200230001100210121003001310000210200003131122320000303110111002110300010202231111113233012000011001312100220102000032221312230130202310103
2213310021021303001112121200000100033211000221201130222100001320220000031000301221011000000011331222303011223200000023020130231100322000001301322000003321111133
0311322333002120023333021100000110012221331322132200223000011313100000010000200000100000000000002113302302131000003223302100112013020000021003301002110300230303
3130002330111002002001123011000310311323013112013321320000031033030000032000210000100000000000010002200000000000000012122000000101023000032022133301133210020310
1101201320122111002032211301000021331303322003130112300000112231212023200113330001200000000000020000200000000000000000000000003023303330221012110113331000332210
0321031311130120232330011000000331133021321033331220300000002231112233331122021122000301122000030000000000000000000000000000000312132031110223232113001301212323
3110032022212221220020233322000013021103201101131231300000100022332231300000000002200000000223210000000000000000000000000001102131123233302000132031003303232220
1012333231000020323120122203000123010330210230222021000003320132023023300000000001200000000100030000000000000031212323321202012100003301202312000310002103201211
3032113223320113312122032310000032112210312200102300000030001003003322300000000002100000000323000000110023203212133032301210333203003300132320003120012011222231
2010222003320121201220232000000211130321200030120100000223020202121313011222102300123020031131301322301233332120311203112000031222133110222221032100312222110011
1222022021112030210000023011000101132103000120200000002100231201303231021220120010223130200332322203023002330121320201232221211131132320033113223032103200202310
1011033333300330120000032211000331103302213000000021101120211103200223020022213122030010113220312133201113011331121203203002233220331321333133120131021330221030
2330221011210231010000000000000130000000000000000013221301023202001210102223201330300102202001023230100303003102220322132131130231311103002323330122120230022003
3013021210022132300000000000000000000000000000010201201211022031201031232300113110001131301013330322211103002303030101112122132313020103302032321311130320130203
1212102311133010221101000000000000000000000003011111030320312032010203222230021012220023232012310303312111100121012111002230301003303200233102311221131303231320
1121011012033132000121132230000001011303133023030322020320023301220200213300212323303301031331101220333221201003112220310032311102103130311132200013332312030020
0220012010011201122100002131020011311233312212030303310211220202331210322302132100113102120133312302322120202312020213130123332211301023231120110233302312033202
0332011000300001013321011221023211320200200301133003033233112133320331133032012102220232300101030123333301010133020113213002122200032200102313103332300100332230
1012032101033033220333113112221023121322022113302233232023330321301010122103200230222232002003112021211312013123203211022322313223321230112021102011321202233102
0110333233320220202313010232010310212332301310130113320202000132013000000022021322303320123223111203110103033321122233021000210322103113003221023111100212213020
2302332100120003111011323113110220212222110031121002231312313121300120003201322212321123132000113103200130230120110302101110110013130212313130210110213222302320
1113231023132330013220330203020303003323302232302212120330211021312120110112021111020222300121010200323011322323011113023232333203022010311001011312333023111211
1302231032222031231301133020003010201212003220031132022230221103311103100231232313030231301002130100122121022022031220022212020021110110201031330100021203330022
3101312023113011302201033312130110233222101012200221203101201311130323221202001112001333120013010133322021003102100231123010122231233223023200223132231213101301
1303033030301321003132313330132220011133311302213002012013323002321100013110120123220310022021212321311303213310312301323123012223003320033300120103111210100000
2002130220230300333003003003321113221201211230103000000021120012101201203320003131010033120320113312300211023210302211213313322222112201103233303011112022032211
2310323320031023313113302330031120002123013332011020211202211301113201111013003302000122011311113010232302133222332231232312221123003113201001103221120123333030
0002303213202330033223323330323220002301133001330003013113320202012231122223230110132033123232031030103120210212233221131233201311330321232311123310331301102110
2312032330233010113203113112211010332123210211212310221031212302102323321033333232011203310211211031012111231233222222322223221030320333230300320300211121120222
2310310221221222023321003330002113030013310223112333223120322100320311213021221123030301322103121022212331030311201331212031012000131313201000312003012012011230
0203301322110230111312302023222122101332031010011022333302313112020020030231121020011020112022121212323231213032002222303100213020010022203203322203323013133111
2210211131123031102112211320322331331320121310303130113210132130222033012020122033311000133033002210130213301200030213100020330303113013303110310111211202312232
3112222121210232130220211111023320112211302032020033031003003030121222001213131023103233132120211230302010330201030220131023210212010230023303232021313011222032
3013132123010222101231333123130103232321312312033033002320002003222101033032113012113101220331211120233310103022302220132303310202031203112310000232233123003011
3021202003230202121331232321332210133333320233032201232013022201231010001113220230111022320113201110332220323222003333103311011002211121212122321303000332221030
1332123300002300021002123122212011001113301233312123302111313223303113202030221130302333333332033002203312101121130002012101200331301123010103111203021333233222
0032312131122230200111202010321223110132330000322313013121102311033023320121123200222312101311132320321331311202003010232011333320011120313132113222222332302031
0323222222212332212123021201033132300130000300210303211112103323100001100020323233302021313032222010102311031021121131203033010311010101001032031032203300131002
2300133102020320322322100012302223303003030121111002111231133302312001102230113021303310222110222110001310030003122131032122300333312011322320113011023112123011
3012100333230300003113303213323110310132303022231030030302303213031303122220212011203103222312113010020230201333011013332221123112310102031003312012322203131132
3102000232220011002320231223300323330232132203102103330012123131010023323111231303311231212101100112330230303100133111332303333123023113223320230302213321202031
2110003111010211330301003222310202221221113010301103202020132222300300330011012030102313321330122331021133302102220202032230212012020303131101211202032301122331
0033212202230332333211021033023333112031021213100301321112210020112003111332301121121223103000021201323130002113303032001012211222113010101202011021310111121000
0301120312210300221121302211103101321312102133231030231210122230112122231332000010100320330313221211210321011331010102121200002202322313103030122130031020130032
2013120222113032130322130031303121103312333130210012011123201120231212132012000323111233313002021320020000202121303201312120311311230221231220103033020321331202
0220333331003033310021203300002232232021000231010212111110303112011201213312303102010002121233211131221032131032112013301032131112332300112311001111110121002110
3312131130221231022132301211313333321233222032220130120231333213102111332113111030331313000001313022300231321101303301023333112231223223013200110112322231222121
