3232001223131320102233002110102331231122300320213220133220311021313032202232222221000232302230303021131321301322110130133321221020032000323232003133002103003323
1033211313001131203003133202200103301122312231133001313210133220301110333122023122301120031033102221120101103030231320103211003113323313232302033112130120330232
0003223132133211301233130123102111131312123231300111232013222130312101023010202210221120311301002300101232210330021130031323221230103112202102032223301032323330
0311031202220021220223102220102323201111211310103102023112202310002212121210100333003010120103223320311220110321222303101102313031001311331203100223311232233020
1010211310100333031231320302103232321312133003302011233321202021303003131312012023220100311120201332122323233230330013031201310112100002222323232230111312110132
0320212013301113202122032301030130222002202311132133333301231012023112000102032130000103202101333013002131310123113133022300332332203132303003021011221031112302
1120002330032012221221010123220202333230012013102223133331120222313220130212300213201212212102223102303313320023302322032130112110313030020010100321230332013210
1101000200223131101110120230031232333302211123231221033300033011223322121133010032120132021131320102013110213300311133003212111012202121111013112021012301132220
3212333121332132213132113023312133333320313312010313133331121123301100302010330001210001330333233200023030022131001212013110210122032123000012102020233223323220
2101011031320030200001031101330023333323113103210202333332132132212123323320011313020000110233213311210210020013212210012110000223030232011230122021301331100320
1311313032001020323110032120030003333012222212002013233310320120021232001211013112000220113203332123200013133230203020312222202100110202110330102303133000200130
3230331123203112122303033312010323333333322231221112333323220300000113200202001300233311333333221332203012200000112210223323212301032332113311221123131030033012
2223330221002213223111323330032133333332031011333313333301130230203003211332310102331130323323312230003113011330212223330333103331132230230201133103332200232323
0223303001201303310303310321020303333330312211333233333323233030201211203120103320312222233200311221200311012222000001133210113313130133222331000210122031130213
1303221303121220311301000032200213331002133110333333333312233220211133130102302122231131323231203312112222130330111011110231220030023110221000333302003220313311
1213133032102302330012301023130223333332302330333333333300230333103322331223102011202122020220130103023332202330231201332212013331022210113200220323221320200323
1223210132001101320230233011001113333333233120333312333323001222321333003211033303203131223031330331131133332031121322121030012122022232113302232110210210231201
1000103100203223330023102110322213333333322233333330333303330321333333211312201033130210222333333301021333330230331212000121113130131003030320120120210230102300
1030030032021201101031103132333033330331103300333310333300210311333333330023112012200303003311031003200333301103203121220211133212232210023012220031022211211110
1303012221110032200021323030333323333030032230333300333113020230333333330333220111221330232212121003333233331133313213121302003022222023031203102110130130210133
1202321000210330002021032220333333333331023232333333333013321032333333333303332330310012201332001003331133331121330133303120213033003211310010313331110333212013
1011133202333001100113031013300333333331332133333233333333101022333333233322010011320122323131330003332233320123012301132212111132131112133022331222101322032113
0232102331110332023232012022033323333332112233333333333302110022333333333330120330121131213011303013333333312012203023221320320322301211001100111200221133130320
3331313332232010312030010100033303333003110333333313033331311312233323233331032022210220130230013303333033320122131230233022100003213202120103311302333300233201
1110000300210012221203003222333333333332330101333333333322330123333332333330201100220311010012032033333313332312022302001223011003131330023301330222330110331132
0031211300223210013211212103133333333331233033333333333311320213233321123331111020210222213013020303333333333023203110122301022102101232310103131011221323111320
2300130020321102031023001220023333333333333333333333333322323221133313303333232103222203213130322123333303332233321121202323133313103021031212212012321113001233
2213333101313131121210120233003333313333333333333333333320331120033313013333320100032111232031331333333333331230230031110102321303113213311233302311101131013010
1000331111123131103030231100003333303333333333333323333312232321313333321333112122123333021103123223333333332231111111330032312322012013221203311232023121110311
0110113221030310132031131102133333313333333333333323333322312210313332002333120221302210222202113121333333332120133312222010232012211320201100120332011012131330
3310321013211323311211332321313333333333222121233323333332112223213332330333033200231121002323212101333330031123312330131130100003332101012313133023203300200103
0012023103330003302212123023113333333333300203033333333311023022201333202333023312120031322122003020333333331101023013021203102332103200022130030133231230321012
2002233232313223020003233333123333333333320210233313333332032132103333211333133032033310001033133203203333333132001330033323002031332212211211233320031001220111
2031210022013032033223300221333333233333322130233332333301102130123333002333011213321121100230310303333333331310210220210131231312123103223200211230210013123013
0021202213001310100102323301223333033333322202233332333331020133231333323333003003102200232122213123333333333303013010003122132213121111032031121113112230131212
3022103131122313001220330333203333033333323023233311333330123233123333331333022220221212132102211013333333330332122302212100022000232231222330123322303012232302
1332203320100122200222210023133330233333123102133303233330230013312333300333212200032123321312113112333333332331301133033231323233300112303311213110012033232331
1331310331111202111210111313023331233333311203333333133333130223022333330001222101021210023212202222333333332100030120321222020303323021323111011332031033000032
2332201003203300110231311032023330322330202231333313033330123211121333333313330000211031302322221223333333330322223002011110012201322313133111102012310301122333
0132320233331021101113112022313330033333332313033321133333300323132233333223330213203022221222223223333333331032220113213013221311220121220121121001122000023210
2113101132210310132020101223213331333333210101333323203333201210212022333303330123101010211222222233333133333012221222110200313001221303010122211112233203133031
1132020011231010202101032002023331333333332022233332003333033111210102133333333101121003023222311233333033331333332222222311011011300031111102222000101300313212
1200120021332233321011003323333313302131303120333322123333302022223333333323331222303213232310331213333033332313002222223211203332003002101333022030323112230101
1122000110111300122123133222033311303330123001233333103333320223110303330333331010103210101203233003333233333232201222220330132211220212210031213302332022133333
3202302002112223201200033320033330313331103311333313133333321213200233330333331313313001333010023223333133333110012012221231021213033030312211020001201300101031
1221021002221232023331113033113032313330323313300103000333303121313013332333331022023302321303323303333003331010021322222201010300321011032331221000030233120010
3331223333332332233133201211202002323332121232213100101333333130331120333133330320102110131332130203333133330010010033022220321103102113323000303313123203230111
1020113113123230113233130302131221003330322201221302123333331111203220333103333022121012020033202203333033333123003110022230330213223322010232032230332210122033
1030031210203120201001303331133313013333200320031221123333333123311300333323333330310300203130032133333333333333003313312220031110123231022122020033120202310312
0011012031030311301101103232333321203333201122002320333333331023301322212023333300300123022103130233333333333333110131232221321331113233113221202000302032033223
2030303202102320102231322111133323223332132030213213223333333201000211233301333302203002322301100333330333333320220103322221130232010310300311313110133023201332
3030313201310311033133113332033330323333333032323023133333333232111210133333333333131113232122123333311213333333123000132220102200313303012111022110100313233233
1003220233233203220301201031233333133333310210023231233333333101312003233333333333331133230332333333333332333311133300322222222311220213231010002312212103112022
0023113100111323131212122021203333333333000110331121221333333003221033033333133333333203202321333330333330033331030003112222101203230131203032011331333113120332
1213102010123030321202103013301333333333032121120231102333333322022033000333133333333333001220333332333330133330233012032220021201112001331223003212331102132130
3031111101033332330131331301113033333333211100202330000233333101112233232333003331333333333333333332333332013333113023102222131033023012130210031100203323020111
2330021312021031321321321333003300333333311211013220322100002002321302303023333333310333333333333203333312033331220202212222220203331131313120111200222203220330
1000100321333022013001123012200301033333301310331002012231200111330313310313333333330120333333333333331330333332132331132222202322133012232002122123033002331221
3230323032020313302233022321032230233333312211111312100331330303300012122033333333333300103333333333332103003331032030131222230032101122131012021312302303221232
2033130302023000233102030333302202233333002320021210100113223001311330031231333333333333333333333333323301133332112203020222320312322300021031211320132331230120
0303300112211002001322103113211213222030323011130131311112113002310011022303011333333333333333333332023100123333012232023222202203301032031103301230103120112231
1112112132110130130212330320211132210010221203211001233323013023130312232320313200333333333333333330202200313111221200102222222023121332302013323021223110131322
0220210012300220302020123102232031203223131201111101213303333030311030222303021013133333213103333331220211231133120313332222112221203000220312000230300013021213
0133220011303312302112232131022222010103101331113023110230020202113203323131032211212212101320220013201123012023112200123222301122312032302300130031330233232211
3002032311132011230332333000021110220222203000302231032200011332011030102210323020303210032021021030210013103233013213130222223102330222122330133022133111201300
0203220303313122121012111211321031200022331001031122111122332121303233102300230320110221223003300320230023030032312300312022221010003303113232210312321203031232
2102032321100022233233001222031320330132203313332000002120211311011013012231002001132000212300101022232321012031310330013322220220230130102220110233321101003103
3012110313001130230330202333310213300131002011112033021122211312102301000332032011302112313122111131000321302211103231133221203110333301032000312231203321033310
3133121100112303213032302000201333302002021111220301203323011123222033130133333121331001223000000313310211302220030103132222002102002003100001110202201100000012
1033031113101122310201212231201313120233120002011332230223120013212211021120111222022000211101033111223213223303220031002222303013320300322002122100101310032032
2023323002313210212013110020121331003220002301013322120112303302211202000330111010130201010131233122012230300110221203220222333313213113230302131001121031211233
2000121201012130101133103220320230020120313023122010102330333301312001123103213303133012232113212121020223102230310132122211201332321203001133033133331331011322
0223030333000130131330132103021212311023000001313210033322213311000302012121220130202321203231120301212202102030332031122212013103310220133110233103122103001200
2210130101232033221213032130133322123022110212110022000132031230323200231003320301133312201011020230213121213221332222022203100301210331010112223111312311121332
1021220033132003121132220223021021132322330211312310111013131320330320233011223210021031313213200212123222000310022221230201333030032333000222112013032000120313
1231131233132313330310222103311113223302220332101113210000232031020200100332002331003110021213301323321221110100232221310322312111131022301012311322223102312000
2331333322230200010012220101100102211130021210110013031112033102113333001021103303222211022031000022033132101310210022011322201011211211213202022123223012231330
0222222011303113022320331200113121031303012021020203220001231300001203123332332300020030110110003202330302221033110210220321033232132133310212301213203013001011
0210230033313322103032232102102231102012001332020100221230211123102103131101211011012210013212221222131132221112223302001101220100232231213002133201310230130002
1100103200321333030202231232320112032103201200332211203012322213113222223122220311233311222122222222023332223322023030021003123011111001022112330010332303130323
2232200323121110311200323022012302320122102000023002230012102032221222130222221113333302222012223222300131002131032213211002103032330132032302311301112100133221
0122201002111332311323110030313200120012321313012133313020222222221222003022213322010110222221132301333110113223122232202200130131223223222010002301003000213212
2201223223210202311300223213011100010231211122322233001002222222220323233210231110331300011200232102100202330120121033103002122012203311313113030331000113230332
2021023122023301123111221121323302013311202221300123111322222222203033122023222313033101320212001212111022232002001321203112030232002103211032102302130001133010
3122311110132303001030132330203211111313222213123203121222222123202322033000010100111112120310132033122112012230022031032300230313122111220232002030132302330232
0100311033010330002012323110112132132020122210233101222022231223003330331113101210110130310111330213022003221311312331023012223133020121000101211230111312203032
0001213312221320020000021132001112300033133013123103222322220003333230002213323300102200222102233031202023133321100220003201010131022210232003002111012013232212
1210133210330231311012212112233103131311313031310132222213033312032223132022330000010021221000233032000103030232031313311322031130322310232313303013211202332103
1301323003223123211101133223313112302000312320331002223211332112112201131330321001222201302212210212110013201311011023233120212210331210303333120310003301211233
3023013211231320122232132033120303031032222000011102220223320233302032001222113112003320300203010012130001013330300332223120120212302020300022223310003200031132
1332113302122110201222012012030000130131030331030123310113321230222122100033031212221111113233332200333212310020203203331331330321231300323123202222233001020202
2301002002331311323101130003101030321210010021332223302021123210100201022003303222022223303110133020120300130113013023101230130132013313113013213331030302201213
0312122323203300113120230233332210212322121223002223212211323131001322033220331002331303113211221001221232131112333202023110100311023332130033133123302332000312
1001230100213311103331112232001213031301223023002223103301210132201121312301111330003130121020131111231110221320012030212213000000021221002311100332010101130110
1113133321031022110102303222300200311023333013231211022213212010113013111211230232323230330002331213012223201113002221323303123220110331032013123230103200221010
1102022020320220103113031031122322103102331103122202012101002020203013223322331111201112203311033310312230231233201232310013312213032231130122302303222103113223
1132110110031033020213202301322300002103233102222202110033113022222133233330112021230322133331131200210133021103032110012312131302130211011102302132332000100111
3233212021133333011212131133030202003312223122122211010101231203220222201311012113331223233013012220203301022322220233110221313313331320010123232313023330322013
3223021203013023300012101021222230331212013333222202203333222003210221232013213203132033133200331110201032332002003300130120332000303132113300012322003033122232
3301300203231103000203213131210100003131021202222022320031000111330002010310010321330021100211202223312023203300133020120032122332212021013201102011121303023133
2333001122102130110121100301211223111213032120222202023021122033302330303013330021031323230321113332002300311231122020312100013003112233023332221102202020213010
3230122130211321131210301011331002300230212212120022113231031310233220303220011212133021122110311130202332220112033330132303210313313223132003031131223101123303
1301112012110132312013113011110113101011302302222112102302100120212312123102310331122020130130120213003023102213110212023230133132112323212030002013000021230120
2112130202321302203131122323132130003332022332220321132223100203311023103201300030131231021122121332122011002212010231113122010202220002210003021110021021112133
1021100003031313223010330312200211130223111002222313320131123101122220023110031201021202301122022330031331112220001012322221303321211102300123131320211131101130
2131230030123123013011233003313203003111120232222110122301332011101212222223230332033332232010332033232322233321012012320133120131022001312030101032032131003313
2333330331330320003332023302213322003032133312222022023132030132310132222131023130112110031002232110330003021120100303333012212122321333102101121112131333302130
3012201023101033021022102033322230032201110132223133110330300110021233122200023231323022322200000010330133212222302032013300000111312300111010013021202131022203
2221330011333022330200103333332201032121333202221021203013200000023132310032011300312113022122012011321022002330101132003333331203113210321133312221223223001012
1102133322200302120030132023103300001102130122221132012233101030000202020130021231333212201222300310031211110012212202333320312031323022303032023332233102003110
1032113230132301031011233131030310021301103222222203023310101330310303232002132000312312100020013013310123221231033221212212301020111210311022101131020303323102
0130120122330113331011123203222031123011330032222222201311222223102110133033210313113233010111332202000301203120200300011211202031222033233022302232312000120022
0310223100310331202101313201010320102002102133222222032222222230321122310323010311210221303311103232111010023010222111102311001330100001031110332201101201312101
1000220032003000200101000001202101331132201302222222102222222213122300200123320233230211210230032231003310321000122203300323300232312311213002001312203301200313
2010111322301303101321311122332320310111303120320303022222222223121033332333223311231310201020200131131123212032113122030330302000011231130032311132131200221232
3313011110303111203233003311030122031120232030322003222211230003211023100102000000121311301301003131300123332233211203322132123103310300122221102010020000202333
2221031331132323003112221220213331222133222010202011013313330331332130321311020002013032001032303302333233031032020111212032001031001013300112200223333113333101
3021132222133002003320213312132231133012212013102330220123312210122023311111120331333102301221212111103302102103320330223221303033213201102322100311303132112132
2011210220302213201322002322101103332200200101210310022103011023210101023321032030221102133120233303133002121210022322123310110130320133130032222030211301213120
3100213120130333011031030100002122300230112120222333230102132221233222131100131303302221003201200333022211303322010112000031200022130121201322301201213310300330
0210232231230103300210322300301231223323101100132030002331021222000021203023103030321032033113210220010112301113200133210011220223221203201303233033332010112013
3230320201033212111013221313012320013221223333021103332312111330221200332132001323012210212032323000120032133322100033021113002313303312130332000310131032230210
1113010132201210220221003302011033320031320330231322112333013101121120231322131120123111103300031101030032300111000222001233331202020323011113330020112012132013
3013310311103111321321033100212313031330330332311211110032011333223330333330020212010323031122030320122212321212330210211021332323230031221021211232022203202222
1102123201303231220313110001023222100213123312322311300303110232013121111131332210321223101233002233120211333003320200232021012311130113311212103032313332001202
2210111313303211301133001031002223202101231231031330012211131223212333132311312203311123002202331120203020032322033320023213130021203003013010130221302203201103
0002223121011113132010120112331002322113111333311212320100200212333023323230321002320022200222032132111311012311120222321321101021103001022302330031033221303000
2311301232132113012122113312201220102123332110121120300322213101333233101312211132101002023233233122301113212101122133310300111310001102110101033113303333311030
