0000000000000000000000000000000000000000000000000000000000000000000000000000000000000000000000000000000000000000000000000000000000000000000000000000000000000000
0000000000000000000000000000000000000000000000000000000000000000000000000000000000000000000000000000000000000000000000000000000000000000000000000000000000000000
0000000000000000000000000000000000000000000000000000000000000000000000000000000000000000000000000000000000000000000000000000000000000000000000000000000000000000
0000000000000000000000000000000000000000000000000000000000000000000000000000000000000000000000000000000000000000000000000000000000000000000000000000000000000000
0001222222322222233222222222210000000012233333333333333333333333333333333333333333333333333333333333333333333333333333333333333333333333333333333333333333333333
0001222223232323232222222222210000001012232333333333333333333333333333333333333333333333333333333333333333333333333333333333333333333333333333333333333333333333
0010222232222232322222222222210101010112323232323333333333333333333333333333333333333333333333333333333333333333333333333333333333333333333333333333333333333333
0001222323232323232222222222210000001012232323333333333333333333333333333333333333333333333333333333333333333333333333333333333333333333333333333333333333333333
0010222232323232323222222222210101010112323232323333333333333333333333333333333333333333333333333333333333333333333333333333333333333333333333333333333333333333
0001122322232223232222222222210000001012232323333333333333333333333333333333333333333333333333333333333333333333333333333333333333333333333333333333333333333333
0010122223223232323222222222210101010112323233332333333333333333333333333333333333333333333333333333333333333333333333333333333333333333333333333333333333333333
0000122322322323232322222222210000001012232332323333333333333333333333333333333333333333333333333333333333333333333333333333333333333333333333333333333333333333
0010122223232323323222222222210101010112323323333333333333333333333333333333333333333333333333333333333333333333333333333333333333333333333333333333333333333333
0000122232323232323222222222210000001012232333233333333333333333333333333333333333333333333333333333333333333333333333333333333333333333333333333333333333333333
0010122323232323232322222222210100101112323233333333333333333333333333333333333333333333333333333333333333333333333333333333223333333333333333333333333333333333
0000122232323232323232322222220001010112232323333333333333333333333333333333333333333222233333333333333333333333333333333333333333333333333333333333333333333333
0010022323232323332323232222220010001012323233333333333333333333333333333333333322222222323333333333333333333333333333333333333333333333333333333333333333333333
0000112232323232323232322222220100101112333333333333333333333333333333333333332222222122233333333333333333333333333333333333333333333333333333333333333333333333
0010022323232333233323232322220001010112323323333333333333333333333333333333322222111222233333333333333333333333333333333333333333333333333333333333333333333333
0000112232323232332332323222221010001012233233333333333333333333333333333332222221111222333333333333333333333333333333333333333333333333333333333333333333333333
0010013223232323323323232322221000101112323333333333333333333333333333333222211221011123333333322333333333333333333333333333333333333333333333333333333333333333
0000112323323233233232323222221001010112332333333333333333333333333333333321111211111223333333222323333333333333333333333333333333333333333333333333333333333333
0010012232332323332333232322221010001012323333333333333333333333333333333111112111111233333222222333333333333333333333333333333333333333333333333333333333333333
0000112323233233233323232322221000101112333333333333333333333333333333332111121111012332222222223323322223223333333333333333333333333333333333333333333333333333
0010012232323323332332323232221010010112323333333333333333333333333333331101121111012323222122222222222222222233333333333333333333333333333333333333333333333333
0001002323233233333323232322221000101012233333333333333333333333333333321011122110112222212121112111111112222222333333333333333333333333333333333333333333333333
0010012232332333333233323232321010010102333333333333333333333333333333311111221101122221111111111111111111112223333333333333333333333333333333333333333333333333
0010102323233323323333233323221000101012323333333333333333333333333333211111221110112211111010010101011111112223333333333333333333333333333333333333333333333333
0001011332333333333333333332322001010102233333333333333333333333333332111111221111122111100101001011111111122233232333333333333333333333333333333333333333333333
0010101323333333333333333323232000001012333333333333333333333333333331111112221111121110101010101010112222232322233333333333333333333333333333333333333333333333
0010011232323333333333333333322010101102233333333333333333333333333321112112221111211101010000010101111122222222133333333333333333333333333333333333333333333333
0010101323333333333333333333232000010111133333333333333333333333333321112112221112111010000101001010011112223333333333333333333333333333333333333333333333333333
0010101232333333333333333332322010101012333333333333333333333333333311122012211121110100101000010001010111222333333333333333333333333333333333333333333333333333
0001010323323333333333333333332000001101333333333333333333333333333212222112112221101001000010100100101011122233333333333333333333333333333333333333333333333333
0010101233333333333333333333322101010111333333333333333333333333333221222122122211010010010100001001010101122333333333333333333333333333333333333333333333333333
0001010232333333333333333333332100001011333333333333333333333333333222222111122211000100100001010010101112222223333333333333333333333333333333333333333333333333
0010101233332333333333333333322101010101323333333333333333333333332222222111222110010001001010000101010111222222333333333333333333333333333333333333333333333333
0001010223333333333333333333332100001011333333333333333333333333332222232121222100100100010000101000101011222223333333333333333333333333333333333333333333333333
0010101133333333333333333333332101010101333333333333333333333333332222232212221001001001000101000010101111222333333333333333333333333333333333333333333333333333
0001010133233333333333333333332100001011333333333333333333333333332222323222211010010010010000010101010111122233333333333333333333333333333333333333333333333333
0010101132333333333333333333332101010101233333333333333333333333332323233212110000100100100101000010101011112233333333333333333333333333333333333333333333333333
0001010133333333333333333333332100001011233333333333333333333333332223332221110101001001001000010101010101112222233333333333333333333333333333333333333333333333
0010101123333333333333333333333101010101233333333333333333333333333232333221100000010010010010100010101011112122233333333333333333333333333333333333333333333333
0001010123333333333333333333332100001011233333333333333333333333332323322221010101000100100100001001010111111222323333333333333333333333333333333333333333333333
0010101023333333333333333333333101010101233333333333333333333333333332332211000000010001001001010010101011111122233333333333333333333333333333333333333333333333
0001010123333333333333333333332200001011233333333333333333333333333323332110101010100100010010000101010111111222233333333333333333333333333333333333333333333333
0010101023333333333333333333333200100101233333333333333333333333333333322110000000001001000100101000101111111122223333333333333333333333333333333333333333333333
0001010123333333333333333333333201001011233333333333333333333333333333321010100101010010010001000101010111111112223333333333333333333333333333333333333333333333
0010101013333333333333333333333200010111233333333333333333333333333333221001001000000100100100010101011010101112223333333333333333333333333333333333333333333323
0010100113333333333333333333332201001011233333333333333333333333333333321010010010101001001001001010101010111112223333333333333333333333333333333333333333333333
0010110013333333333333333333333200010111233333333333333333333333333333230100100100000010010010101010101011111122223333333333333333333333333333333333333333333333
0010101013333333333333333333332201000111233333333333333333333333333333320001001001010101001001010111111111111122232333333333333333333333333333333333333333333333
0010110112333333333333333333333210010111233333333333333333333333333333320100010010101010101010101112222222222222233333333333333333333333333333333333333333333333
0101011012333333333333333333333210001011233333333333333333333333333333221010101111010101010101111122223222222222333333333333333333333333333333333333333333333333
0010111102333333333333333333333210100111233333333333333333333333333333321011111221111111101011112222322323222333333333333333333333333333333333333333333333333333
0010111112333333333333333333333210001011233333333333333333333333333333321010112222221111111111222222233232233333333333333333333333333333333333333333333333333333
0010111102333333333333333333333310100111233333333333333333333333333333321101011112222221111112223223322222232333333333333333333333333333333333333333333333333233
0010111112333333333333333333333210001011233333333333333333333333333333321111112221222222111123333333322333333333333333333333333333333333333333333333333333333333
0010111111333333333333333333333210100111233333333333333333333333333333332222222223222333323333233333232233333333333333333333333333333333333333333333333333333333
0010111111333333333333333333333310001011233333333333333333333333333333322112222233222223333333323322322122222233333332233333333333333333333333333333333333333333
0010111111333333333333333333333220100111133333333333333333333333333333222111111222222113332333332222221212222323323322223333333333333333333333333333333333333333
0010111111333333333333333333333320001011123333333333333333333333333333333101111111111113211123332222211121222222223222233333333333333333333333333333333333333333
0010101111333333333333333333333320010111233333333333333333333333333333332101011111111113100002332222111212222222123122233333333333333333333333333333333333333333
0010101111233333333333333333333320100011133333333333333333333333333333322101111111111112001011322111111111111111122122233333333333333333333333333333333333333333
0010101111233333333333333333333320001011123333333333333333333333333333322100011111101012010001232211111111111122211222233333333333333333333333333333333333333333
0010101111233333333333333333333320100111123333333333333333333333333333321101000010010121000101123221111111111111111222233333333333333333333333333333333333333333
0001011111233333333333333333333320001011133333333333333333333333333333331110101001011220101010112222211111101111112222333333333333333333333333333333333333333333
0101011111233333333333333333333321010111133333333333333333333333333333331111111111111110000101111122211111111111122223333333333333333333333333333333333333333333
0010101111233333333333333333333321000011133333333333333333333333333333331010100000101100101010111112111111111111222223333333333333333333333333333333333333333333
0101011111233333333333333333333321010111133333333333333333333333333333331010101010110010000001111212111111111111222223333333333333333333333333333333333333333333
0010111111133333333333333333333331000011133333333333333333333333333333331010101010101000101010111111111111111111122223333333333333333333333333333333333333333333
0101011111133333333333333333333321010111123333333333333333333333333333331101010101010101000101111111211101111111222233333333333333333333333333333333333333333333
0010111111133333333333333333333331000011123333333333333333333333333333332010100010101000101011221112221111111112222323333333333333333333333333333333333333333333
0101011111123333333333333333333321010111123333333333333333333333333333333010010101010101010112222222321111111112222333333333333333333333333333333333333333333333
0010111111123333333333333333333331000011123333333333333333333333333333333101010101010111111223233333321111111122223333333333333333333333333333333333333333333333
0101101111123333333333333333333322001011123333333333333333333333333333333201010100101012222223333333321111111222233333333333333333333333333333333333333333333332
1111111111113333333333333333333332010011123333333333333333333333333333333210101010000011122213333323221111112222333333333333333333333333333333333333333333333323
1111111111112333333333333333333332000111123333333333333333333333333333333311010101010100111232322222211111111222333333333333333333333333333333333333333333333333
1011111111113333333333333333333332001011123333333333333333333333333333333321101010000010101122222222121111112223333333333333333333333333333333333333333333333333
1101111111113333333333333333333322010011123333333333333333333333333333333321110101010101010111112121211112222223333333333333333333333333333333333333333333333333
1111111111112333333333333333333332000101123333333333333333333333333333333331111010101010101011111112121222222223333333333333333333333333333333333333333333333333
1111111111112333333333333333333332101011123333333333333333333333333333333332111010110101010101111112222222322232333333333333333333333333333333333333333333333333
1111111111112333333333333333333333000011123333333333333333333333333333333333111101010110111111222222222323222223333333333333333333333333333333333333333333333323
1111111111112333333333333333333333101001123333333333333333333333333333333332111010111112222222232333333232222232333333333333333333333333333333333333333333333333
1111111112112333333333333333333333100011123333333333333333333333333333333322211101111111110111112222222222222223333333333333333333333333333333333333333333333333
1111111111112333333333333333333333101011123333333333333333333333333333333322210101110100001011111222222222222232333333333333333333333333333333333333333333333333
1111111112111333333333333333333333100011123333333333333333333333333333333223311010110101111111212222222222222223232333333333333333333333333333333333333333333333
1111111111211333333333333333333333101011123333333333333333333333333333333333321011111011111222222222222222222232333333333333333333333333333333333333333333332333
1111111111111333333333333333333333100001123333333333333333333333333333333323221101010101111122222222222222222232323333333333333333333333333333333333333333333333
1111111111211233333333333333333333201011113333333333333333333333333333333233222111101110111112222221222222222223333333333333333333333333333333333333333333333333
1111111111211233333333333333333333200001123333333333333333333333333333322233222211010101011122212112122222222323333333333333333333333333333333333333333333333333
1111111111211233333333333333333333201011123333333333333333333333333333223333323211101010101111111111112122222233333333333333333333333333333333333333333333333333
1111111111212233333333333333333333200001123333333333333333333333333332223332233321110101010111111111111222232333333333333333333333333333333333333333333333333333
1111111111211233333333333333333333301011123333333333333333333333332222233322222222111010101001011011112222233333333333333333333333333333333333333333333333333333
1111111111221233333333333333333333300101122333333333333333333333222223333322222223211010101010101101111222333333333333333333333333333333333333333333333333333333
1111111111212133333333333333333333310011123333333333333333333222323233323222332223321101010101010111112223333333333333333333333333333333333333333333333333333333
1111111111221233333333333333333333310101122333333333333333232222232223223223323223322101010111101111122233333333333333333333333333333333333333333333333333333333
1111111111222123333333333333333333310011213333333333333322333233323222232333222333332110101111111111222333333333333333333333333333333333333333333333333333333333
1111111111221233333333333333333333311001122333333333332222222323232222323323222233323211111111111112222333333333333333333333333333333333333333333333333333333333
1111111111222223333333333333333333310101122333333333322222222232322223333232223222222221111111111121223333333333333333333333333333333333333333333333333333333333
1111111111122222333333333333333333311011212233333333222222223233222223332323333223222321111221112112233333333333332333333333333333333333333333333333333333333333
1111111111222133333333333333333333310101122333333332222222222323222323322232333223222322121222122222233333333333323333333333333333333333333333333333333333333333
1111111111122223333333333333333333320011222333322222222212222222223333322333332233333322222222222223333333333333233333333333333333333333333333333333333333333333
1111111211122223333333333333333333320101122322222222122222222222223323322332333233332332222222222223333333333333333333333333333333333333333333333333333333333333
1111111111122223333333333333333333320010222222222221223223222222223323222332233333332332222222223333333333333333333333333333333333333333333333333333333333333333
1111112121222223333333333333333333320101222222222222233223222222222223333332233223323233233333333333333333333333333333333333333333333333333333333333333333333333
1111121112122223333333333333333333320010222222222222233233222222222233332332333233333333332333333333333333322333333333333333333333333333333333333333333333333333
1111212121112223333333333333333333321001122222222322233223222222222333332333333233333333333333333333333332233333333333333333333333333333333333333333333333333333
1121111212122222333333333333333333330101223223223222223233222221223332223323323333333333333333333333333333333333333333333333333333333333333333333333333333333333
1111212121212222333333333333333333331010222322322322233333222222233332233323323333233333333333333333333333333333333333333333333333333333333333333333333333333333
1212111212122222333333333333333333331001132232322232233233222222233332233223323333223333333333333333333333333333333333333333333333333333333333333333333333333333
1111222121212222333333333333333333331010222223332322233332232222232322333233323332223333333333333333333333333333333333333333333333333333333333333333333333333333
1121212112122222333333333333333333331011222322322232223223232222232332333332323332223333333333333333333333333333333333333333333333333333333333333333333333333333
1112121221212222333333333333333333331111222232332222223222322222233333332333322333333333333333333333333333333333333333333333333333333333333333333333333333333333
1211212121212222333333333333333333331112222223332222223223223222233333332332322333333333333333333333333333333333333333333333333333333333333333333333333333333333
2221222212122222333333333333333333332121222222332222223222233222333332233333323333333323333333333333333333333333333333333333333333333333333333333333333333333333
2212112122212222233333333333333333332212222223232222222222333222333332332233233333333322333333333333333333333333333333333333333333333333333333333333333333333333
2212221221222222233333333333333333322221222232333222223222333222333223332233333332333322333333333333333333333333333333333333333333333333333333333333333333333333
2221212222122222233333333333333333222222222223233222222222333222333233332233233322233333333333333333333333333333333333333333333333333333333333333333333333333333
2122222221222222233333333333333333222222222223333222222222333222332233322233333322333333333323333333333333333333333333333333333333333333333333333333333333333333
2222222212212222233333333333333332222222222223233322232333333222332233232333333322233333333222333333333333333333333333333333333333333333333333333333323333333333
2212222222222222233333333333333332222232222222333322223333333222333333333333233332333333333323333333333333333333333333333333333333333333333333333333333333333333
2222222212222222233333333333333322222223222222333322333333333222333333333333233333333333333333333333333333333333333333333333333333333333333333333333333333333333
2222222222222222233333333333333222222332332222333333333333333222333333333333233333333333333333333333333333333333333333333333333333333333333333333333333333333333
0000000000000000000000000000000000000000000000000000000000000000000000000000000000000000000000000000000000000000000000000000000000000000000000000000000000000000
0000000000000000000000000000000000000000000000000000000000000000000000000000000000000000000000000000000000000000000000000000000000000000000000000000000000000000
0000000000000000000000000000000000000000000000000000000000000000000000000000000000000000000000000000000000000000000000000000000000000000000000000000000000000000
0000000000000000000000000000000000000000000000000000000000000000000000000000000000000000000000000000000000000000000000000000000000000000000000000000000000000000
