0000000000000000000000000000000000000000000000000000000000000000000000000000000000000000000000000000000000000000000000000000000000000000000000000000000000000000
0000000000000000000000000000000000000000000000000000000000000000000000000000000000000000000000000000000000000000000000000000000000000000000000000000000000000000
0000000000000000000000000000000000000000000000000000000000000000000000000000000000000000000000000000000000000000000000000000000000000000000000000000000000000000
0000000000000000000000000000000000000000000000000000000000000000000000000000000000000000000000000000000000000000000000000000000000000000000000000000000000000000
1111111111111111111111111111111131111111111111111111111111111111111111111111111111111111111111111111111111111111111111111111111111111111111111111111111111111111
1111111111111111111111111111111221111111111111111111111111111111111111111111111111111111111111111111111111111111111111111111111111111111111111111111111111111111
1111111111011011011011111111111321111111111111111111111111111111111111111110110110110111110111111111111111111111111111111111111111111111111110111101111111111111
1111111110111111111111110111113320111111111111101111111111111111111111111101111111111111011111101111111111111111111111111111111111101111011101111011111111111111
1111111111111110111110111111113311111111111111011111111111111111111111111111111101111110111111011111111111111111111111111111111111111111111111111111111111111101
1111111111111101111011111111133311111111111111111111111111111111111111111011110111111101111110111111111111111111111111111111111111111111111111111111111110111111
1111111111111011111111111111333311111111111111111111111111111111111111111111101111110111111111111111111111111111111111111111111111111111011101111011111011111111
1111111111110111111111111113333211111111111111111111111111111111111111110111011111101111111111111111111111111111111111111111111111111101111111111111111111111111
1111111111111111111011111023333211111111111111011111011111111111111111111111111111011111111110111111111111111111111111111111111111111011111111111111111111111111
1111111111111111111111110133333201111111111111111111111121111112111111111111111110111111111101111101111111111111110111111111111111111111111111111111111111111111
1111111111111111111111111233333211111111111011111111121000000000011211111111111101111111111111111111111111111111011111111111111111111111111111111111111111111111
1111111111111111111111112333333011132011111111111111100110000000000001211111101111111111111111111111111111111111111111111111111111111111111111111111111111111111
1111111111111111111111123333333111232111110111111120001100000000000000011111111111111111111011111111111111111111111111111111111111111111111111111111111111111111
1111111111111111111111123333333111330111111111111100000012321000000000000111111111111111111111111101111111111111111111111111111111111111111111111111111111111111
1111111111111111111111133333333113321111111111120000001333333300000000000002111111111110111111111111111111011111111111111111111111111111111111111111111111111111
1111111111111111111111333333333123311111111111200000023333333330000000000000201111110111111111110111111111111111111111111111111111111111111111111111111111111111
1111111111111111111113333333333133311011110111100000133333333330000000221000111111111111111111101111111111111111101111111111111111111111111111111111111111111111
1111111111111111111123333333333123311111111112000000233333333320000003333000021111111111111111111111111111111011111111111111111111111111111111111111111111111111
1111111111111111111133333333332213321111111120000000333333333310000013333300001111111111110111111111111111011111111111111111111111111111111111111111111111111111
1111111111111111111233333333332113330111111110000000333333333300000023333310002111101111101111111111111110111111111111111101111111111111111111111111111111111111
1111111111111111111222233333333113331111111200000000333333333200000033333320001111111111111111111111101111111111111110111111111101111111111111111111111111111111
1111111111111111111111133333211112331111111210000000333333333000000023333320000201111111111111110111011111111111101111111111111011111111111111111111111111111111
1111111111111111111112333333211111332111111200000000233333332000000023333330000111111111111111111111111110111011111111111111111111111111111101111111111111111111
1111111111111111111111333333011111332111111310000000033333320000000013333330000211111111111111101111111101111111111111111111110111111101111111111111111111111111
1111111111111111111111333331111111331111112100000001123332100000000013333330000111101111011111011111011111110111111111011111011111110111111111111101111111111111
1111111111111011211121333331111112331111111200000000000000000002001011333310000111011111111111111111111111101111101111111110111111101211111011111011111111111111
1111111111122322221322333321111113321111112110000000000000000020002001233300000111111111111110111110111101111111111111111111111111112201111111111111111111111111
1111111111111222232232333331111133320111111210000000000000000000000001011000000201111110111101111101111111111111111111011101111112112211111111110111111111111111
1111111111111121221223333330111133311111111121000000000000000000000000100000000111111101111111111111111111101111011110111111111023223011110111111111111111111111
1111111111111131121323333321111333311111111202000000000000000000000000000000000211101111111111111111111011111111111111111111110233333111101111111111111111111111
1111111111111121222223333321111333311111111201100000000000000000000000000000001110111111111011111101111111111111111111111110111333332111011111111111111111111111
1111111111111122131233333331111233320111111120201000000000000000000000000000002101111101110112011111111111011101111110111101112333333011111111110111111111111111
1111111111111113222233333311111233321111111111020000000000000000000000000000101111111011111112111111110111111111111101111111113333333111111111111111111111111111
1111111111111113332333333211112233331111111112011000000000000000000000000000021111110111111113011111111111111011111011111111133333333111110111111111111111111111
1111111111111110122233333111113333332111111111110120000000000000000000000000121111101111101113111111101111011111111112111011133333333211011111101111111111111111
1111111111110111122333332111113333332111111111110001211210110010000000000002211011111111011113111111011111111111101223011111133333333211111111011111111111111111
1111111111101111112333331111133333333111111111112000000100110121111010011211111111111110111131111111111110111110112313111110333333332111111110111111101111111111
1111111111111111122333330111233333333111111111111200000100000010010121110111111111011011111221111110111101111101112223011102333333333011101111111110111111111111
1111111111111111122333311112333333333211111111011121000000000000000000012111111110111111111311111101111111111111111313111113333333333011111111111101111111111111
1111111111111111113333311133333333333311111111111111210000000000000011211111111101111111113111111011111111111011112333011123333333333111111101111011111101111111
1111111111111111112333213333333333333311111111111101112210000001112111111011101111111011113111111111111011101111102332111133333333333111101111111111110111111111
1111111111111111113333212333333333333321111111011111111112212211111111110111111111110111112211111111111111011111111232111233333333333111011111110111101111111111
1111111111111111113333123333333333333331111110111111111111111111111111101111111111011111111321111111110111111111012333301233333333333201111111101111111111110111
1111111111111111123333333333333333333333111101111101111111202111111111011111111011111111232221111111101111111110123333211333333333333211111111011111111101111111
1111111111111111133332233333333333333333201111111011110233111111111110111111101111111123311311111111111111011101113333303333333333332111111101111111101111111111
1111111111111111133333333333333333333333311111111111111112301211111111111111011111113332011311111111111110111111113333223333333333332011110111111111011111110111
1111111111111111233333333333333333333333321111011111101111211111111111111110111112333311112311111111111111111111113333323333333333331111101111111110111111111111
1111111111111111233333333333333333333333321101111111011112310211111111111011111233333111112211111111111011111011012333333333322333331111111111101111112111101111
1111111111111111333333333333333333333333311011111110111112320201111111101111113333332011112301111112111111110111112333333333312333331111111110111111112111111111
1111111111111111333333333333333333333333311111111111111113320211111111111111233333332111112311111131111111101111112333333333321333331111011101111110113111111111
1111111121111111333333333333333333333333330111111101111133111111111111111113333333333111113311113331111111011111011333333333112333331111111111111111123111111111
1111111231111111333333333333311333333333331111111111111222111111113111111233333333333332123211123331111110111110111333333333111333332111111011111101112111101111
1111111332111112333333333333111133333333331111110111112232111111132111113333333333333333332211333332111111111111111333333332022333332111011111111011112111011111
1111111333011113333333333331211133333333333011111111112323312111232111333333333333333333333333223321111101111101111333333332211333330111111111111111112110111111
1111112333111133333333333332211233333333332211111111112323321111332123333333333333322222222233332221111011111011111333333332111333321111111111110111112111111111
1111113333211233333333333311321222232223222111111111112332333333333333333333333333111101123322223320111111111111111333333321301333330111111111111111112111111111
1111222333313333333333333212233333333333332221111111111332333333333333333333333333111111133333332223111111111111011333333321122333321111111101111111022011111111
1112333333311333333333223333333333333333333333333332223222333333213333333333333333111111333333333321111111110111111333333311123333321111111111111111112111111111
1112333333321233333322333333333333333333333333333333333333332033232233333333333333211113333333333311111111111111111233333322213333321111111111111111112111110111
1111333333332333333233333222232333333333333333333333333333333333330000223333333333311133333333333321111111111110111333333320113333321111111111111111022011111111
1111233333333333322322222112112223333333333333333333333332113333320000000233333233321133333333333321111111111101111233333212113333321111111011111111122111111111
1111133333333333322233332112113332333333333333333333333331000133300000000003333212332233333333333331111111111011111333333212123333211111111111111111233111110111
1110133333333333233333332121113332333333333333333333333330000000100000000000133321123233333333333321111111111111112333333111233333301111111111112233333320111111
1111113333333333333333331120113323333333333333333333333330000000000000000000013332112322333333333321122111111111113333333112233333211111111111123332333332111111
1111112333333333333333331122233233333333333333333333333330000000000000000000000333233222233333333321112111111121113333333221233333211111111111112321212233321111
1110111333333333333333331232222332222333333333333333333330000000000000000000000133323333333333333330122111111130123333332122333333311111111111112322222121221111
1111111133333333333333332220233223333233333332133333333330000000000000000000000023332323333333333321112111111121133333332112333333211111111111133333333322301111
1111111133333333333333331122332333333233333321333333333331000000000000000000000003332112333333333331112112211211133333332113333333211111111113333333333333321111
1110111131233333333333331123323333333333333211333333333331000000000000000000010002332212322333223331112121111211232133331213333333211111111233333333333333332111
1111111122012333333333331232233333333233332322333333333333000000000000000001111111001211112222232321112121111321211133331123333333211111112333333333333333333111
1111112232111133333333332321333333333233323323333333333333000000000000002211101011333322111200233231122311113321111133333133333333211111123333333333333333333201
1110123111110233333333323213333333332333233323333333333333100000000000000000000000133331200100233321121211112320111233333333333333211111233333333333333333333211
1111112111101233333333231233333333332333233233333333333333300000000000000000111111122102000100333321111211113311111233333333333333111111333333333333333333333311
1132333111111133333333223333333333323332333233333333333333320000000011111120000111122331000102233332112111133311111333333333333333112112333333333333333333333311
1133212111111133333333233333333333323323333233333333333333330000011000011111111000013112000121123333212111333211111333333333331233123332333333333333333333333311
1122121111111133333333333333333333233223332333333333333333333001111111000000000111112331102211111333322013332011112333333333331112133333333333333333333333333311
1113232111111123333333333333333333233211332333333133333333333211100000000000110011113113332210111233332133321111113333333333330111133333333333333333333333333311
1123332011111133333333333333333332332311113333331113333333332121000000000011211100111333332111111013333233311111113333333333321111133333333333333333333333333311
1233332111211123333333333333333332323311113333321111333333333332000000011111000111112333333201111111333323311111123333333333311111133333333333333333333333333311
2333332111121123333333333333333333223311123333322012223333333333300111101100011011002333333311110111133332320111133333333333311111123333333333333333333333333322
3333332112222133333333333333333323233311133333223111013333333333331111110011111100001333333331111111322333221111133333333333301111023333333333333333333333333333
3333332112131223333333333333333322333311233333213211112233333333302300001100110000001333333333111113333233321111233333333333211110123333333333333333333333333333
3333333021222223333333333333333232333321333332313111133323333333333332010111000000000333233333301133333323332111333333333333111101113333333333333333333333333333
3333333112133123333333333333333223333321333322333311333332333333333333121000000000001333223333331333333332333111333333333333111011111333333333333333333333333333
3333333011131123333333333333333233333332333312333213333333223333333332130000000000000333212333332333333333233312333333333332110111111333333333333333333333333333
3333333111121133333333333333333233333323333233333133333333323333333332333100000000000333210233333223333333323332333333333331111111123333333333333333333333333333
3333333111121123333333333333333333333323333213333333333333332133333333333320000000000333111113333332333333332333233333333331111111113123333333121333333333333333
3333333111122233333333333333333333333233332223333333333333312112333333333332000000000333111132333333233333333233322333333330111112122113333332221213333333333331
3333333222333333333333333333333333333233332123333333333333112111233333333333200000000333112333233333323333333322333233333311111122222111333332112223333333333321
3333333333333333333333333333333333333233322223333333333332112111123333333333320000001333112222213333332333333332333223333311232131111111133333122223333333333311
3333333333333333333333333333333333332333322223333333333321112111121233333333332000001333110110111333333233213333223332333311212331111111223333222133333333333111
3333333333333333333333333333333333332333302233333333333211112111121123333333333300001333111111113223333322202333332333233201212221111112333333333333333333331111
3333333333333333333333333333333333332333113333333333333222113011121111333333333320001333111101123332333333113333333233323111333311111103333333333333333333311111
3333333333333333333333333333333333323332233333333333322212232332321111123333333332002333011011233333233333313333333323331133333211111113333333333333333332111111
3333333333333321333333333333333333323331333333333333311011102112233221113333333333202333111111333333322333332333333332333233333111111113333333333333333311111101
3333333333222121333333333333333333233323333333333333211111112111221222332333333333323332101113333333332233333223333333233323333111111023333333333333332111111011
3333333333312122333333333333333333233323333333333333311111112111211111011133333333333332011133333333333323333332333333323332232011111133333333333333330111111111
3333333333313333333333333333333332333233333333333333311111112111221111111123333333333332111333333333333311233333223333332333231111111133333333333333311111111111
3333333333333322333333333333333332333233333333333333321111112111211111111112333333333332202333333333333211323333332333333223321111311233333333333333311111110111
3333333333333113333333333333333333333233333333333333330111112111221111111111333333333332312333333333333111332233333223333323332112311333333333333333211111111111
3333333333321213333333333333333323332333333333333333332111112111211111111111133333333332322333333333333113333323333332333332233212211333333333333333211111101111
3333333333332323333333333333333323332333333333333333333232213111221111111011223333333323332333333333333113333332233333223333223322112333333333333333111111111111
3333333333333333333333333333333323323333333333333333332111223221211111111112323333333333333333333333333313333333322333332233212332113333333333333333012110111111
3333333333333333333333333333333233323333333333333333333111112212231111111123333333333323333333333333333333333333333233333322111233213333333333333332132011111111
3333333333333333333333333333333233233333333333333333333111112111222232111333332333333323333333333333333333333333333322333333211123323333333333333331131211111111
3333333333333333333333333333332333233333333333333333333211113111220111233333332333333321133333333333333333333333333333223333331132332333333333333331221211111111
3333333333333333333333333333332332333333333333333333333311112111221111233333332333333221123333333333333333333333333333332233333321233223333333333331311311111111
3333333333333333333333333333332332333333333333333333333311112111221113333333332333333211123333333333333333333333333333333322333333223323333333333333312222111111
3333333333333333333333333333323332333333333333333333333321112112232233333333332333333211133333333333333333333333333333333333222333333332233333333333332331111111
3333333333333333333333333333323323333333333333333333333332333333333333333333332333333212333333333333333333333333333333333333333223333333323333333333333321112201
3333333333333333333333333333233323333333333333333333333333333333333333333333332333333223333333333333333333333333333333333333333332223333332333333333333311112211
3333333333333333333333333333233233333333333333333333333333333333333333333333333333332333333333333333333333333333333333333333333333332233333233333333333211113211
3333333333333333333333333333333233333333333333333333333333333333333333333333332333332333333333333333333333333333333333333332222323333332223323333333333311233111
3333333333333333333333333332332333333333333333333333333333333333333333333333323333332333333333333333333333333333333333333332021121333333332222333333333331311111
3333333333333333333333333332332333333333333333333333333333333333333333333333323333332333333333333333333333333333333333333332223222333333333332333333333332301111
3333333333333333333333333323332333333333333333333333333333333333333333333333323333323333333333333333333333333333333333333332112113333333333333333333333333311111
3233233333333333333333333323323333333333333333333333333333333333333333333333333333323333333333333333333333333333333333333332222223333333333333333333333333301111
3223222232222232333333333323323333333333333333333333333333333333333333333333233333323333333333333333333333333333333333333332212233333333333333333333333333331111
3223222232222222333333333233233333333333333333333333333333333333333333333333233333233333333333333333333333333333333333333333222233333333333333333333333333332111
3332333333333333333333333233233333333333333333333333333333333333333333333332333333233333333333333333333333333333333333333333333333333333333333333333333333333111
0000000000000000000000000000000000000000000000000000000000000000000000000000000000000000000000000000000000000000000000000000000000000000000000000000000000000000
0000000000000000000000000000000000000000000000000000000000000000000000000000000000000000000000000000000000000000000000000000000000000000000000000000000000000000
0000000000000000000000000000000000000000000000000000000000000000000000000000000000000000000000000000000000000000000000000000000000000000000000000000000000000000
0000000000000000000000000000000000000000000000000000000000000000000000000000000000000000000000000000000000000000000000000000000000000000000000000000000000000000
