0000000000000000000000000000000000000000000000000000000000000000000000000000000000000000000000000000000000000000000000000000000000000000000000000000000000000000
0000000000000000000000000000000000000000000000000000000000000000000000000000000000000000000000000000000000000000000000000000000000000000000000000000000000000000
0000000000000000000000000000000000000000000000000000000000000000000000000000000000000000000000000000000000000000000000000000000000000000000000000000000000000000
0000000000000000000000000000000000000000000000000000000000000000000000023300000000000000000000000000000000000000000000000000000000000000000000000000000000000000
0000000000000000000000000000000000000000000000000000000000000000000001333320000000000000000000000000000000000000000000000000000000000000000000000000000000000000
0000000000000000000000000000000000000000000000000000000000000000000023333310000000000000000000000000000000000000000000000000000000000000000000000000000000000000
0000000000000000000000000000000000000000000000000000000000000000000233333210000000000000000000000000000000000000000000000000000000000000000000000000000000000000
0000000000000000000000000000000000000000000000000000000000000000002333333210000000000000000000000000000000000000000000000000000000000000000000000000000000000000
0000000000000000000000000000000000000000000000000000000000000000013333333310000000000000000000000000000000000000000000000000000000000000000000000000000000000000
0000000000000000000000000000000000000000000000000000000000000000033333333300000000000000000000000000000000000000000000000000000000000000000000000000000000000000
0000000000000000000000000000000000000000000000000000000000000000133333333100000000000000000000000000000000000000000000000000000000000000000000000000000000000000
0000000000000000000000000000000000000000000000000000000000000000333333333000000000000000000000000000000000000000000000000000000000000000000000000000000000000000
0000000000000000000000000000000000000000000002333333331000000000333333322000000000000000000000000000000000000000000000000000000000000000000000000000000000000000
0000000000000000000000000000000000000000000023333333333310000000333333331000000000000000000000000000000000000000000000000000000000000000000000000000000000000000
0000000000000000000000000000000000000000000003333333333333100001333333330000000000000000000000000000000000000000000000000000000000000000000000000000000000000000
0000000000000000000000000000000000000000000001333333333333310001333333310000000000000000000000000000000000000000000000000000000000000000000000000000000000000000
0000000000000000000000000000000000000000000000033333333333322002333333200000000000000000000000000000000000000000000000000000000000000000000000000000000000000000
0000000000000000000000000000000000000000000000023333333333323212333330000000000000000000000000000000000000000000000000000000000000000000000000000000000000000000
0000000000000000000000000000000000000000000000000233333333333313333301000000000000000000000000000000000000000000000000000000000000000000000000000000000000000000
0000000000000000000000000000000000000000000000000013333333333333333333000000000000000000000000000000000000000000000000000000000000000000000000000000000000000000
0000000000000000000000000000000000000000000000000000133333333333333333200000000000000000000000000000000000000000000000000000000000000000000000000000000000000000
0000000000000000000000000000000000000000000000000000001222223333133333310000000000000000000000000000000000000000000000000000000000000000000000000000000000000000
0000000000000000000000000000000000000000000000000000000000133331013333310000000000000000000000000000000000000000000000000000000000000000000000000000000000000000
0000000000000000000000000000000000000000000000000000000000333331001232210000000000000000000000000000000000000000000000000000000000000000000000000000000000000000
0000000000000000000000000000000000000000000000000000000000333331000000000100000000000000000000000000000000000000000000000000000000000000000000000000000000000000
0000000000000000000000000000000000000000000000000000000000133320000000000000000000000000000000000000000000000000000000000000000000000000000000000000000000000000
0000000000000000000000000000000000000000000000000000000000033100000000000000000000000000000000000000000000000000000000000000000000000000000000000000000000000000
0000000000000000000000000000000000000000000000000000000000020000000000000000000000000000000000000000000000000000000000000000000000000000000000000000000000000000
0000000000000000000000000000000000000000000000000000000000000000000000000000000000000000000000000000000000000000000000000000000000000000000000000000000000000000
0000000000000000000000000000000000000000000000000000000000010000000000000000000000000000000000000000000000000000000000000000000000000000000000000000000000000000
0000000000000000000000000000000000000000000000000000000000000000000000000000000000000000000000000000000000000000000000000000000000000000000000000000000000000000
0000000000000000000000000000000000000000000000000000000000000000000000000000000000000000000000000000000000000000000000000000000000000000000000000000000000000000
0000000000000000000000000000000000000000000000000000000000000000000000000000000000000000000000000000000000000000000000000000000000000000000000000000000000000000
0000000000000000000000000000000000000000000000000000000000000000000000000000000000000000000000000000000000000000000000000000000000000000000000000000000000000000
0000000000000000000000000000000000000000000000000000000000000000000000000000000000000000000000000000000000000000000000000000000000000000000000000000000000000000
0000000000000000000000000000000000000000000000000000000000000000000000000000000000000000000000000000000000000000000000000000000000000000000000000000000000000000
0000000000000000000000000000000023331100000000000000000000000000000000000000000000000000000000000000000000000000000000000000000000000000000000000000000000000000
0000000000000000000000000000002321223300000000000000000000000000000000000000000000000000012223110000000000000000000000000000000000110000000000000000000000000000
0000000000000000000000000000131000000230000000000000000000000000001210000000000112221012321222332000000000000000000220000000000013320000000000000000000000000000
0000000000000000000000000000300000000022000001232300000000000000123310000000023100002331000000012320000000000000013330000000000313300000000000000000000000000000
0000000000000000000000000003000000000123231132100300000000000001203300000001310000002220000000000012000121000000231310000000013023000000000000000000000000000000
0000000000000000000000000013000000002300033300013000000000000022033000000022000000022012000002211000222210000003213100000000131131000000000000000000000000000000
0000000000000000000000001132220001132000233001230000000000000220320000000220000000220012000131000000100000000032131000000001301321000000210000000000000000000000
0000000000000000000000121001013133330002331223331000000000002312200000001300000001200012003321320003310000000331310000000023123113200002000000000000000000000000
0000000000000000000002210001113213310023322101320000000000023322000000003000000002000012033233200013100000003333000000000233230012000022000000000000000000000000
0000000000000000000013000200003133322333200000000000001000233310000000021000000002000030133032000000000000133310000000001333200000001330000100000000000000000000
0000000000000000000030012000023332000332000222000223332002333320000000030000000002000121332130002210002323332100122320013330012300133221013301321000000000000000
0000000000000000000210030012333330003330002320013202320023313320000000210000120001110213330230023200133102310011321220133100133000232000233013200000000000000000
0000000000000000000310120320233310023300033300133013200333023202100000300000300000123133322300232001331023200233313102331002330003320013320133012100000000000000
0000000000000000000200223003333000133000232002331133013331232030000000300000300000022133200002330023310232003333330133310013300033300133201330110000000000000000
0000000000000000000300231222330001320001320033310330133321321200000000300000210000120333000013301233103330132332101333200233201333101333003302100000000000000000
0000000000000000000322200013200013100003311303303322233113221000000000300000131020003330000033112131033302202320021023003233021132012330033320000000000000000000
0000000000000000000023011320023331211003322013333311331033210000000000210000001100033300000032210132223222002312300023230032210132100232333200000000000000000000
0000000000000000000031112000011111100000100001333000110011100000000000120000000001331000000001000001000100000111000001100010000011000023331000000000000000000000
0000000000000000000220000000000000000000000012330000000000000000000000013000000023100000000000000000000000000000000000000000000000001223200000000000000000000000
0000000000000000000300000000000000000000001323310000000000000000000000001210111210000000000000000000000000000000000000000000000000121332000000000000000000000000
0000000000000000001200000000000000000000022013200000000000000000000000000000100000000000000000000000000000000000000000000000000001102320000000000000000000000000
0000000000000000002100000000000000000000210232000000000000000000000000000000000000000000000000000000000000000000000000000000000011023200000000000000000000000000
0000000000000000002100000000000000000001202320000000000000000000000000000000000000000000000000000000000000000000000000000000000021231000000000000000000000000000
0000000000000000001100000000100000000000323100000000000000000000000000000000000000000000000000000000000000000000000000000000000022310000000000000000000000000000
0000000000000000000300000002000000000000000000000000000000000000000000000000000000000000000000000000000111000000000000000000000000000000000000000000000000000000
0000000000000000000030000120000000000000000000000000000000000000000000000000000000000000000000000000001333210000000000000000000000000000000000000000000000000000
0000000000000000000002221100000000000000000000000000000000000000000000000000000000000000000000000000002333333000000000000000000000000000000000000000000000000000
0000000000000000000000000000000000000000000000000000000000000000000000000000000000000000000000000000002333333310000000000000000000000000000000000000000000000000
0000000000000000000000000000000000000000000000000000000000000000000000000000000000000000000000000000001333333331000000000000000000000000000000000000000000000000
0000000000000000000000000000000000000000000000000000000000000000000000000000000000000000000000000000000233333333100000000000000000000000000000000000000000000000
0000000000000000000000000000000000000000000000000000000000000000000000000000000000000000000000000000000333333333300000000000000000000000000000000000000000000000
0000000000000000000000000000000000000000000000000000000000000000000000000000000000000000000000000000002333333333331000000000000000000000000000000000000000000000
0000000000000000000000000000000000000000000000000000000000000000000000000000000000000000000000000000002333333333333000000000000000000000000000000000000000000000
0000000000000000000000000000000000000000000000000000000000000000000000000000000000000000000000000000000333333333333100000000000000000000000000000000000000000000
0000000000000000000000000000000000000000000000000000000000000000000000000000000000000000000000000000000233333333333300000000000000000000000000000000000000000000
0000000000000000000000000000000000000000000000000000000000000000000000000000000000000000000000000000000033333333333310000000000000000000000000000000000000000000
0000000000000000000000000000000000000000000000000000000000000000000000000000000000000000000000000000000033333333333330000000000000000000000000000000000000000000
0000000000000000000000000000000000000000000000000000000000000000000000000000000000000000000000000000000023333333333330000000000000001112333221100000000000000000
0000000000000000000000000000000000000000000000000000000000000000000000000000000000000000000000000000000003333333333331000000000001223333333333331000000000000000
0000000000000000000000000000000000000000000000000000000000000000000000000000000000000000000000000000000002323333333331000000000033333333333333333000000000000000
0000000000000000000000000000000000000000000000000000000000000000000000000000000000000000000000000000000002333333333332000000002333333333333333331000000000000000
0000000000000000000000000000000000000000000000000000000000000000000000000000000000000000000000000000000001333333333332000000133333333333333333330000000000000000
0000000000000000000000000000000000000000000000000000000000000000000000000000000000000000000000000000000000133333333333000001333333333333333333300000000000000000
0000000000000000000000000000000000000000000000000000000000000000000000000000000000000000000000000000000000023333333333000013333333333333333333000000000000000000
0000000000000000000000000000000000000000000000000000000000000000000000000000000000000000000000000000000000002333333333110133333333333333333331000000000000000000
0000000000000000000000000000000000000000000000000000000000000000000000000000000000000000000000000000000000000133333333121333333333333333233320000000000000000000
0000000000000000000000000000000000000000000000000000000000000000000000000000000000000000000000000000000000000002333333213333333333333333333200000000000000000000
0000000000000000000000000000000000000000000000000000000000000000000000000000000000000000000000000000000000000011333333333333333333333333310000000000000000000000
0000000000000000000000000000000000000000000000000000000000000000000000000000000000000000000000000000000000000333333333333333333333333333200000000000000000000000
0000000000000000000000000000000000000000000000000000000000000000000000000000000000000000000000000000000000003333333333333333333333333221000000000000000000000000
0000000000000000000000000000000000000000000000000000000000000000000000000000000000000000000000000000000000013333333333333333333333332000000000000000000000000000
0000000000000000000000000000000000000000000000000000000000000000000000000000000000000000000000000000000000033333333313333333021223210000000000000000000000000000
0000000000000000000000000000000000000000000000000000000000000000000000000000000000000000000000000000000000133333333000333333200000000000000000000000000000000000
0000000000000000000000000000000000000000000000000000000000000000000000000000000000000000000000000000000000233333331000333333320000000000000000000000000000000000
0000000000000000000000000000000000000000000000000000000000000000000000000000000000000000000000000000000000123333310000333333310000000000000000000000000000000000
0000000000000000000000000000000000000000000000000000000000000000000000000000000000000000000000000000000010000000000000333333310000000000000000000000000000000000
0000000000000000000000000000000000000000000000000000000000000000000000000000000000000000000000000000000100000000000000333333300000000000000000000000000000000000
0000000000000000000000000000000000000000000000000000000000000000000000000000000000000000000000000000000000000000000000023333300000000000000000000000000000000000
0000000000000000000000000000000000000000000000000000000000000000000000000000000000000000000000000000000000000000000000002333300000000000000000000000000000000000
0000000000000000000000000000000000000000000000000000000000000000000000000000000000000000000000000000000000000000000000000123200000000000000000000000000000000000
0000000000000000000000000000000000000000000000000000000000000000000000000000000000000000000000000000000000000000000000000001200000000000000000000000000000000000
0000000000000000000000000000000000000000000000000000000000000000000000000000000000000000000000000000000000000000000000000000200000000000000000000000000000000000
0000000000000000000000000000000000000000000000000000000000000000000000000000000000000000000000000000000000000000000000000000200000000000000000000000000000000000
0000000000000000000000000000000000000000000000000000000000000000000000000000000000000000000000000000000000000000000000000000200000000000000000000000000000000000
0000000000000000000000000000000000000000000000000000000000000000000000000000000000000000000000000000000000000000000000000000100000000000000000000000000000000000
0000000000000000000000000000000000000000000000000000000000000000000000000000000000000000000000000000000000000000000000000000000000000000000000000000000000000000
0000000000000000000000000000000000000000000000000000000000000000000000000000000000000000000000000000000000000000000000000000000000000000000000000000000000000000
0000000000000000000000000000000000000000000000000000000000000000000000000000000000000000000000000000000000000000000000000000000000000000000000000000000000000000
0000000000000000000000000000000000000000000000000000000000000000000000000000000000000000000000000000000000000000000000000000000000000000000000000000000000000000
0000000000000000000000000000000000000000000000000000000000000000000000000000000000000000000000000000000000000000000000000000000000000000000000000000000000000000
0000000000000000000000000000000000000000000000000000000000000000000000000000000000000000000000000000000000000000000000000000000000000000000000000000000000000000
0000000000000000000000000000000000000000000000000000000000000000000000000000000000000000000000000000000000000000000000000000000000000000000000000000000000000000
0000000000000000000000000000000000000000000000000000000000000000000000000000000000000000000000000000000000000000000000000000000000000000000000000000000000000000
0000000111111111111111111111111111111111111111111111111111111111111111111111111111111111111111111111111111111111111111111111111111111111111111111111111000000000
0000000222222222222222222222222222222222222222222222222222222222222222222222222222222222222222222222222222222222222222222222222222222222222222222222222200000000
0000000000000000000000000000000000000000000000000000000000000000000000000000000000000000000000000000000000000000000000000000000000000000000000000000000000000000
0000000000000000000000000000000000000000000000000000000000000000000000000000000000000000000000000000000000000000000000000000000000000000000000000000000000000000
0000000000000000000000000000000000000000000000000000000000000000000000000000000000000000000000000000000000000000000000000000000000000000000000000000000000000000
0000000001200002100000000000012000000001100000000000001210000000000000000000000021000000002100012000000000000020000000001100121210012220002221001221000000000000
0000000003320033100000000000021000000003200000000000032330000000023000000000000020000000013300232000000000000220000000022121300330230032031023023003100000000000
0000000003330133120000011110110000000013311011000000320131011110132101120011110110112100023311232110000012100100000000022201112310321331331332131013100000000000
0000000023232322230231132120330232310023123033003001300330231210131013132033100320012310033223231320320321121312323100000001231002333330333231131123000000000000
0000000023031131230330013101310310100032032032020003312320023000330031132131001310222300131220231311310032003213101100000013100002320311330230011132000000000000
0000000032020131322320201311302312200132131023110003202321112301320131230330002303303200330111312323302112203213122000000023212003202211310310310230000000000000
0000000020000110020200121001100111000021110003000002000100211000100021100200001100111000110000100201100211001001210000000000010001111000112000111100000000000000
0000000000000000000000000000000000000000000120000000000000000000000000000000000000000000000000000000000000000000000000000000000000000000000000000000000000000000
0000000111111111111111111111111111111111111111111111111111111111111111111111111111111111111111111111111111111111111111111111111111111111111111111111111000000000
0000000222222222222222222222222222222222222222222222222222222222222222222222222222222222222222222222222222222222222222222222222222222222222222222222222100000000
0000000000000000000000000000000000000000000000000000000000000000000000000000000000000000000000000000000000000000000000000000000000000000000000000000000000000000
0000000000000000000000000000000000000000000000000000000000000000000000000000000000000000000000000000000000000000000000000000000000000000000000000000000000000000
0000000000000000000000000000000000000000000000000000000000000000000000000000000000000000000000000000000000000000000000000000000000000000000000000000000000000000
0000000000000000000000000000000000000000000000000000000000000000000000000000000000000000000000000000000000000000000000000000000000000000000000000000000000000000
