0000000000000000000000000000000000000000000000000000000000000000000000000000000000000000000000000000000000000000000000000000000000000000000000000000000000000000
0000000000000000000000000000000000000000000000000000000000000000000000000000000000000000000000000000000000000000000000000000000000000000000000000000000000000000
0000000000000000000000000000000000000000000000000000000000000000000000000000000000000000000000000000000000000000000000000000000000000000000000000000000000000000
0000000000000000000000000000000000000000000000000000000000000000000000000000000000000000000000000000000000000000000000000000000000000000000000000000000000000000
0000000000000000000000000000000000000000000000000000000000000000000000000000000000000000000000000000000000000000000000000000000000000000000000000000000000000000
3333333333333333333333333333333333333333333333333333333333333333333333333333333333333333333333333333333333333333333333333333333333333333333333333333333333333333
3333333333333333333333333333333333333333333333333333333333333333333333333333333333333333333333333333333333333333333333333333333333333333333333333333333333333333
3333333333332333333333333233333323323323232323323333333333333333333333333333333333333333333333333333333333333333333333333333333333333333333333333333333333333333
3333332323233332332332323332323233233233323332333233333333333333333333333333333333323333333333333333333333333333333333333333333333333333333333333333333333333333
3333323333323233323323333233233332333323233233232333233333233323333233333333233323333333333333333333333333333333333333333333333333333333333333333333333333333333
3333233323233323332332332332333233323233332332333323333323333233332333332332333333333333333333333333333333333333333333333333333333333333333333333333333333333333
3332333233323233233233233323323323233332323323323233333333332333323333233323333333333333332333333333333333333333333333333333333333333333333333333333333333333333
3333333332333332333332332333233233332323333233233333323333333333333332333233332332333333233333333333333333333333333333333333333333333333333333333333333333333333
3332332323232323332323233323333332323333232332332333233323323332333323332333233333333233333333333333333333333333333333333333333333333333333333333333333333333333
3333323332333233323332332332332323333232333233233332333233333323332333233323333323333333333323333233333333333333333333333333333333333333333333333333333333333333
3332333233232333233232323323323332323323323323332323332332333233333332332332332333323332332333332333333333333333333333333333333333333333333333333333333333333333
3333232323323332332323233233233233232332332332333233233323323333323233233323333333233333333333323333333333333333333333333333333333333333333333333333333333333333
3332333232333233232332332332332332323233233233323323323233233233233323332333323233333323333323333333332333333333333333333333333333333323333333333333333333333333
3333323323323323323323323323323323232323232332332323232332332332332332323333233332333233333233333333323333333333333333333333333333332323233333333333333333333333
3332332333233233233233233233332332333232333233323333323323233323323233233332332333332333332333332332333333333333333333333333333333323312333333333333333333333333
3333233232332332332332332333233323323323232332333232332332332333233232333333333323323333233333323333333333333333333333333333333333232223233333333333333333333333
3332332333323323323323323332333233233232323323332333233233233323232323333323323233333332333333233333333333333333333333333333333333323222323333333333333233323333
3333233233233333233333233323332332332332332333233232323323333232323233233233333333233333332323233333233333323333333333333333333333322122232333333333333333233333
3332323323332323323232333233233323333323233232332332332332332323232332332333323233333232323232323332333323333332333332333333333333322222323333323233323332333333
3333233232323333233233332332332333232332332333323323323323323222223233233332333332323323232323233233332333233333333323333233333333232222222323232332323233333333
3332332323233232332323323333323323333233323323233232333333232222222322323233232323223232322232323323323323332332332333323332323232321221222232223223232333333333
3333233233323323323333233323233233323332333333323323333232221212121222222222222221222222222322232233232323233233233232323223232222222212122222222232223232333333
3332332332332332333233333233332333233323333232332332323321222222111111212121222122121212121212212222222232232222322222232221222222212121111222222222232323333333
3333323323233223323332332332323332333233232323233233232213332132111111010001000100111010101011111111111111211212122222222212111111111111111011112222222323333333
3332333233323232332333323323333233323332333232322323322121222313321111111111111111000101010010111111111010101010110111111011111111111111101111111122222223332333
3333232332332323233232333233323323232323322323232232222122323333323222232232323222232221110111111110101111110111011000101111110112122201011122222121212133233333
3332332323323232322333232332332332323233232232222222222223222212121222122122121212121222322221111101010101011101101011011011111111111010111211122222332333333333
3323323332323223223222322223223222232322222322222122211111211010101001010100100010111212232222010110101010111011011111111111111111110111111122222323323333333333
3332332323232222232223222322232323223232323222122211122211211010010101010101011111111112212322222211111111111212121211111111101111112111022232333233333333333333
3323222222222222222222222222222232232323222212321113332322121101010100101011111112121212222221221112122122222222222111101101111211111111122323233333333333333333
3323222232322322323323232222222322323222221131111232322233111010101011111111111111212232323223222211212212122121111011011011122222222111122332333333333333333333
3332323333233233233233323232232223232222212210123323132323310101121111111122232322221112132332331221212121221111101110111122222323222121222323333333333333333333
3323233323332332333332332322322322221121121101332232223223231011122221112222101001010110101112323122111111111110111011112222323332322211123233333333333333333333
3332333333233323333233323232233233221111210113323222222223222110110011321101012222222123220001122311111110101212011111222233233333331211122333333333333333333333
3323333332333233333333333323323322211112101133232232232233331010101322001132013222111222221121111112201011112121110222232323333333332211123233333333333333333333
3332333233332333332332332333233223111122111232332322312232101101222100132320122212233322111101111101010112111211112222323232333333332211122333333333333333333333
3323332332323333233333333332332222121131121223322222123311011123210123333210133233222121111112010011112111121122222232232323333333333111112333333333333333333333
3333323333333232323323323223232322211221111133232222232010112321012232232201223211221111211100101112111121112222223223232333333333332211122323333333333333333333
3332333323232333232332323332333222211112111112323222310101232101222122232010111011112221100101012120212111222222232323333333333333333211222333333333333333333333
3323323233323232222323233233332323221221211111233223101112210022211123321010100112222110111112221122110222222223232333333333333333332212223233333333333333333333
3333232332323323332333332333233323222112221111122331010131102221222232210101123233221111112221111210113222222323323333233333333333333222232333333333333333333333
3323323323232232323323233232333232222211312101101210112201132223222111111122332332223211120112111112232222323323333323333333333333332323232333333333333333333333
3332332323323233232332322323332332323221121211010101022011322221110111112222223222323210021211101222322232332333233233333333333333333323233333333333333333333333
3323232323232323233233233333333232322222112121110111220123111101111222232212132122232201122110132323222323233232333333333333333333333232332333333333333333333333
3332323232323232323332323233232323232222211222110103200110110111222222222222322312311120101112322232223333332323332333333333333333332333233333333333333333333333
3323233323232323232323333332333233232323211121211122001011112222011222222223111123123322112232232322333333233333333332333333333333323323333333333333333333333333
3332332323323232323233232323323332323232222112221130111222211111222312122211121111221222123232322233323332333233333333333333333332333333233333333333333333333333
3323233233232223232332333233232323332323232111212321122100112222222222111212212222212222232323232332333333333333333333333333333333333332333333333333333333333333
3322323232323232323232323323233233233232322211122211100111212121222111222222222222222223223232323323233333333333333333333323333333333333333333333333333333333333
3222232323232323232323232332332332332323232221013112111111322212122223222222222222222322322323333233333333333333333333333333333333333333333333333333333333333333
3322222232222232323232323323323323323232323222111211211222212122322322322322322222333232232333332333333333333333333333333333333333333333333333333333333333333333
3322222222222322222322323232332332232223232322211111212212222232232323223223223233232323233333333333333333333333332333333333333333333333333333333333333333333333
3211121212222122222223232232323232223232323222322121122122222322323232322222232323323323333333333323333323333333333323333333333333333333333333333333333333333333
3321111110101211212232223222232223232323232222322222212222223232232323232323323332332333323333332333333233333333333333333333333333333333333333333333333333333333
3221112121121011011222222222222332323232322322222322122122222323323232232332333223233233233333333333332333333333333333333333333333333333333333333333333333333333
3311110111111111111111222222222223232323222222222222221222232233232223323323332232332333333333333233323333323333333332333333333333333333333333333333333333333333
3221111111111111111111111222212223222222222222222322222222223232322332333233222323333333332333332333333323333333233333333333333333333333333333333333333333333333
3221111110111111011101111112222222222222222222322223222222322323223233323332323233333332333333333333333333333333333333333333333333333333333333333333333333333333
3221111111010101010111111111112212122222222222222322323232223222323333233323233333332323323333333333323323333233333333333333333333333333333333333333333333333333
3322111110111010111011111211110121211222122122222233233222222233233323332232333233233233332333333332333333333333333332333333333333333333333333333333333333333333
3221111111111111101101011101111111212111212222232332332322223232333233222323323323332332323333333323232233332333333333333333333333333333333333333333333333333333
3312121111111111011010101010111111110111122122323232323222322323332322323233233333323323233233333323323323333333333323333333333333333333333333333333333333333333
3221211111010111110100100101010111011111101222232323222333232333233222323332332323332332323332333232323233233232332333333333333333333333333333333333333333333333
3221111111111111101001010010101010110100101122322222323323323232322323233233323333323323232323332332232323332333333333233333333333333333333333333333333333333333
3312111111101101010101010101010100101001010111222223233332333323232333333323333323333232323333323332323323233323333323333333333333333333333333333333333333333333
3211111111111111101010111111010010010101101111112232332323332332323332333233333233323323233233233323233232333233333333333333333333333333333333333333333333333333
3221111111111111010011112121111110101010111101111123233233323223233323332333333333233233323323333333232323232333332333333333333333333333333333333333333333333333
3211111111111110100101122222121111110101111011111122323333333333333333333332333323332332332233332333323332333323333333333333333333333333333333333333333333333333
3320111110100001011011112222222121010010111111112111132323232323333233333233333233323332323332333323333323323333333333333333333333333333333333333333333333333333
3211001001010110110211112122222212111111000111101121212233333233332333332332332333233333232323333233323232333323333333333333333333333333333333333333333333333333
3220110110101001112111111222222222212101111110110112212123232333233333323323332332333323333233333332333323333233233333333333332333333333333333333333333333333333
3221111011010101111111111112222212221210100102011121121121332323333323333233323223323333233333323323333233323333323333333333323333333333333333333333333333333333
3311010111111010100001010111121121112111011010111111212211223233333233233333332323233332333323333333332333233323333333333333333333333333333333333333333333333333
3221111111111111010101011111112121221121110101101212111121112323323323332332332222222333333233323233323332333233323333333332333323333333333323333333333333333333
3311111111111110101110101011111212111111110110011111211111211223333233323323323223233323323332333333333333323323333333333233332333333333333233333333333333333333
3221101011101010010001011010111121212121111101100111121111111122323333233333332322323233333323332333333233233233323333333333333323332333333333333333333333333333
3211101111110101010110110101011121121111201011011011112121111111232332333332323233233332332333323333233333333333233323332333323233233333323233333333333333333333
3311101000101001101101101010101112111121111101110111111112101121122323333233333323232333323333333323333323332332333333323333233332333332333332333333333333333333
3221010010101010110111010101011111121211111100010100111111121012112233323333233233233323333233232333333233323333332333333332333323333333333233333333333333333333
3211101101001010010010101010010111212111111111101101011111111201211222333232333332332333232333332323323333333323323333233323332333333333333233233333333333333333
3211010010101111101010110101101021111211111111011011010111111111111121232333323233233233333323233233233333233233333332333233233333333233332332333333323333333333
3220101001010010010101001110010111112121111111010111101011111111111112122223233323323332332333332332333323332333323323333332333233233332323233323233333332333333
3211010100101001010110101011101101111111111111100101010101111111211011212232323233233233323332323233332333233323233233323323323332332333232332332333233323333333
3211111011000110101001010100011121111121211110101010101110011111111101122122332323332333233233232323233233323233332332333233233233323323323232323323333233333333
3220100100101001010100101010111111111111111011010101011111101011111120111222223232323332332332323233323332332332323323323323332332333232232323233233233333333333
3220101011000111010011010101011212101111111010101010100111010101111111111122223233233323323323232323233233233232323232332332323323232323233232332332333333333333
3311111110101010111000101010111112110101111101010100101011101010111111110121222323323233233233323323332332323232323233233232332323232322323232323232332333233333
3221101010101001100101010001101111111011110101010101010101011010101101101102222232332332332332332332323323232323232323232323233232323232232333232323333332333333
3311010011101011011010101010111111101101101101010100101010101110010111111010112223233233233232323323333232323232323232323332323323232223232323323333333333332333
3221101111110100100101010111111110110010111100101011000100101111101011010111111222323232332323332332323323332323232323232323332323323332323232323323333323333333
3321100111110101001010101011111111001101000011000101010010010101110101111111101221232323323333233233233233232332323232323332323233233233323323233333333333333233
3221111011110010101010110111111000101010101001010100101001010110111010101101111112222233233232323323323323323232323232323233233332332332323232333233233333332333
3311110101101111010101001110110110100101010101010011010010001111110101011111111012212322332332332332332332332323232323233232332333323323232323223323333332333333
3221111110100001100010111110010001011010101010101010101100100101011110101111111111122232323323323323323323233232323232332333323323233232323233323333233323333333
3321211111011010110101001110101110100101010101010101101001001011101111010101111211122222332332332332333233323323232323323323233233332323332323233333333233333333
3312112111111101001110110101011001010101111010100010010100100101111011101011111111112222323233223233323332323232332332332332323333233233233232333333233333333333
3222111111100110111101001010100110101010111111010100101001011010111111110101012111111222232332332332333233232333233233233323333233323332332333333333333333333333
3321211212111101111010100100001010101101011111001001010010101011111111111110111111211122223233233323323332323323323323332333232332332323333233233333333233333333
3222221111111010101101001001010101010111110111101010001001010101111111111101111111111112222323332333233323333233233233323332333333333233323332333332333333333333
3322211111010111010101010100101010101001111111110100110101011111111111211110110112112111223232323323333333323332333333233323333323332333333233333323333333333333
3322221111111111111010101010101010010110111101010101011010110111111111111111101111111211122232332323233232333232332323333233323333333333333333233233333333333333
3322121221111101000100100110010100101010101011011101101111101011111111111101110111111121112223232323332333232323323333232333233233323332333233332333333323332333
3322212112111111110010011001100010010101010110101011011111011101211111011111111111112111211232323233233323333233233323323332333333333323333333333333332333333333
3322121211111111111101101110010101101010101111110110111111111110111011111111111111111112112123232332332333323332333233333333333333233333332333233333323333333333
3321212111111111111111111111101011110101101011011101111111111111111201111111111111111121221222223233323332333233323333233233332333333333333333333333233333333333
3222121111011111111011111111010101011010111111111111111111111111021111111121211211021111212112232332333323332332332332333333333333333333323333333333333333333333
3322212111111111121211111111101000100111011111111111111111111111211111121121212121112111121221223233232333323323233323333333323333333333233333333333333333332333
3322222121111212121111211211110101010111111111111111111111111111111111112112122212111211112212132323333333333333333333333333333333323332333333333333333333333333
3322222212111121212222121111111010101111111211211211121111112111112112121211221221211212022221212233333333233333323333333333333333333333333332333333333333333333
3322222121112112122212212211111111111111212122121111211211111211111121121221222222121221211222221323323332333333333333333333333333333332323333333333333333333333
3322222221211212222122121121111111112111121212112112121211112111211212112112212222222122221122222223333333333333233333333333333333333333333233333333333333333333
3322221212122122122222212121211121121211122221221221212121121221121121121221222212222222222132222222333323333333333333333333333333332332332333333333333333333333
3322222222221221322222221212121211211121121212222222222222111212212121212112222222222222222222322322333333333333333333333333333333333323333333333333333333333333
3323223222222222222232222222212222122121212221212222222222222232222212121222122222232232222222222232233333333333333333333333333333323233323333333333333333333333
3322232222222212121222221221222222222222222222222222222222223222222222122222222223222222232222322232323333333333333333333333333333233333333333333333333333333333
3332322323222232223222222222221222222222232322232232222223222232232222222122222222323232322222223223233333333333333333333333333333333233333333333333333333333333
3332323232332323332333323232232323222232232232323232333232332323223222222222222232232323223232323323323333333333333333333333333332332333333333333333333333333333
3333333333333333333333333333333333333333333333333333333333333333333333333333333333333333333333333333333333333333333333333333333333333333333333333333333333333333
0000000000000000000000000000000000000000000000000000000000000000000000000000000000000000000000000000000000000000000000000000000000000000000000000000000000000000
0000000000000000000000000000000000000000000000000000000000000000000000000000000000000000000000000000000000000000000000000000000000000000000000000000000000000000
0000000000000000000000000000000000000000000000000000000000000000000000000000000000000000000000000000000000000000000000000000000000000000000000000000000000000000
0000000000000000000000000000000000000000000000000000000000000000000000000000000000000000000000000000000000000000000000000000000000000000000000000000000000000000
0000000000000000000000000000000000000000000000000000000000000000000000000000000000000000000000000000000000000000000000000000000000000000000000000000000000000000
