0000000000000000000000000000000000000000000000000000000000000000000000000000000000000000000000000000000000000000000000000000000000000000000000000000000000000000
0000000000000000000000000000000000000000000000000000000000000000000000000000000000000000000000000000000000000000000000000000000000000000000000000000000000000000
0000000000000000000000000000000000000000000000000000000000000000000000000000000000000000000000000000000000000000000000000000000000000000000000000000000000000000
0000000000000000000000000000000000000000000000000000000000000000000000000000000000000000000000000000000000000000000000000000000000000000000000000000000000000000
0000000000000000000000000000000000000000000000000000000000000000000000000000000000000000000000000000000000000000000000000000000000000000000000000000000000000000
0000000000000000000000000000000000000000000000000000000000000000000000000000000000000000000000000000000000000000000000000000000000000000000000000000000000000000
0000000000000000000000000000000000000000000000000000000000000000000000000000000000000000000000000000000000000000000000000000000000000000000000000000000000000000
0000000000000000000000000000000000000000000000000000000000000000000000000000000000000000000000000000000000000000000000000000000000000000000000000000000000000000
0000000000000000000000000000000000000000000000000000000000000000000000000000000000000000000000000000000000000000000000000000000000000000000000000000000000000000
0000000000000000000000000000000000000000000000000000000000000000000000000000000000000000000000000000000000000000000000000000000000000000000000000000000000000000
0000000000000000000000000000000000000000000000000000000000000000000000000000000000000000000000000000000000000000000000000000000000000000000000000000000000000000
0000000000000000000000000000000000000000000000000000000000000000000000000000000000000000000000000000000000000000000000000000000000000000000000000000000000000000
0000000000000000000000000000000000000000000000000000000000000000000000000000000000000000000000000000000000000000000000000000000000000000000000000000000000000000
0000000000000000000000000000000000000000000000000000000000000000000000000000000000000000000000000000000000000000000000000000000000000000000000000000000000000000
0000000000000000000000000000000000000000000000000000000000000000000000000000000000000000000000000000000000000000000000000000000000000000000000000000000000000000
0000000000000000000000000000000000000000000000000000000000000000000000000000000000000000000000000000000000000000000000000000000000000000000000000000000000000000
0000000000000000000000000000000000000000000000000000000000000000000000000000000000000000000000000000000000000000000000000000000000000000000000000000000000000000
0000000000000000000000000000000000000000000000000000000000000000000000000000000000000000000000000000000000000000000000000000000000000000000000000000000000000000
0000000000000000000000000000000000000000333000000000000000000000000000000000000000000000000000000000000000000000000000000000000000000000000000000000000000000000
0000000000000000000000000000000000000000333000000000000000000000000000000000000000000000000000000000000000000000000000000000000000000000000000000000000000000000
0000000000000000000000000000000000000000333000000000000000000000000000000000000000000000000000000000000000000000000000000000000000333333330000000000000000000000
0000000000000000000000000000000000000000000000000000000000000000000000000000000000000000000000000000000000000000000000000000000000333333330000000000000000000000
0000000000000000000000000033330000000000000000000000000000000000000000000000000000000000000000003330000000000000000000000000003333333333330000000000000000000000
0000000000000000000000000033330000000000000000000000000000003330000000000003333333333300000000003330000000000000000000000000033333300003330000000000000000000000
0000000000000000000000000333330000000000000000000000000000003333300000000003333333333333000000003330000000000000000000000000033333300003330000000000000000000000
0000000000000000000000000333330000000000000000000000000000003333300000000003333333333333300000003330000000000000000000000000033330000003330000000000000000000000
0000000000000000000000000333330000000003330000003333333333000333300000000000333300003333333000003330000000000000000000000000333300000033330000000000000000000000
0000000000000000000000000333330000000003330000033333333333000033300000000033333300000333333000003330000000000000000000000000333300000333330000000000000000000000
0000000000000000000000000333330000000003330003333333333333000033300000000333333000000033333300003330000000000000000000000000333300003333300000000000000000000000
0000000000000000000000003333333000000003330003333300000000000033300000033333330000000000333300003330000000000000000000000003333000033333000000000000000000000000
0000000000000000000000033333333000000003330003333000000000000033300000033333000000000000033300003330000000000000000000000003333003333330000000000000000000000000
0000000000000000000000033333333000000003330003330000000000000033300000333300000000000000033300003330000000000000000000000003333333333300000000000000000000000000
0000000000000000000000033300333000000003330033330000000000000033300003333300000000000000033300003330000000000000000000000003330333330000000000000000000000000000
0000000000000000000000333300333000000003330033330000000000000333300033333000000000000000333300003333333333333333333000000003330333300000000000000000000000000000
0000000000000000000000333300333000000003330033300000000000000333300333330000000000000000333300003333333333333333333333000003330000000000000000000000000000000000
0000000000000000000000333300333000000003330333300000000000000333300333330000000000000000333000003333333333333333333333000003330000000000000000000000000000000000
0000000000000000000003333000333000000003330333300000000000000333000333000000000000000003333000003333300000000000003333000003330000000000000000000000000000000000
0000000000000000000003333000333000000003330333000000000000000333000333000000000000000003333000003333300000000000000333000003330000000000000000000000000000000000
0000000000000000000033333000333000000003330333000000000000003333000333000000000000000003330000003333000000000000000333000003330000000000000000000000000000000000
0000000000000000000033300000333000000003330333000000000000003333000333000000000000000003330000003333000000000000000333000003330000000000000000000000000000000000
0000000000000000000033300000333000000003330333000000000000003330000333000000000000000003330000003333000000000000003333000003330000000000000000000000000000000000
0000000000000000000033300000333300000003330333000000000000033330000333000000000000000003330000003333000000000000033333000003330000000000000000000033300000000000
0000000000000000003333333333333300000003330333000000000000333300000333000000000000000333330000000333000000000000333330000003333330000000000000000333300000000000
0000000000000000003333333333333300000003330333000000000000333300000333300000000000003333330000000333000000003333333300000003333333000000003333333333300000000000
0000000000000000003333333333333000000003330333000000000333333000000333300000000000003333000000000333333333333333333300000000333333333333333333333333000000000000
0000000000000000003330000000333000000003330333333333333333333000000033333333333333333333000000000333333333333333333000000000003333333333333333333330000000000000
0000000000000000033330000000333000000003330333333333333333000000000033333333333333333330000000000033333333333300000000000000000033333333333000000000000000000000
0000000000000000033330000000333000000003330333333333333330000000000003333333333333333300000000000000000000000000000000000000000000000000000000000000000000000000
0000000000000000033300000000333000000000000000000000000000000000000000000000000000000000000000000000000000000000000000000000000000000000000000000000000000000000
0000000000000000033300000000333000000000000000000000000000000000000000000000000000000000000000000000000000000000000000000000000000000000000000000000000000000000
0000000000000000033300000000333000000000000000000000000000000000000000000000000000000000000000000000000000000000000000000000000000000000000000000000000000000000
0000000000000000033300000000000000000000000000000000000000000000000000000000000000000000000000000000000000000000000000000000000000000000000000000000000000000000
0000000000000000033300000000000000000000000000000000000000000000000000000000000000000000000000000000000000000000000000000000000000000000000000000000000000000000
0000000000000000033300000000000000000000000000000000000000000000000000000000000000000000000000000000000000000000000000000000000000000000000000000000000000000000
0000000000000000000000000000000000000000000000000000000000000000000000000000000000000000000000000000000000000000000000000000000000000000000000000000000000000000
0000000000000000000000000000000000000000000000000000000000000000000000000000000000000000000000000000000000000000000000000000000000000000000000000000000000000000
0000000000000000000000000000000000000000000000000000000000000000000000000000000000000000000000000000000000000000000000000000000000000000000000000000000000000000
0000000000000000000000000000000000000000000000000000000000000000000000000000000000000000000000000000000000000000000000000000000000000000000000000000000000000000
0000000000000000000000000000000000000000000000000000000000000000000000000000000000000000000000000000000000000000000000000000000000000000000000000000000000000000
0000000000000000000000000000000000000000000000000000000000000000000000000000000000000000000000000000000000000000000000000000000000000000000000000000000000000000
0000000000000000000000000000000000000000000000000000000000000000000000000000000000000000000000000000000000000000000000000000000000000000000000000000000000000000
0000000000000000000000000000000000000000000000000000000000000000000000000000000000000000000000000000000000000000000000000000000000000000000000000000000000000000
0000000000000000000000000000000000000000000000000000000000000000000000000000000000000000000000000000000000000000000000000000000000000000000000000000000000000000
0000000000000000000000000000000000000000000000000000000000000000000000000000000000000000000000000000000000000000000000000000000000000000000000000000000000000000
0000000000000333000000000000000000000000000000000000000000000000000000000000000000000000000000000000000000000000000000000000000000000000000000000000000000000000
0000000000000333000000000000000000000000000000000000000000000000000000000000000000000000000000000000000000000000000000000000000000000000000000000000000000000000
0000000000000333000000000000000000000000000000000000000000000000000000000000000000000000000000000000000000000000000000000000000000000000000000000000000000000000
0000000000000000000000000000000000000000000000000000000000000000000000000000000000000000000000000000000000000000000000000000000000000000000000000000000000000000
0000000000000000000000000000000000000000000000000000000000000000000000000000000000000000000000000000000000000000000000000000000000000000000000000000000000000000
0000000000000000000003330000000000000000000000000000000000000000000000000000000000000000000000000000000000000000000000000000000000000000000000000000000000000000
0000000000000000000003330000333333333330000000000000000000000000000000000000000000000000000000000000000000000000000000000000000000000000000000000000000000000000
0000000000000033300003330333333333333333000000000000000000000000000000000000000000000000000000000000000000000000000000000000000000000000000000000000000000000000
0000000000000033300003333333333333333333000000000000000000000000000000000000000000000000000000000000000000000000000000000000000000000000000000000000000000000000
0000000000000033300003333333330000000333000000000000000000000000000000000000000000000000000000000000000000000000000000000000000000000000000000000000000000000000
0000000000000033300000333330000000000333000000000000000000000000000000000000000000000000000000000000000000000000000000000000000000000000000000000000000000000000
0000000000000033300000333330000000000333000000000000000000000000000000000000000000000000000000000000000000000000000000000000000000000000000000000000000000000000
0000000000000033300000033330000000000333000000000000000000000000000000000000000000000000000000000000000000000000000000000000000000000000000000000000000000000000
0000000000000033300000033330000000000333000000000000000000000000000000000000000000000000000000000000000000000000000000000000000000000000000000000000000000000000
0000000000000033300000003330000000000333000000000000000000000000000000000000000000000000000000000000000000000000000000000000000000000000000000000000000000000000
0000000000000033300000003330000000000333000000000000000000000000000000000000000000000000000000000000000000000000000000000000000000000000000000000000000000000000
0000000000000000000000000000000000000000000000000000000000000000000000000000000000000000000000000000000000000000000000000000000000000000000000000000000000000000
0000000000000000000000000000000000000000000000000000000000000000000000000000000000000000000000000000000000000000000000000000000000000000000000000000000000000000
0000000000000000000000000000000000000000000000000000000000000000000000000000000000000000000000000000000000000000000000000000000000000000000000000000000000000000
0000000000000000000000000000000000000000000000000000000000000000000000000000000000000000000000000000000000000000000000000000000000000000000000000000000000000000
0000000000000000000000000000000000000000000000000000000000000000000000000000000000000000000000000000000000000000000000000000000000000000000000000000000000000000
0000000000000000000000000000000000000000000000000000000000000000000000000000000000000000000000000000000000000333000000000000000000000000000000000000000000000000
0000000000000000000000000000000000000000000000000000000000000000000000000000000000000000000000000000000000000333000000000000000000000000000000000000000000000000
0000000000000000000000000000000000000000000000000000000000000000000000000000000000000000000000000000000000000333000000000000000000000000000000000000000000000000
0000000000000000000000000000000000000000000000000000000000000000000000000000000000000000000000000000000000000333000000000000000000000000000000000000000000000000
0000000000000000000000000000000000000000000000000000000000000000000000000000000000000000000000000000000000000333000000000000000000000000000000000000000000000000
0000000000000000000333333333333300000000000000000000000000000000000000000000000000000000000000000000000000000333000000000000000000000000000000000000000000000000
0000000000000000003333333333333300000000000000000000000000000000000000000000000000000000000000000000000000000333000000000000000000000000000000000000000000000000
0000000000000000003333333333333300000000000000000000000000000000000000000000000033333333300000000333000000000333000000000000000000000000000000000000000000000000
0000000000000000033330000000000000000000000000000000000000000000000000000000000333333333300000000333300000000333000000000000000000000000000000000000000000000000
0000000000000000333330000000000000000000000000000033330000000000000000000000000333333333300000000333330000000333000000000000000333333333333000000000000000000000
0000000000000000333300000000000000000000000000000033330000000000000000000000003333000000000000000033333000000333000000000000000333333333333000000000000000000000
0000000000000000333300000000000000000000003330000033330003333333330000000000003333000000000000000003333300000333000000000000003333333333333000000000000000000000
0000000000000000333000000000000000000000003330000003333033333333333330000000033330000000000000000000333330000333000000000000003333000000333000000000000000000000
0000000000000000333000000000000003333333303330000003333033333333333333330000033330000000000333333300333330000333000000000000033330000000333000000000000000000000
0000000000000000333000000000000003333333303330000003333033300000333333333000033300000000000333333300003330000333300000000000033330000003333000000000000000000000
0000000000000000333300000000000033333333303330000000333033300000000333333000033330000000000333333300003330000333300000000000033300000333333000000000000000000000
0000000000000000333300000000000033330033333330000000333333300000000000333000033333000000000333033300003330000033330000000000333333333333333000000000000000000000
0000000000000000333330000000000033300000033330000000333333300000000000333000033333330000000333000000003330000033330000000000333333333333300000000000000000000000
0000000000000000033333000003330033300000033300000000033333300000000000333000000333333300000333330000033330000003330000000000333333333300000000000000000000000000
0000000000000000003333000033330033300000033300000000003333300000000000333000000033333300000333333000033330000003330000000000333000000000000000000000000000000000
0000000000000000000333300033330033330000333300000000003333300000000000333000000003333300000033333000033300000003333000000000333000000000000000000000000000000000
0000000000000000000333333333300033333333333000000000000333300000000000333000000000033300000003333300033300000000333000000000333000000000000000000000000000000000
0000000000000000000033333333300003333333333000000000000333300000000000000000000000033300000000333330333300000000333000000000333300000000000000000000000000000000
0000000000000000000003333333000000333333333000000000000000000000000000000000000000033300000000333330333000000000000000000000033333000000000000000000000000000000
0000000000000000000000000000000000000000000000000000000000000000000000000000000000033300000000003333333000000000000000000000033333333333333330000000000000000000
0000000000000000000000000000000000000000000000000000000000000000000000000000000000033300000000003333333000000000000000000000003333333333333330000000000000000000
0000000000000000000000000000000000000000000000000000000000000000000000000000000333033300000000000333333000000000000000000000000000333333333330000000000000000000
0000000000000000000000000000000000000000000000000000000000000000000000000000000333333300000000000000000000000000000000000000000000000000000000000000000000000000
0000000000000000000000000000000000000000000000000000000000000000000000000000000333333300000000000000000000000000000000000000000000000000000000000000000000000000
0000000000000000000000000000000000000000000000000000000000000000000000000000000333333300000000000000000000000000000000000000000000000000000000000000000000000000
0000000000000000000000000000000000000000000000000000000000000000000000000000000000000000000000000000000000000000000000000000000000000000000000000000000000000000
0000000000000000000000000000000000000000000000000000000000000000000000000000000000000000000000000000000000000000000000000000000000000000000000000000000000000000
0000000000000000000000000000000000000000000000000000000000000000000000000000000000000000000000000000000000000000000000000000000000000000000000000000000000000000
0000000000000000000000000000000000000000000000000000000000000000000000000000000000000000000000000000000000000000000000000000000000000000000000000000000000000000
0000000000000000000000000000000000000000000000000000000000000000000000000000000000000000000000000000000000000000000000000000000000000000000000000000000000000000
0000000000000000000000000000000000000000000000000000000000000000000000000000000000000000000000000000000000000000000000000000000000000000000000000000000000000000
0000000000000000000000000000000000000000000000000000000000000000000000000000000000000000000000000000000000000000000000000000000000000000000000000000000000000000
0000000000000000000000000000000000000000000000000000000000000000000000000000000000000000000000000000000000000000000000000000000000000000000000000000000000000000
0000000000000000000000000000000000000000000000000000000000000000000000000000000000000000000000000000000000000000000000000000000000000000000000000000000000000000
0000000000000000000000000000000000000000000000000000000000000000000000000000000000000000000000000000000000000000000000000000000000000000000000000000000000000000
0000000000000000000000000000000000000000000000000000000000000000000000000000000000000000000000000000000000000000000000000000000000000000000000000000000000000000
0000000000000000000000000000000000000000000000000000000000000000000000000000000000000000000000000000000000000000000000000000000000000000000000000000000000000000
0000000000000000000000000000000000000000000000000000000000000000000000000000000000000000000000000000000000000000000000000000000000000000000000000000000000000000
