0000000000000000000000000000000000000000000000000000000000000000000000000000000000000000000000000000000000000000000000000000000000000000000000000000000000000000
0000000000000000000000000000000000000000000000000000000000000000000000000000000000000000000000000000000000000000000000000000000000000000000000000000000000000000
0000000000000000000000000000000000000000000000000000000000000000000000000000000000000000000000000000000000000000000000000000000000000000000000000000000000000000
0000000000000000000000000000000000000000000000000000000000000000000000000000000000000000000000000000000000000000000000000000000000000000000000000000000000000000
3333222221111111111000000000000000122122222122222222222122222232222223232111111111122111111111111111111000000000000000000000000000000000011111111111111111111111
3332221221212121111101010000000001212121222122221122222222221222322322222111212111212111111111111111111000000000000000000000000000000000111111111111111111111111
3323122212121212121111101010100101212112121122122222222122222222222223222121211112121112111121111111111000000000000000000000000000000001111111111111111111111111
3332221222222121211111110101001002221110111112222122221222222232222222222122121121211211111211111111111000000000000000000000000000000001111111121111111111111111
3332122212121222121111111010010012210101111111112122222222221222222322222211211212112111111111111111111000000000000000000000000000000001111111211111111111111111
3322222122222212121211111101001012101011010110111122121122222222212223222212112111121111112111111111111010010000000000000000000000000011111111111111111111121121
3332222222122122121121111011010011010110111101111111222222222222222222222111121111112111111111111111111100000000000000000000000000000001111112111111112111211111
3322222222222221212111111110101010101011101111111121121222221222222222222112111111111111121111111111011201010000000000000000000000000011112111121112111111111111
3322222322222221212121111111010101010110111111111211211122222222212223221111111111112111111111111110111110100000000000000000000000000101211121211121111111211111
3322222222232222221211111110111010101011011111111121221211211222222222221111111111111121111111111101112111010000000000000000000000000111111212111211111111111121
3322222222222222222121111111101001010101111111111212121111112122222232211111111211111111111111111111111101100000000000000000000000001111111112121211121111111111
3322222222222222222221211110110100101011011111111121211011111112212322111111121111111111111111111011111011000000000000000000000000011011011111211211211111111111
3222222222222222222222121111010010010101110111111212211111111111122121112111211111111111111111110111111110000000000000000000000001111111111111121211111111111111
3322222222222222222122212111101001101010101111111111210110111111111111112112111211111111111111101111110110000000000000000000000011011111111111112112111111111121
3222122222221221221221221221110101010111011111111212111111111111111211121211112111111111111111111111111101000000000000000000001110111011111111112111111211111211
3222222221222222212212212121101011111101111111111121211111111111111111112111121111111111111111111111101010000000000000000000010101111111111111111211111111112111
3221222122221212221212121111110110111011111111111212111111111111111111111211111111101111111111011111111110000000000000000001011111110111111111211211111111111111
3222221222212222122121211211101011101111111111111121111111111111111111111121111111011111111110111111010100000000000000000010111011111111111111121221111111121111
2212122212122121212121121111010101011111111111111211211111211111111111111111111111111011111101111111111100000000000000000001110111111111111121212122111111211121
2221221221221222121212111111101110111111111111212112111111111111111111111121111111101111111111111101011000000000000000000111011111111111112111111111212221212112
2212212122122121212121212111011011111111111111111121111111111111111111111112111111111111111111111011110100000000000000001011111111111112111111111111121212121212
2221221212121212121211111111111111211111111111212112111111111111111111211121111111111101111111111111011100000000000000101111111111111121111111112111111121212121
2212212121212121112112112111010111111211121121111121211111111111111112111211211111101111111111111010111000000000000001111111111111112111111111111212112111111111
2122121212121212121121121110101011112112112111212111111111111111111111112112111111111011112111101111111100000000000001111111111111111111111212121212121211111111
2212212121221211212112111110111110111121211212111212111111110111111111111111211111111111121211011101111100000000000111111111111111111111121111212121212121111111
2121212212121212121211121101111011111211122121121211111111111111111111111211111111111111212111111011111000000000001011111111111111111112111121111111111212111211
2212221221212121212112111011101111112112121212122121211111111111111111111112111111111112111111101111111100000000011111111111111111111111111111111111111111121111
2221212212212121211211110110111111111121211212212121112111111111111111111111211111111121111111011111111000000001011111111111111111111121111111111111111111112121
2212122121221212121121101101101111111111121121121212121111111111111111112112111111112111111111111111111100000001111111111111111111121111111111111111121121111212
2221221212121211212111110111011111111111211211212121211211111111111111111121111111211111110111111111111100000011111111111111111111211111111111111111111111112112
2212212221212122121210101010111111111111112121121112112112111111111111111111211111111111101111111111111101000111101111111111111112111111111111111111111212121121
2222122122121212211111011101101101111111111212112111111121111111111121111121111112111111111011111111111110001111011111111111111111111111111111111111211121212111
2212221221222122222111110111011111111111112112211211111111212112111111121112111111111111011111111111111101011101111111111111111111111111111111111121112111212122
2222212212212222211121121110111011111111111121212112111111111121121111211121111111111111110111111111111111111011111111111111111111111111111111111211112121121212
2222122222122232322112112112110111101111121212121121111111111111212121111111211211111111111101111111111111110111111111111111121111111111111111112111212212112222
3222322221222122232221221212111111011111112111212211212121111111110011112112111111111111111111111111111111111111111111111111211111111111111111121111112121121222
3332232222221221112232221221212111111111112122121212111111000011100001211111211111111111111111111111111111111111111111111121111111111111111111211112121221222122
3333323323222221112122232221211121211111121212122211111110000111000011000012111121111111111111111111111111111111111111111111111111111111111121111121212122121222
3333333332323232322322222322221212221212112121212111111100000110000001001011121211111111111111111111111111111111111111112111111111111111111211211212121222222222
3333323333333323333233232232323122212221221222122121111100000110000010000101212111111111111111111111111111111111111111111111211111111111211112112121212221222222
3333333333332333333333333322232232221212222212222111111010001211001010001011121111111111111111112111111111111111111111111112111111111112111121212112122122222222
3333333333333333333333333333323232222222322222221112121111112221211210000111212121121111111111111111111111111111111111111121111111111121112112121221222222222222
3333333333323333333333333333333323332323223322222121112222211123232221101112011111111111111111112111112111111111111111111111112212111211121121212212222222223222
3333323333333333333333333333333333233322232232222211212322212212323232211120101121121121111111121111211111111111111111111111221221121112211212121222222222222121
3333332333333333333333333333333333332333323223222222122222121121332323322210011111211211112112111112111111111111111111111112122222211212121212212122222222221111
3333333332323233333333333333333333333232232222222232322221221122232323232201010121112111121111111211111111121111111111111121222222222121121221222222222222111212
3333323233333333333333333333333333333333322222222323222222221112233232323211011212121121211111211111111211211111111121112122232222322222222222222221222221121121
3333332333323233333333333333333333333333233222333333222222121112232323232331112121211211111121112121121111111111111111111222322222222222222222322222222112112111
3333333333332333333333333333333333333333333233333332322222211012233332323232222221212121211211121111211121111211111111112223222222222222222222222222222231211221
3333332233333233333333333333333333333333333333333233222222211012223323233233222222121212112112112121111211121111112111212222212221221222222222222222222322221211
3333333333332333333333333333333333333333333333332332222222211112223333232323232221212121121211121112121112111112111112112211111212212222222222222232323223222112
3333332323323333333333333333333333333333333333323323222322120112223332323232323223222212121112112121112121121211111121111111011122122121222222223222232323231212
3333333323333233333333333333333333333333333333333333222232121222223333232323233232212121211211211211211211211111211211111010111112221222222232222323323232323222
3333333233333333333333333333333333333333333333333332222222222122223323222232232221221211212121121121122112112112112111010101101011122222222222322222232323333222
3333333332333333333333333333333333333333323333333323222222222221232322232323232222112122121212112112212121211211121110110110101101112222222232222223222232323332
3333333323333333333333333333333333323333332323333323222222223222222223223232323221211212121211221221212121121121211101101010101011111222122222223222232323232323
3333333333333333333333333323333333333233333232333233222232232323222222222223232222122121212121212122121212121212111010101010101010111121222222322222223232333233
3333333323333333333333232333333333323233332322223232222322222232323232222232322222221222121212121212121212121121101101010101010101011112222222222222232333232333
3333332333333333333333323333333333232222333323223322222223223223222223222222233222222121212121222121212121212111110110101010101010111121221222222222223232333333
3333333233333333333332232233333333322223333332232232122332322322323232323223222222221222122212212121212212121211011011010101010101010112122222222223222323333323
3333333333333333333332323333333333232322233233232232222232223222232222232222232222222212221222121212121221212110101100101010100101011111122222222232232233323333
3333323233333333333322323233333323333222222333323223122323332223322232322222322222222122122121212121212122122101010010101010010101101111111222223222223323233233
3333233333333333332332322333333333233222222333232232222222223333232223232223222222312222212212212121212222212111101010010101010101011011121212223222232332333333
3333333333333333323333232333333323333332222323323222122222221222222232322132313222222221222122121212121221221110110101001010101010111111111121222232223233233333
3333333333333333333323323333333332333323222233233223222232222212222223231223222222322222221221222121212212222111111100101001010101111111122222222223222323333323
3333333333333333333333233323333333333323232333332323212223232222232222221222232222222222212212212212122122232111111111010101011011101111222223232323232323332333
3333333233333333333323333333333332333332322233223222222222212222223222212223232222222222222222122122212212232222211211101010101101011122222222323232333233233333
3333332333333333333332333333333333333232232323332322321222222122223232321223222121212222222221222221222122222211122121111010101010111211112222232323323323333233
3333233332333333333233333332333333332323223233323222232122222111222323312132322222121212222222222222222221122211112211111101010101111121222223232332332332323233
3333333333333333332333333333333233323323323232332322223221222111122232322123212212121211212323323232221211121210112211111110101110112122223232323223232323233333
3333333333333333333233333333333323333332323223233322223221221211122222232222222121212121121223232321111101022111121132111101011011111122232323332333323332333333
3333333333333333232333333333333333232232332322333232322222212111122222222122221222121212122333222211011010121111122221211110101101111122223232223232333233333333
3333333333333333323333333333333333323323322332323333222222132211112222132322122211212121223323222310101111121111212222321111011011111222322222222223232323333333
3333333333333333233333333333333333333223323232233332222222222222112222212221221212122222233232232211010110112112122322323211110111011222222232222222323233233333
3333333333333333333333333333333333332323332232232222332222222321211121212212212121222212322223132221101111011211122212232321111101112222222222232323233333332323
3333333333333332333333333333332333323232233223223232223222232123222111121212122212222122212121222221110111101122223111223233211011112222222323223233332332333233
3333333333333333333333333333333223233332323323232223222222312322222222221212221122221222111111223111111111011111111111112232321111121221222222232332323323232333
3333333333333323333333333333333332232333232232322322222323132222222222212121212222212221212111222111111101111111111111111123233211112212222232323233233232333323
3333333332333333333333333333333333323232333323223222223232323222222222221212212222212322321111121111111111111011111101111111323222121222222222232333323233323233
3333333333233233333333332323232323233323323223222223222232332322333222121121211222133333322111122111101111101110110111111111123332212221222223233232332333233333
3333333323333333333333333333333333333232232222222222322323323333222212212111112122323333333111111201011101111011011011111111011233322212222232323323323332333333
3332232222232323233333333333333333322322222322222222232222222222111122121121211223333332332321121111111011101101101010101110111123233222223223232333233233333323
2222212122212222232333333332322232232222323232222222222222222121011121111111123332333333333332211120111111010101010101011011111111332322222232323232323333333233
2112121211121221222232332323333333333232223222222222222222222211111211211122233233333233323323111111111101111010101011110111101111123233223223232323233323323333
1121111111212112121222222222233332322322232222223232222323222222121212111222333333332333233221111111111111010101010110101111011111112232322322323232333233333333
1111112111111121112112121122222223333323232232223222223232221112212112122233232323333333322211111110121101101011011011111111111111111223323232232323323333333333
1111111111121111121121112112122222323332322322332222232323221011222222222232322232333332222111111011111011011101101110111111111111112232332323232333233333333333
1111111111211111211111211121221212122232332323232232223232220101322323222222222222323233222111111110111110110110111011111111111111122223232322323232332323333333
1111111211111121111211111212121121212122223232323223232323220011232221111111111112222232222121111101111101101111011111111111111111222232323232322323233333333333
1111111111111111112112111111212121211212121222323233323222210101322111211211111121132323322211111011111011011101111111111111111111222323232323232323323333333333
1111111111112111121111112112121212121212121212122323232111000012121111112112112112223233232211111111111111111011111111111111111122222232232232323232333233333333
1111111121111121111111111121211221212121212121212122220000010111211111111211121121232333323221111111111101101111111111111111111212222222222222232323232333333323
1111111111112111112111121211112121212112121211121121211100101112111111111221211122223233332221211111111111111111111111111111121122222212112121222232323333333333
1111111112111111111112111112112122121211211112111212122101011211112111111212111112232333333222121111111111011111111111111112112212121221211112222323233333333333
1112111211111121112111121211111212212112111211212121211211212121211111112121211213223233332332221211111110111111111111121211221221222112112121222222333333333333
1111112111111211121111212112111121221121112112111112121112121212121211111212111122232333333323222221111111111111111111121221212212212121121112112122323333333333
1111211112111111211121121121211112212111121111112121112111212111212111211222121122232333332332322212111111111111111111212122222222121211121211111223333333333333
1112111121112111111211212121111121221111111112111211121112121121121121112121211112223333333222222221211111111111111112121221222212212111212111111222333333333333
1111112111111111211121112121211112211111211121111111211121121112212111111222211122223333333232222222111211111111111211212122122121221212121111112223233333333333
2221221121121112112112121212111112121111111111111112111112111212121211112122111112223333333323222221221212121211121122121212221212112121211111112223333333333333
2121211212121211211211212121211121211111111111112111111211212112121112111222211112123333333332232221212121212112122221212122121212121112111111112123333333333332
1211121121211121212122112212111112111112111111111111121121121121212121112122121111222333333333322222221212112121221212122221212121111111211211122123323323333232
1112111211112111122211212122111211111211111111111112111211211212121211111222211111212333323333232222212212122212212221222122121111121112112111221233233333332323
1121121112121121212121212212111111111111111111111121112112112121212111121222211111122223333333332222222121221221221222222211212121111121211212112332333333323232
1211112121112112121212112121211111111111111111121111121121211212121111112222211111212132333333333232222222212122112212212122121222121211121121233333333333232222
1112121111211211212121121212111111111111111111111112111211122122121211121222121112112122233333333322222212121211212121121212122222222122212223333333333323223222
1121111212112121121211112121111111111111111112111121121121212121212111212222211111111222223333333332322212121211121112121212212221212222233333323333333232322222
1211212111121121212112121211111111111111111111112111211212121212211121112222211121121213323333333333222221212112111211212121221212122222323333233333332322222222
1112112112112121212121112111211111111121111111121112112111212221212111112222211211211122223333333333332222121121212112121212122121222222233333333333323223222222
1221211121121212121211121112111111111111111211111121111122122212222221212222211121111212232333333333332222212121121121212121212212222223332333333333332322222222
1121121211212121212111211121111111111111121111121111212112212122222222222222221212112112323333333233333222221212121212121212122122222232333333333333232222222222
1212112111121212121121112111111111211111211111211212111212122121222222232222222121211121223233333333332312222121212121212122221222222323333332323232333222222222
1121212112112121212111121111111211111121111121111111121121221212112122222222322222212121222333333333333322222222121212121221222222232333323232222333332322222222
1212121211211212121112111111211111121111121112112112112122212121121212122223222322222112122322333333333331212222222122212222222222223232232223222332333232222222
1122212112112121211211112111111112111111211121121121121212121211212121112222222222321221212232323333333333122122222222122222222222323323222322322223323332222222
2221212121121212121112111111112111111121111211211211112122211112121211121222222122222221212223231232333333321221221222222222222223232322232222322223333233222222
2122121211112121211211121111211111211211121112112111212121211211222111111222222212232222121222323222233333322222222222222222222232323222222222222222232332332222
2212212111211212121112111112111121111111211121121121111222111122212121112122322121222322212122323222222333333222222222222222223223232222222222232222233323323222
2122121121121212112111111211111211121112111211211211121212112112221211111222222212122232221212232323222223333322222222222223222323222222222222222222223233232322
2222222211111121221111111111111111111111111111112111112121111122222111111112222221112222222222223333333222333333222222222222233232222222222222233222222333333333
0000000000000000000000000000000000000000000000000000000000000000000000000000000000000000000000000000000000000000000000000000000000000000000000000000000000000000
0000000000000000000000000000000000000000000000000000000000000000000000000000000000000000000000000000000000000000000000000000000000000000000000000000000000000000
0000000000000000000000000000000000000000000000000000000000000000000000000000000000000000000000000000000000000000000000000000000000000000000000000000000000000000
0000000000000000000000000000000000000000000000000000000000000000000000000000000000000000000000000000000000000000000000000000000000000000000000000000000000000000
