0000000000000000000000000000000000000000000000000000000000000000000000000000000000000000023333333320000000000000000000000000000000000000000000000000000000000000
0000000000000000000000000000000000000000000000000000000000000000000000000000000000000000001233333333210000000000000000000000000000000000000000000000000000000000
0000000000000000000000000000000000000000000000000000000000000000000000010000132100000000000003333333332000000000000000000000000000000000000000000000000000000000
0000000000000000000000000000000000000000000000000000000000000000000012210123310000000000000000123333333320000000000000000000000000000000000000000000000000000000
0000000000000000000000000000000000000000000000000000000000000000012210012321001223300000000000000333333123210000000000000000000000000000000000000000000000000000
0000000000000000000000000000000000000000000000000000000000000022210001332102333330000000000000000013333320232000000000000000000000000000000000000000000000000000
0000000000000000000000000000000000000000000000000000000000002210000023200233213200000100000000000000233331012321000000000000000000000000000000000000000000000000
0000000000000000000000000000000000000000000000000000000000121000001331123321130000001010000000000000013333322123200000000000000000000000000000000000000000000000
0000000000000000000000000000000000000000000000000000000000100000123102332101200000000100000000000000001233331310330000000000000000000000000000000000000000000000
0000000000000000000000000000000000000000000000000000123000000002320133200031000000000000000000000000000003333232023100000000000000000000000000000000000000000000
0000000000000000000000000000000000000000000000000100232000000123013332001210000000000000000000000000000000133322301320000000000000000000000000000000000000000000
0000000000000000000000000000000000000000000000000000231000001320133210022000000000000000000000000000000000012333320122000000000000000000000000000000000000000000
0000000000000000000000000000000000000000000000000000330000012113331000310000000000000000000000000000000001000333332213100000000000000000000000000000000000000000
0000000000000000000000000000000000000000000000100000330000220223100013000000000001200000000000000000000001000023333332300000000000000000000000000000000000000000
0000000000000000000000000000000000000000000000100000320003322222000220000000011013322210111111000000000010000002333320320000000000000000000000000000000000000000
0000000000000000000000000000000000000000220000100000320110011310002200000123333333333333333333010210000000000000332331230000000000000000000000000000000000000000
0000000000000000000000000000000000000000013001010001310100022000000001123333333333333233333333333333000001000000033333231000000000000000000000000000000000000000
0000000000000000000000000000000000000000001201101000320100130000001233332333333333333323333233333222000000000000002333332000000000000000000000000000000000000000
0000000000000000000000000000100000000000000220001000330010110000133333213333333323333112232123320132000000100000000333333000000000000000000000000000000000000000
0000000000000000101111000000000000000110000222010001320001010001233323233333333123220000110000000110000000000000000133333200000000000000000000000000000000000000
0000000000012233333333320000000000000331021123110001330000001013333223332223011220000000000000000000000000010000000023333300000000000000000000000000000000000000
0000000003333211100001233211010110000133332113210102332000000233231111310000000000000000000000000000000000000100000002333231000000000000000000000000000000000000
0000000332110000011222112333311320001013331222220122332000002323120111110001100000011101001000012330000000000100010001333332000000000000000000000000000000000000
0000000100000123331100133322110111111100233222121103333101113212001110101123310122333333333200233200000000000101000001333333100000000000000000000000000000000000
0000000000223221100123321000100000000010013321332003333333330000110111101333223331333333333321321133200000000100010100133332300000000000000000000000000000000000
0000000123210101012331000000101100000010111333332112333112320032301101033333333312333333321100112121110000000010100010033332200000000000000000000000000000000000
0000012201001011333100000002222100000001111123332222333333323233311010333333211123333333333322000002310000000001010100123332310000000000000000000000000000000000
0002211011111133321222233232221123322220111212333233333233333333211102333332133333333322221002301111220000000000101001013333210000000000000000000000000000000000
0001001110113333223222210000123333333331111330133233333333333323011013333333322333210010010101001231000000000000010010002333200000000000000000000000000000000000
0001101102332212210000000000123333321111110332012322333332233320000123322332123220231100101012110000000000000000001010002333300000000000000000000000000000000000
0001010133211210000000000011333333100110111332133333333320232110001333323222111000131010101013112122211100000000000100000333310000000000000000000000000000000000
0001101331001000000002323333332200101111123333333222332332233031003323331000000000002202223232000013333323200000001001000332320000000000000000000000000000000000
0000033300000000000013333321100101111113333333320001032333333332002223320000000000000122111210000000002332310000000010100132331000000000000000000000000000000000
0001331000000000001233333201011111111133222333323221031332333333000232200000000000000000000000000002331032320000000001000033232000000000000000000000000000000000
0013200000000200002333333101111111101223333323313333112021123322000131000000000000000000000000221013330001321000000000100033233000000000000000000000000000000000
0013000000001212233333211111110101012333331000123331000010000000001200000000000000000000001223100001333200000000000000100013333100000000000000000000000000000000
0000000000003023333310001111101001001310100000021233202000000000000210011111111110111122332210000000023331000210000000010013333300000000000000000000000000000000
0000000000133233333200011011000012120000012232333323310000000000000133333322212223222211010100000000001333200230000000000003333310000000000000000000000000000000
0000000000133333333200110000000000000113333333333322320000000000000121112232221011013112333200000000000123331023000000010002333320000000000000000000000000000000
0000000011233333332001100000000000133333333333300100210000000000000000221101122333333222100000000000000002333103100000001001333331000000000000000000000000000000
0000000033333333310001000000000023333333333333321221010000000000000000113332233333321000000000000000000000333311300000000000333332000000000000000000000000000000
0000000133333333300000000000002333333210133333333200320000000000000002233211111211211000000000000000000000133333330000000000333333000000000000000000000000000000
0000010333333333100000000000133333300001233333330032310000000000000100012333323232233230000000000000000000133333323000000000133333100000000000000000000000000000
0000230333333320000000000012333320011233333332101311313000000000003211110122211122333320000000000010111233333333313100000000033333200000000000000000000000000000
0001322333333100000000000233333001232333333110012003212000000000000122233333323333322000001012323333333333321333322310000000023233310000000000000000000000000000
0003333333320000000000002333320033110001110000000023131100000000000000001122222110011233333333333333332321231333333320000100023332220000000000000000000000000000
0013333333100000000000033333112320000200000000000130131300000000000000000000000011333332311222333311022000133333333332000010003333231000000000000000000000000000
0013333220000000000000333330123100100320000000000310322200000000000000000000023333221000113333333110013000012323333323100000003333332000000000000000000000000000
0013331000000000000002333221231010112320000000001302333000000000000000000002332110000023333322110000003200001322333331300100002333232000000000000000000000000000
0013121000000000000013330000101010132300000000003203330000000000000000001233100000012333333200000000003200001322333332310000002333323000000000000000000000000000
0000000000000000000033310101010102232200000000132033310000000000000001233210000012333322201330000000002310001333333332320000001333313000000000000000000000000000
0000000000000000000012300010101233200000000001311233200000000000000223220000001233321100000132000000001320001331333333230010000333223200000000000000000000000000
0000000001111121000002010101012300000000000023113332000000000000023210000001233320000000000033100000000231002331333331330000000233323200000000000000000000000000
0000000133222330000003001010113200000000000230132320000000000002331000012333321120000000000013310000000132002332333331230000000133223200000000000000000000000000
0000000000012300000022010002321000000000003301313200000000001233100012333332100013100000000001320000000032001332333332130000000133332300000000000000000000000000
0000000000132002100030001023300000000001232023133000000000133210001333333200000001310000000000133000000013202323333332130000000033233300000000000000000000000000
0000000001310012000030101233000000000123200231330000000023320002333233220000000000131000000000023200000003201313333332030000000023323300000000000000000000000000
0000000002000030000021012310000000013310013223310000011331001233112332000000000000032000000000003300000002301323333333131000000023223320000000000000000000000000
0000000000000110000120123100000000001000132011000000233200133211233103200000000000003200000000001320000002311323333333031000000013233310000000000000000000000000
0000000000000000000120230000000000000001310000000013332123320133310001321000000000002310000000000231000000311312333332131000000233323310000000000000000000000000
0000000000000000000030310000000001000012100000000233213321103321000000133000000000000330000000000133000000332332333331022000000223223330000000000000000000000000
0000000000000000000122300000000013203000000000013321232001233000000000013200000000000133000000000013100000232322203332023000002202323320000000000000000000000000
0000000000000000000023310000000013221000000000232123300023313200000000002310000000000003200000000003300000232333203332032000002113323220000000000000000000000000
0000000000000000000003310000000032330000000013321331012331001310000000000330000000000002310000000012332222333333103333022000012223323130000000000000000000000000
0000000000000000000013310000000023320000000232123200123000000231000000000132000000000001330000112322321111233333102333032000001222333220000000000000000000000000
0000000001000000100023210000000033310100002312330123110000000133000000000023100000000000132223231000230000133333101333123000001211333220000000000000000000000000
0000000000010101000010000000000233110000132023112203000000000003200000000003200000000000333110000000132000013333101333131000002112333130000000000000000000000000
0000000000000000000000000000000333100001211232220001300000000002300000000001320000000023223100000000033000013333101333221000012222333130000000000000000000000000
0000000000000000000000000000002332100012113321000000320000000000331000000000320000113320003300000000023000023333001333321000012023332220000000000000000000000000
0000000000000000001100000000002333100231232100000000131000000000132000000000132123321000002310000000023000023333002333331000000122332230000000000000000000000000
0000000000000002123001000000001333103313202100000000032000000000023100000000123320000000000330000000013100023331002332230000000311332130000000000000000000000000
0000000000002212230022000001002333023132002200000000023200000000003310000022323300000000000231000000003200023330002330120000002112331131000000000000000000000000
0000000000003313000010000012001332232210000320000000002310000000001320002321001230000000000132000000003300003320002330220000012223330131000000000000000000000000
0000000000003222000000100021001333331000000231000000000330000000000231232000000131000000000023000000001300013320002320310000001223330131000000000000000000000000
0000000000003330000001110120002333310000000033100000000232000000000233210000000033000000000013100000001300003310002311300000000223330131000000000000000000000000
0000001100003320000000110231002333100000000013200000000023100000022123100000000013100000000003200000001300013200002313200000002222330131000000000000000000000000
0000010100003330000000101332003333200000000002320000000003300002210003200000000002300000000002300000001300023200003313100000002223320131000000000000000000000000
0000001100003330000000112332013333310000000000330000000001320221000002310000000001310000000001310000001300133100013233000000000223320131000000000000000000000000
0000011010003330000000023333100033331000000000133000000000332100000001330000000000320000000000320000000100332000023331000000001313310330000000000000000000000000
0000001110003330000000130333200033323000000000023100000002232000000000132000000000130000000000320000000001330000013200000000003123311320000000000000000000000000
0000011010013330000000011233300013323200000000003300000130033000000000033000000000022000000000230000000003310000000000000000022223311330000000000000000000000000
0000001101113330000000011013320013333320000000001330013100013200000000013200000000022000000000130000000023200000000000000000022223303320000000000000000000000000
0000011011013330000000010113320002333332000000000231220000003300000000002310000000013000000000230000000233000000000000000000002233223330000000000000000000000000
0011210111103331000000000012331000333333200000000133200000001320000000001320000000003000000000031000222231000000000000000000012233233320000000000000000000000000
0012221011102332000000000111233000233333300000012323200000000320000000000330000000003100000000031122101332000000000000000000131133233310000000000000000000000000
0003221011011333000000000010223200033333330000232002310000000232000000000131000000003100000000023200123200000000000000000000220233333310000000000000000000000000
0002221011100323210000000000100100003333333123310001320000000033000000000032000000002100000001221013232000000000000000000000323332333310000000000000000000000000
0001321111110233330000000000100000001233333321000000330000000023200000000023200000002100000122000121210000000000000000000000022323333310000000000000000000000000
0002231011100133333000000000010000000023322332000000131000000003300000000003200000001200122100001121000000000000000000000000222333331300000000000000000000000000
0001232111010123333200000000000000000001202223310000132000000002310000000002310000001233200000122100000000000000000000000001213332322300000000000000000000000000
0002232211110112333320000000000000000010011002333000023000000001320000000001320000123210000022321100000000000000000000000012203331322300000000000000000000000000
0001323211111111233223000000000000000010110011323200023100000001330000000000121223220000012332221000000000332000000000000032122322322200000000000000000000000000
0002223311110110133333210000000000000011001010132231103200000002320000000000233110000001322323100000000000133310000000000132223323313200000000000000000000000000
0001312322201111023331331000000000000000011110002333322200000000000000012223210000001233332100000000000000001333110000000001323333313100000000000000000000000000
0000013232210111012333333100000000000000001010111233333200000000121223333323210102233111000000000000000000001333331000000013233333213100000000000000000000000000
0000012233112111110233333320000000000000000011110011232220000001223222111000123322110000000000000000100000000133333100000022322333223000000000000000000000000000
0000012323212201110033332123000000000000000011010111013223222221100000000223311000000000000000000000100000000013333300000323223323122000000000000000000000000000
0000001223213111110001333313310000000000000010011110101322110000010111233231000000000000000000000000000000000000333310000122333123032000000000000000000000000000
0000001222322112101001333332330000000000000000011001111223221223333321210000000000000000000000000000000000000000033320000123333032132000000000000000000000000000
0000000222332112111001333333330000000000000000010001001010121110001000000000000000000000000000000000000000000000133330001233331131230000000000000000000000000000
0000000123123022111011023333333311000000000000000000000000100000000000000000000000000000000000000000000000000000013320002323330230320000000000000000000000000000
0000000112123212121101100123333333333232221100000000000000000000000000000000000000000000000000000000000000000000003330022233310321310000000000000000000000000000
0000000032213312121010111000133233333333333333221000000000000000000000000000000000000000000000000000000000000000003320023302302311310000000000000000000000000000
0000000013222332131210101000001223333333333332223200000000000000000000000000000000000000000000000000000000000000013330022103102302300000000000000000000000000000
0000000002321232131311111110000000011222223333333311122321100000000000000000000000000000000000000000000000000000002330122013013303200000000000000000000000000000
0000000000232133222223011100000000000000000011212232332121100000000000000000000000000000000000013100000000000000002330132032033213100000000000000000000000000000
0000000000023102331322111110000000000000000000000000000000000000000000002000000000000000000000013300000000000000013320331131133213000000000000000000000000000000
0000000000001313222232023011010000000000000000000000001010000000000000023200020000000000000000001310000000000000023231330231323132000000000000000000000000000000
0000000000000202133322022111000001100000000000000000001110000000000000033210130000000000000000002331000000000000032233320323213131000000000000000000000000000000
0000000000000002132332131122011011010000000000011000011010000000000001122120120000000000000000001333000100000000231233300011023220000000000000000000000000000000
0000000000000001133233322131011010011000011000111001110001011011000002223121130000000000000000000013100010000000322323300000023300000000000000000000000000000000
0000000000000000222323331222131010011000111000101101110001011111001100133203130000000000000000000033000101111003333333100000001000000000000000000000000000000000
0000000000000000012323233322122010010100111000101011110001111100101121023321321001001100100000000011000010000013323310000000000000000000000000000000000000000000
0000000000000000001323233332222112010110110111110111011001110101101113102331231100101001100000000000000110000123133100000000000000000000000000000000000000000000
0000000000000000000033333223332023100110111111101111111001101110011111211333232001101011100000000000001100011333331000000000000000000000000000000000000000000000
0000000000000000000001322332223232111210122211022321110100111101111101022233332001001001100000000000011101233333200000000000000000000000000000000000000000000000
0000000000000000000000123233322332212221221222221122201100111011011111102232333011011021001100000000111233333321000000000000000000000000000000000000000000000000
0000000000000000000000000331233322332122211022210111110010111110111011000223133311011032101111000101123333332100000000000000000000000000000000000000000000000000
0000000000000000000000000013321333333332210110101100110011110100011011000332333320121222111111111122333333200000000000000000000000000000000000000000000000000000
0000000000000000000000000000233321323333322111110110100001222211011122332323332333232333321122223333333320000000000000000000000000000000000000000000000000000000
0000000000000000000000000000022321312112233333333322231110011333333333223333333323333333333333332333331100000000000000000000000000000000000000000000000000000000
0000000000000000000000000000222223333332113333333333333333333323321222332333333322323333333332233333200000000000000000000000000000000000000000000000000000000000
0000000000000000000000000000101101101222233333333333333333223233333332322232233322333332333332332111000000000000000000000000000000000000000000000000000000000000
0000000000000000000000000000000000000000001111111111111111001011110000000100001100000000011111110000000000000000000000000000000000000000000000000000000000000000
0000000000000000000000000000000000000000000000000000000000000000000000000000000000000000000000000000000000000000000000000000000000000000000000000000000000000000
0000000000000000000000000000000000000000000000000000000000000000000000000000000000000000000000000000000000000000000000000000000000000000000000000000000000000000
0000000000000000000000000000000000000000000000000000000000000000000000000000000000000000000000000000000000000000000000000000000000000000000000000000000000000000
0000000000000000000000000000000000000000000000000000000000000000000000000000000000000000000000000000000000000000000000000000000000000000000000000000000000000000
