1122222222222222222222222222222222222222222222222222233333333333333333222222333333323333333333333333333333333222222222222222222222222222222222222222222221112111
1121212121221222122222222222222222222222222222222222323333333333333323232222223232323333333333333333333333323223222222222222222222212212212212212221212212121212
1212121222122121222222222222222222222222122222222223233233233233233232323222222323232332333333333323333323232322232232222222222222122122121221221212212121212121
1121212121212212212212222122222222221221222222222232323332333332332333232222222222323333333233323333323333333232322222222222222212221221212122122122122212121211
1212121212122122122222222222221221222222221222222233233333332333323323323222222223233233233333233332333323323323223222222222222222212212212121212121221221212121
1121212121221221222122212221222222212221222222323323333233233323233232232232222222232332333323333323333233333233332222222212222212222122121212121221222122121211
1212121122122122121222222212222212222222222223233333332333333232322222322322222222232333333233333233332333323333233232222222222122212221212122212212212212212121
1121211212121212212212222222222122122121222233332333233332332323222222223222323223233323323333233333233333233323332332222222221222122121221212121221221222121211
1212121212122122122122122122222222221222222232333332333333323222222223232223232332332333233332333233333233333233323323222222122221221222122121212212122121212121
1121212121212121221221221222212212212222222233332333333232323222222222222322223223323332333233332333323333332333233333322222222212222121212122121221221212121211
1212121212121212122122212222122222122222222333233332332333232222222232223222222232333233332332333332333323323332333232332221221222212212212212121212212122121121
1121211121212121221221221221222221222212223233333323333332322322222222232222222323232333233333323323333233333323332333323222222221222121121221212121221212112111
1112121212121121212212212212222212222122223332332333323323232222223222322222222232333332333323333233323333323333323323233222222122221221212121221222121212121121
1211212121121212122122122122212222222222233233333333233332323222322232222222222232323233332333233333233323333323233332332322221222212212121212122121212121211211
1121121121212121212122221221221222221222332333323323333233232322222322223222222223232332333332333233333233323333333233323232222221222121212121212122121212112111
1112112112121211212212122122122222222222323333233333323323323223222222222222212222232323323233332332323333233323232333233322221222212212121212121212122121121121
1121121121112112121221221221221222222223233332333323333233232232222222222121212122223232332332323323323232333233323332332322222212122121212121212121211211212111
1111211211211211212112212122122212212223333233333233323332323222222222222212121212222323233233333232323233323332333333323232321221221212121212121212122112121121
1121112111121212121212121212212122122223233333323333233323323232322222222221211212222232322323232323232323333232323323333223222212212121211121211212121121112111
1111211121212112112121212212121212222223333233233332333233232323232322222212112121222222232322323232323232323323233333232323222121221212112112121211211211211121
1112111211121121121112121121222122121233323333333323333332332323232232222221211212222223222223223223222223333232333233333223231212112121121121212121212111112111
1111112111211211211212112122121212222223333332333233332333233232323223222212112122222222222222232232222223232323233333232322322221212121212112121121111121211111
1112111112111112112112121211212121212233233233332333323323323322232322222121121212122222222222222222222222323232332332333232323212121212111211211211212112112111
1111111211112121121121112121221221222233333333323333233332332223232322222121112112212112212222221222222222332322323333332323232221212121121121121121111111111111
1111121111211111111212121212121212122233233323333332333233233232323222212121221121121221222221212122222122233223233323323322323312121111212112112112112121121111
1111111112111211212111212121212121222332333233333233333332332323232222121212112112112111111101111112121212322322333233333232323231212121121121121111121111111111
1111111211112111111121111212121212212323333333323333323233323232322221111111111111111110101011110121222122232232323333323322323322121211211211111121211111111111
1111112111111111121112121121212121222333333332333332333332332323222111111111111101010001010110101112221212232323233332333232233232212112112111211211111111111111
1111111111121111211121112121212121212323332333333233332333323232231111110110101010101010101011011112212111322232323323332322323232121121121111112111111111111111
1111111111111111111211121212121121222333323332332333233323233322311111101101110101010101010101111122111111322323233233323232322323211211211211211111111111111111
1111111111111111111111111111212121212323333323333332333233332323211111011111011010100100101011111211121111223232323333233223223232221121121112111111111111111111
1111111211111111112111211212111212122333323333333233332333233232111110110101101101010010101101011211111012232323233232332232223223212112111121111121111111111111
1111111111111111121111112111212112122332333333323333233332332322111101101110110101011010010110121111110111322232232333323322322322221211111211111111111111111111
1111111111111112111111211112121121213233332332333233333323323221111111011011010101010101101111111011011112222322323323233223223222222112112111111111111111111111
1111111111111111111112111111111212122333233333333332323233332211111110110110101010101010011011010110101012223222232332332232232323212121111111111111111111111111
1111111111111111111121111121121121212332333323332333333333222111111011101101110101010001000101101010110112222223223233232222322322221211111111111111111111111111
1111111111111111211111111111112112122333332333323333233232311111110111011011001010100100101010010101011112222322232323322223223232222111211211111111111111111111
1111111111111111111111111112111211213332333333233332333322111111111110110110110101001010010101010101101122222222323232232222323332221121111111111111111111111111
1111111111111111111111111121112112122323333233333333332222111111111011101111010101010001001000101010111211122223222323232222232323222111111111111111111111111111
1111111111111111111111111211111121122333332333333323322211111111111110111010101010101010010010010101011111222222232232322222322323221112111211111111111111111111
1111111111111111111111111111112111212332333333233233222111111111111011101101110101010100100101001010101011122223222323223222223232212111111111111111111111111111
1111111111111111111111111111121112113233333332333332321212111111111110110111010101001001001000100101010111212222222232322222222323221111121111111111111111111101
1111111111111111111111111111111121122333323323333323222121111111110111011010101010101010010010010010101101122222222323232222222232211111211111111111111111111111
1111111111111111111111111111111211212332333333332322222111111111111110110111011010100100100100100100010111121222222232322222223232212111111111111111111111111111
1111111111111111111111111111112111122323333233333232222121211111111101101101101101010010001001001001010111212232222223232222222322211111111111111111111111111011
1111111111111111111111111111111111212233332333322322222121111111110111011011011010101010100100100101001111111322222232322222222232212111111111111111111011111111
1111111110111111111111111111111121111333323333233223222212112111111110110111110101010101010011011010110010111232222222222322322322121111111111111111111111101111
1111011101111111111111111111111111121233233333323232322221211111111101111110111010101010101101110110101101102222222223223222232332111111111111111111111011011111
1110111111111111111111111111111111111233333332332323232322121211111011101101101101110111111111111101110110111322222222222323323222121111111111111111111110111101
1101111011111101111111111111111111112232333233323233323232322112111111111111111011101112222121111111011011012223222322232223232331111111111111111111111111111111
1111110111101111111101111111111111121223332333233323233323232221111111111011011111111121122212111010110110112323232223232323323322111121111111111111111101110110
1111101111011111111111101111111111111123333332332322222232323222211111111111110111111111211111010110101101123233323232322232332321111211111111111111111011101101
1011011111111111011111011111111111112123323333323232221222232332221211111111111111111112112121212121212112223332332323232323323322111111111111111111110111111111
1110111101110110111011111111111111111122333323333222121222222323222111111111111111112222232232222222232322332323223323223233233231111111111111111111101111011011
1101111011111111110111111111111111111113333233232322222222223232322221111111111122222222222322312222222323323232122323232323332322111111111111111110111110111111
1111101111011011011111101111111111111112323333333232222322323232333222111111122221222222223232221232322233232211113232323232323231111111111111111111111011110101
1011011101110111111110111111101111111112233332332323333233233323323332222222322112121222222322221222222232311110112323332323232321111111111111111101110111011111
1110111011101110111011111101111111111111233233333333232323323232333233332323231111122222122232311222221322111001112233232322323321111111111111101111101110110110
0101110111011101110111101111111111111111213333233232332232332323323332323332331111112122212222111122111231010110111332323232323221111111111111111111011101101101
1011101110111011111110111111111111111111121323232333323323323222333323332223322111112221121211111121111220101011111323322222323211111111111111111011111011111011
1111011101110111011011111011011011101111111332323323332323232213233233321111232111021121212111111112110220101010111232221123232211111111111111011110110111010111
1101110111011110111111101111111111111111111232233233232232322122332333221101122210111212121111101111101211010101111232211132323111111111111111111011101110111101
0011011101110101110110111110110111110111111223223332323222121222233323311110122211111121211111011111011301010110111222111223231111111111111111011111011101101011
0110110111011011101101110111111111011111111123223233332222212122323332211101012211011112111111111111122110101011011131112122321111111111111111110111110111011110
0011101101101110111011101110110110111111111123222323232222121212233233211110101211101111112111111112211101010101111211111123212111111111111111111110101110110101
0110110110110101101111011101111101111101111122223232323222212122332332221101010132111111121112122221110010101011011121111123211111111111111111111101111011101110
0011011011011011011010111011101111111111111123222223222222121222233233221110101111222222222221211101001010010101111121101132211111111111111111111111101110111010
0101101110110110111111101111011111101111011113232222222221221222323332221111010011111111111111011010101001010110110211111123111111111111111111111111011011010101
0011011011011011101010111010111101111101111113232322222222222323232323221110101100010111110110110101010100101011101121010232111111111111111111111110111101101110
0110110110110110111111101111110111110111111113223222222222222222232332321111010101101010101101101010001010101010111111111222111111111111111111111111110111011010
0011011011011101010101011101011111011110111022322222121212121222223232221111111010101010110110100100101001010101111121101221111111111111111111111111101101110110
0101101101101011101110111011111101111011110112232321212121212121232323221111010111010101011011011010010110101011101121011211111111111111111111111110111011011011
0011011011011110111011101111011011111111011112323222121111111212223232312111101101101110110101010100101001010101111211011111111111111111111111111111110111101110
0110110110110101101101011011111111101110111112232222121121121121232323221111011010111011011110101010101010101011011120101111111111111111111111111111101110111010
0011011011101110111011110110110110111101111112323222211211111212223232312111101101101101111011110101010101010110111211011111111111111111111111110110111101101110
0101101101011011010110101111101111110111101111323222212111112121232332221111010110110111110111010101010101101101111120111111111111111111111111111111111011111011
0011010110110110111101111011011101101111011111323232121111211212233232321111101101101101101111101010101010110111011211111111111111111111111111111111110111010110
0110111011101111101011010110111011011101111111332322221211112122232323222111111011011110111111111101011011011011111221111111111111111111111111111111101110111101
0011101101011010110110111101101111110111111011323232212112111212323332322211111111211101011111101011101010110110111211111111111111111111111111111111011111110111
0101010110110111011101101011110110111110110111232322222111121122233233233212111111111010101011111110110111101101111221111111111111111111111111111111111101101110
0011101101101101110110110110101101101101101111223232321212111212232323332321111111111101010110111101111101111011112211111111111111111111111111111111111111011101
0110111011011011011011101101110111011011111111132323222121121122222232323212111101010101011010111111101111011110111211111111111111111111111111111111101110111111
0011101101110110110110111011011010111111011011123233222212112112222223222121111110111010101101010110111011110111112111111111111111112111111111111111111101111011
0101011011011101101101101101101111101010110111123323232221211212122222221210111101101011011010111101101110101101111211111111111111111111111111111111111111110111
0011110110110111011011011011011010111111111110122332322212121121221222121111111111010110110111110111011011111011112211111111111111111111111111111111111111101111
0110101101101101110110110110110111101010110101123233232222212212122221211111011110101101101111101101101110101111112211111111111111111111111111111111111011111111
0011011011011011011101101101101101011111101111112323323222121212212212111111111101011011011111111010110101111011112211111111111111111111111211111111111111111101
0110110110110110110111011011011011110101011101113233232322222121222221211111011110110110111111110111011011010111122111111111111111111111111111111111111111110111
0011101101101101101101101110110110101111110111112323323222222212222212121111111111111101111112111101010110111111121211111111111111111111111111111111110111101111
0110110111011011011011011011101111111010101110111232332322222222222222112121111112111121111111110110101101101101222111111111111111111111111111111111111111111111
0011011010110101101110110110111101010111111011101233233232322222222222222212222221121111110101101101011011011012212211111111111111111111111111111111111111111111
0101101101101110110101101101101011111010101101011223323323232221223232322222212111111110101010111010110110111112212311111111111111111111111111111111111111111111
0011010111011011011011011011011110101101011111111123233232322221232332322212111111101010101011011101101011101112212322112111111111111111111111111111111111111111
0110111010110110101110110110110101110110110110110122332323232212123232222121111111110101010101110110110110111112112332111111111111111111111111111111111111111111
0011010101101101110101101101101111011101101101101113233232322211222322222121121111101110101011011011011011111122113323222211121111111111111111111111111111111111
0101101110110110101111011011011101110110111011011111332333222221222223221211211111111010110101101110110110111212112333332322111111111111211111211111111111111111
0011011011011011011010110110111011011101101101110111323323232212122222212111111111101101010110110101101101111221113332323232321111211111111121111111111111111111
0110110101101101110111011101101110111011011011011101233233232212222222221111121111111010101010101111011011112211113233333333232212111111121111111111111111111111
0011011010110110101101101010111011101110110110110111233323322222223222112112111111101101010101010101110111122111113333232323332322222121111121111211111121111111
0101101101101101111011011101101101011011101101101111332332323212232221211111111111010101010110101011011111222111113332333333323332323222221211121111121111111111
0011011011011011010110110110110110110101011011022223323323332222222222121111111110110101011001011101111112221111123323333233233323332333232322222212111121121111
0110110110101101101101101101101101101110110101323332333333232222323221211111111101101010100110110111111112211111123233332333333233233323323323323232221211111111
0011101101011011011011011011110110111011101123232333333232333232232222111111111110101010101010101111111132211111123333333332333333332333233233233323323221211111
0110110110110110110110111110101101101101011223333323323333323232322222112111111101010101010101111111112222111111123333233323332332333323333333332333232323221211
0011011011011011011101101011111011010110112233233233333323332323232321211111111111101010101011111121212221111101123233333233323333323233232332333323333233232221
0110110110101101101011011110110110111011122333332333323333233332323222121111111111011101010111111212222221111111113333332333233333233332333323332333232333323322
1011101101110110111101101011101101101110233323323333333332333233232322121121111111110110111101212222222211111011123332333332333332333233332333323332333332333233
1110111011011011010111011110111011011012323233333333233323333332333222212111111111111101110111222223222211110111113323333323333323332333233332333323332333232333
0101101101101101101101101011101110110113233333233332333333332333323232221212121211111111111112232322222111111111122333332333332333333332333233333233323323333323
1011011011010110110110110111011101101133332333333323333333323332333322221221112121211111111122323232221111101111113333323333233333323323332333323333233333323233
1111110110111011011101101101110110111323233332333233333323333333332332222221221212111111212232232322212111111111122332333332333323333233323332333323333233233333
1101011101101101101011011011011101113233333233332333332333333323323323222222122221221212222323232222121111011111113323333323333233323333233323333233323332333233
1011110111011011011110110110111011123333233333323333323333323333333332322222222222222222223232322221111111111111122333333233332333333323333233332333233323332333
1111011010110110111011011011110111233233332332333333333333333333233323322332222322232222323323222211111111110111123333323333323333233233323333323332333233323323
1101110111101101101101101101101112323332333333333332333332333323333333233232323223223223233232222111111110111111122332333333233332332333233323333323332333233333
1111101101011011011011011011011233233323332333233233333233333233333233332323232323232232332322211111111111111111123333333323333233333333333233323333323332333233
1101111011110111110110110110223323333233323332333333332333333333333333233233323232323233222222121111111101110111123323332333332333323323332333333233233323332333
1111011110111101101101101112232333332333333333333333323333323333323333333332333323232322222221111111111011111111223333323333233333233333323332333332333233323323
1101110111101111011011011223333323323333233323333233233333233333233332332333332322222222222121211111111111101111223332333332333333333233233323332333332333233333
1111111101111010111110122332323333333332333233323333333333333332333333333332333231212112112112111111110111011111233323333323333333332333333333323332333332333233
1111011111011111110102232323333233233323333333333333333323333323333333323333332332121121121121111111101110111112233333323333333323333332333233233333323233332333
1110111101111011011122323333323333333233332333233323323333332333333323333332333323211111111111111111111101111122333233333333333233333323333332333323332333233323
1111111111111110111223233323333323333333323332333233333233323333333233333323333233322111111111111111011011111122332333233233323333332333332333333233323332332333
1111110111110111112333333233323333323332333333333333333333333333233333332333332333232211111111111110111111111223323332333333233333323333323332332333233323333323
1111101111101111133232332333233332333323333233332333323332333332333333323333333332333221111011111011110111112232333333333332333333333333233333323333332333323233
1111011111111111323333323333333233333233323333233333233333333233333323333333323333323323211111011111011111122233333233323323333323333332333323333332333323233333
1111111111011113233233233332332333332333333332333332333323332333333233333332333323333232322110110110111111222332332333233333323323323333333233323333323233333233
1111111111111133333333333333333333333333333333333333333333333333333333333333333333333333333322101101111112223333333333333333333333333333333333333333333333333333
