0000000000000000000000000000000000000000000000000000000000000000000000000000000000000000000000000000000000000000000000000000000000000000000000000000000000000000
0000000000000000000000000000000000000000000000000000000000000000000000000000000000000000000000000000000000000000000000000000000000000000000000000000000000000000
0000000000000000000000000000000000000000000000000000000000000000000000000000000000000000000000000000000000000000000000000000000000000000000000000000000000000000
0000000000000000000000000000000000000000000000000000000000000000000000000000000000000000000000000000000000000000000000000000000000000000000000000000000000000000
3333333333333333333333333333333333333333333333333333333333333333333333333333333333333333333333333333333333333333333333333333333333333333333333333333333333333333
3322233333333333333333333333333333333333333333333333333333333333333333333333232332332333233333333332323233333333323333333333333332332333233233233333233333333333
3332333333333333333333333333333333333333333333333333333333333333333333333333223233223222323323232223222323233332333232332332333232323232332332332323323232323233
3322223333333333333333333333333333333333333333333333333333333333333333333333222322322323233333333232232232333233233333323333332333232333323323323332323323232333
3333233333333333333333333333333333333333333333333333333333333333333333333333223233232323233332332322222323323323232323233332333322323232333233333233232232323323
3322232333333333333333333333333333333333333323333333333333333333333333333333232323323232333333323323222232323232323333333233333233232323332333232332323232332333
3322333333333333333333333333333333333333323233333333333333333333333333333333323233323323333333233323232323232323233232323333222322323233323332333233232323223323
3231323333333333333333333333333333333333233333333333333333333333333333333333232332332333323323333233323232323323232323232323232332323233233233332332323223232333
3233233333333333333333333333333333333333333333333333333333333333333333333333233232323323233233232332332333233233323323323332323323232332332323233233232332323323
3322233333333333333333333333333333333333323333333333333333333333333333333333323323233232323232323323233232332332323232323233233232323223223232332322333233232333
3322333323333333333333333333333333333332233333333333333333333333333333333333232323323323232323232332332323233232232323222322323232322323232323233233232332323232
3322323333333333333333333333333333333332323333333333333333333333333333333333233233233232323232323232323232332322223232233233233323323232323223232332333323233323
3232133333333333333333333333333333333323233333333333333333333333333333333333232332332333223223232323232323233232222322323323323233232323332323233233233233323232
3323233333333333333333333333333333333232333333333333333333333333333333333333232333233323232322323232323232323322222232332332332332332233233232323323323332332323
3321333333333333333333333333333333332323333333232333333333333333333333333333223232323232323223232323232323232222222323232323323323322323323232323232332323233233
3332333333333333333333333333333333323233332323323333333333332233333333333333232323232323233332333233323232323222222232323332332333232233233323232333233233322323
3222223333333333333333333333333333233323323232333333333333322333333323333333232323323232333333333333333232322322222323232323323323232323323232323323323323233233
3333232333333333333333333333333232332333222323223333333333222333333323333333323232323333333333333333333333323233233232323332332332323233233233233233233233323233
3311323333333333333333333333323333233232323222332333333323223333233323233333232323233333333333333333333333333323332333233233233233233323323323332332332332323323
3332333333333333333333333333232323232333222223232333233222133232333232333333323233333333333333333333333333333333323323332332332323332332333233323323323232332323
3222223333333333333333333333223232333232322332323332322222232223222332333333232332333333333332322212222233333333233333233323323232323333332333333333233323232323
3333333333333333333333333332232223232332233233233232222222321222122223233333223233333333333322212121121211222333333232333233233232333333333333333332332323233233
3321333333333333333333333333322232323322322332332322222122212211122223233333323333333333332222121221212222121233333333323332332323233323333323332333333232323323
3332333323333333333333333333222322332223233323323222221222122011112223233333233333333333323222232221112121222212332332332323323232332333332333323333323323233233
3212232333333333333333333333332223322222323333322222122211210101112222323333333333333333232323323321212222222121223323232332323232323333323333233332333232323332
3323333333333333333333333333333333332223233332232222211111101010111223233333333333332323333232333222211122222222222332323232323233233232333323333233323323333233
3212233333333333333333333333332333323122232222222221110101001011112223233333333333322323332323333232222211122322222223232323232322323323232323232332333233232333
3332333323333333333333333333333333231111101111101010001000010110111223233333333333323223323333323322212121212222222232323222323233232232323232323233323323323323
3222232333333333333333333333333332210100000011000000000000111111111223332333333333222222333232322222111111112223222323232232323232323323232323232332333233233233
3323233333333333333333333333333323110010000000100000000002111212211223332333333332232222323232223222221111112232232232323223232333233233323232323333332332332333
3222233333333333333333333333333321111111211100000000000011010001112223232333333322222222222322222121212111222223232323232322323323323323233223233232333333233333
3332323333333333333333333333333211101122222110000000000000000000112132332333333222222222222112111212211111112222323232323223233232332332332322332333333323333333
3221323333333333333333333333332211111212212111000000000010110101012223232333333222222211111110110101121110112222332323332232323233233233232323323332332333333233
3323233333333333333333333333322110010110101111010000001012212110111223323233332222222122111100001000101101112222223233232322332323232323323223233233233333233333
3313233333333333333333333333222101010101001010010101010111222221011223232333332222121211100010000000000011111223232323233233232332323233232332332332332323332333
3232332333333333333333333332221110101110100100101010110111121222101222332333322221221111010000000000000000011222322323323232323232232332323232323323232332323233
3321323333333333333333333323221101010101111010111101110101001112111123233233322222221110000000000000000000001122223232332323232322223323233323332332322323232323
3323233333333333333333333322211110101011010101010111110010010110111222333323222222221110000000000000000000000112223223233232323232223233323233233232322232223232
3313233233333333333333333232221110100001010100011101111001010101101122323232222212321100000000000000000000000012222323232323232322232332332332323233222322323232
3331332333333333333333333322221110000000101000111111110101011011011122333232222222221100000000000000000000000011122232323232323232223323323323233323222223222323
3231333333333333333333333232211110100000000001111010110001010101010123323222222213221000000000000000000000000000112222232323232323233333233233333232322222223233
3313323333333333333333332332221110000000000011010100111000100010111122332322221132220000000000000000000000000000101222323232323232333233333333232332322232223323
3313233333333333333333323323121111000000010010110000111100000000011123323222211212210000000000000000000000000000010112232322322323323323232323323323232323232333
3231323323333333333333232332211110010000100011011101110100000000101122332321121122201001000000000000000000000000101022223232233233233233323232332332332332323233
3332332333333333333333233332211110100010000100101111101000000000011123233212222221110010000000000000000000000000011112222223223323332333233323223323323323233323
3313233333333333333333232332111110001001001000000000110101000000011132332221222111110100000000000000000000000000001112232222323233233332332322332332333333332333
3323233233333333333333233332211101010000010000000000001010010000101223333212222211111000000000000000000000000000010112222212332333332333333232323323332323323333
3231323333333333333333233332111010000101010101000000100100100001011233332222232211110100000000000000000000000000001122232122233332333333232323232332333233233323
3231332333333333333332332333210100001010111110000000011010001010102233323212222211111010000000000000000000000000001112322122223233323323333232333233333333333333
3313223333333333333333233332211010000112111101110111101101000001011323333221222211101100000000000000000000001000001121322123222332333333323323232333232332333233
3323333333333333333332333333210100000011110010000010111110100010112233232221123211110000000000001000000000100000010112222112322323333233233232333332333323323323
3231333333333333333333332323211000000001111100000000001121000000112333332221122211100101122111000000000000001121101012221212221323232332323233232323323233232332
3332333333333333333333233232221100000010011111100010111211000001012323232221212211000001212220000000000000012221210101121212221232323323333323333333233323233232
3333333333333333333333332332221100000001010010101111111110000000113333331222112111100001112211010010000100102221111011212111212223233233333233323323323232332323
3333333333332333333333323232222100000010101000000001011101000001113332322221112111000010101001000000000000000101110001122212121222332333333333333233233232323333
3333333333333233333333332322212110000001010000000000001010000001123323321222111211101000000000000010001000000000000011122112112132323333333333233333323323232333
3333333333333333333333323322112110100010100000000000010101000011223333321221111111000000000000000100000100000000000001122212121222333333333233333332332332333333
3333333333333233333333333232111211001001010100000000101010000102233233321212110211010000000000000001001010000000000010122112122123233233333332332333323323233233
3333333333332333333333233321111111010101010100000001001101010112223333312121111111100000000000000010000100000000000011122112121222323332332323333332333232332333
3323333333233333333332333221110111101010101001000010101010101122323333321121110111000000000000000100001010000000000001121212122122232232323232223223223232323323
3332333332333333333333232321101011110111010100000001010110111232232333211111111111100000000000000010100110000000000011121112121212323232332322332323232323233233
3323233333333333333332323321110011110101101000000010101111113222333333311111101111100000000000001101001011000000000001112112122212233323233223232232333232323323
3333333333333333333333233321001001011011110000000000111111223232333333211111111011100000000000001010000011000000000011121111212122232333323322323232323323332333
3333333333323333333333233322010100110110111101000001011121332322233333211111111121101000000000010100000011100000000001211211122221233323233223323232332333233323
3333333333333333333332333231100000011101011110101010212123232223223333211111111121110000000000001010000101000000000011121111221222223233332323232323233232323233
3333333333333333333333233221100000100110100101111112111223323232323332121111111312101000000000000101100010100000000111212121122222223332323323233232323323232333
3333333333332333333332332312000000000001011010111111122233232322223332111111112222110000000000000000000000001000010111221111212222223233333232323232332323323233
3333333333323333333333333221100000000010101101010112222232332322323232121111121221101000000000000000000000010000000111211212122222232323232323232323223232323323
3333333333333333333333323221100000000000001010101121212233323232232331211111111222110000000000000000000000100000001021212121122222223232332332323232332323232333
3333333333333333333333332311000000000000000101011112122332332322323322111111121222110000000111111010101111111000001111121121212222323233333323332323233232323333
3333333333333333333333323221100000000000000010101111212323233233222231121111211221201000000011100000000000120000010121111211122222232323332333233233323323233333
3333333333333333333333232221010000000000000000010111123232333323321321211111111222110000000011110000000011210000001121121211221223223233333333323323233232333333
3333333333223333333332222221110000000000000001001111222333333333323231111011112121211000000001111000000011110000011212111121211232232323323333233332332323333333
3333333333333333333323223222000000000000000000011111123232333333333321211111111222220000000000111111111112100000002122112211212223222333333333333333323323333333
3333333333333333333232222222100000000000000000101011223233333333333321111011111212211100000000001000010110100000022221121121212222323232333333333333233232323323
3333333333323333333332222322100000000000000000101011232323333333333311211111111121221100000000000000000001000000122222121212121232322323333333333333332323233233
3333333322233333333332222221000000000000000000010111232232323333333221211011111212112210000000000000000000000001122212121212212223232333333333333333323232323232
3333333333333333333223122211100000000000000000001012232323233333333312111111111111122211000000000000000000100101113121212212121232232332333333333333333223223232
3333333333332333322222111110000000000000000000010112332333333333333221211011111112112211101000000000000000001011112122122122121223223323333333333333333322223232
3333333333321332322323110100000000000000000000001112233232333333333221211111111111112211110100000000000000110111012121121221221232332333333333333333333323232323
3333333333333323232232201001100000000000000000101112333323233333333321211011111111112221111110000000000000011110112111212212121223233333333333333333333332323223
3333333333333332323221211111000000000000000000010122332332323333333222111111111021111221011111000000000000111000011112112122121233323333333333333333333333232232
3333333333333233232323211001000000000000000000101112333332233333333321211111111111102222101011100000000001100000101111212221221232332333333333333333333333323223
3333333333333332313322321010000000000000000001011113333323233333332322211111111111111222100101111010000101000000011102112212212233233333333333333333333333322323
3333333333333233223233222101000000000000000000101112333333232333333322221111111111111222110010010111111010000000001011211221221323323333333333333333333333333233
3333333333333323332332232211010000000000000010101113332332323333332332212011111111111222210100100000000000000000001102112221212233233333332333233323333333333323
3333333333333303233323322232221100000000000100111113332223232333333332221111111111111122111001000000000000000000001011211221222332333333323333333333333333333233
3333333333333333323232132322321000000000001001010113331232323333333332221111121111120212211010000000000000000000001111111222212323323332333333333333333333333333
3333333333333332332332132323222210000000010010101113331233233333333333221111211111211122211100000000000000000000001011111222223233233333333332333233333333333323
3333333333333333323323323232223222110010100101011113331223323233333332322111111111111212222110000000000000000000001111121222223233333323333333333333333333333333
3333333333333333232133232323232232222001001010101123322223232333333333221112112112111121222201000000000000000000001021111222232332333233332333333333333233333333
3323333333333333332232333232323222232221110101111123333232323333333333322121111111211212222210000000000000000000001111121223223233233333333333233323333333333333
2222121122233333323323323311323211322322223222222233332323323323333332331211212112111211222221000000000000000000001021121232232332333333333323333233333333333333
2222322222222333333233323233232333233232322232322333332333233233233333322112121111112121222221100000000000000000001111122222323323333323332333333333333333333333
1122222122233333332332332323323323322323231132321233312323323232333333222121211112111211123211100000000000000000001011122222232333323333323333323333333333333333
2232232232233333333323311332320323232232322223232333332333232333333332312111211111112121222212110000000000000000000001122223223323333333333333233323333333333332
2322323232333333333233233232323232323232323323323233333322132122333323222111211112112122122211110000000000000000001001122222323233333233233332333333333333333321
2223232322233333333322332323232323232323232322232333333232232223233332222112111101112121122211111000000000000000000001122223232333323333333323333233333333333211
1112323232333333333321323321323232232332133231323333332323232332332322222111211111121121222210110100000000000000000000222222232333233333333233333333333333332201
0001222322333333333333233232332332123233232333233333323232322223323223322212112101111212122210110100000000000000000000222222323332333332332333323323332333323001
0001212222333333333332332333233333332332323222323333332223232232323333232221221111111121212311010010000000000000000001222223232323333233333333233333333333331001
0002222322333333333333323323332323232223232223232333322132323332332333332222221101111122213221001000000000000000000001232222223233333333323332333233323333220001
0001122222333333333333233133223113323032323212323333323232333233223333332232221111021121222231100100000000000000000001322222232333332333233323333333333333300000
0022223223333333333333332332332322323323232323232333323233223323323333333323222111111122222232101000000000000000000002232222223333323332333333332332333332200000
1122222222333333333333323323233232332323323332323333322333223233232333332332321211121122222323210000000000000000000002323222232333233333332333233333333233000000
1112232323333333333333333233222333232333222333213333322323332332323333333333222212121222323232310000000000000000000002232322333323333333233332333323333331000000
0001223333333333333333333323213323321323323323333333323332323221233333333332222221222223232323210000000000000000000002333333323333333233333323333233323320000000
0003233333333333333333333233333233232332323232232333233323232332332333333323323222222232333232310000000000000000000003232323333233323333323333332333233320000000
0013233333333333333333333322323323233223232322223333232322323233233333333333232222232232323323220000000000000000000003323333233333233332333333233333333200000000
0132233333333333333333333312332322232320323231133333232323232332333333333333333323233233333233210000000000000000000012333232333233333323333233333323332300000000
2323233333333333333333333333233232132322322323233333323232323133332333333333333333332323332332200000000000000000000013233333332333233233332333323333323100000000
2232233333333333333333333333323323333233233232323333232123333233233333333333333323323333323333100000000000000000000013323323333333333333333333233323332000000000
1112233333333333333333333333233233232323332333333333323333323323331233333333333333333333233332200000000000000000000022333233323323332333233332333233323000000000
1122333333333333333333333333332123333233333323233333223232331133323333333333333333333323333323300000000000000000000023232333233333233332333233333333232000000000
2323233333333333333333333333333333233332323232333332202323223232332333333333333333332333332333220000000000000000000023333332333233333233333333323332332000000000
1132233333333333333333333333333233332323222323223333232323233333212333333333333333323333323332321000000000000000000023232333332333233333323323333233322000000000
0023233333333333333333333333333332322332303232333333323332233232323233333333333333333333233323331000000000000000000032333323323333332332333333233333231000000000
0023233333333333333333333333333323331333333333333333233323132323332333333333333333332333333333322100000000000000000033323233333332333333333233333233321000000000
0222233333333333333333333333333333333323232322333323323232323233232333333333333333323333233233233200000000000000000123233333233233332333233332332333232000000000
1223333333333333333333333333333332333333333221233333233323233331233333333333333333333333333333333330000000000000000133333333333333333333333333333333332100000000
0000000000000000000000000000000000000000000000000000000000000000000000000000000000000000000000000000000000000000000000000000000000000000000000000000000000000000
0000000000000000000000000000000000000000000000000000000000000000000000000000000000000000000000000000000000000000000000000000000000000000000000000000000000000000
0000000000000000000000000000000000000000000000000000000000000000000000000000000000000000000000000000000000000000000000000000000000000000000000000000000000000000
0000000000000000000000000000000000000000000000000000000000000000000000000000000000000000000000000000000000000000000000000000000000000000000000000000000000000000
