0333333333333333333333333333333333333333333333333333333333333333333333333333333333333333333333333333333333333333333333333333333333333333333333333333333333333333
0333333333333333333333333333333333333333333333333333333333333333333333333333333333333333333333333333333333333333333333333333333333333333333333333333333333333333
3333333333333333333333333333333333333333333333333333333333333333333333333333333333333333333333333333333333333333333333333333333333333333333333333333333333333333
3333333333333333333333333333333333333333333333333333333333333333333333333333333333333333333333333333333333333333333333333333333333333333333333333333333333333333
3333333333333333333333333333333333333333333333333333333333333333333333333333333333333333333333333333333333333333333333333333333333333333333333333333333333333333
3333333333333333333333333333333333333333333333333333333333333333333333333333333323333333333333333333333333333333333333333333333333333333333333333333333333333333
3333333333333333333333333333333333333333333333333333333333333333333221110000001000000111222333333333333333333333333333333333333333333333333333333333333333333333
3333333333333333333333333333333333333333333333333333333333333321000000000000000000000000000000123333333333333333333333333333333333333333333333333333333333333333
3333333333333333333333333333333333333333333333333333333333321000000000000000000000000000000000000023333333333333333333333333333333333333333333333333333333333333
3333333333333333333333333333333333333333333333333333333331000000000000000000000000000000000000000000023333333333333333333333333333333333333333333333333333333333
3333333333333333333333333333333333333333333333333333333000000000000000000000000000000000000000000000000023333333333333333333333333333333333333333333333333333333
3333333333333333333333333333333333333333333333333333200000000000000000000000000000000000000000000000000000123333333333333333333333333333333333333333333333333333
3333333333333333333333333333333333333333333333333320000000000000000000000000000000000000000000000000000000000233333333333333333333333333333333333333333333333333
3333333333333333333333333333333333333333333333332000000000000000000000000000000000000000000000000000000000000002333333333333333333333333333333333333333333333333
3333333333333333333333333333333333333333333333310000000000000000000000000000000000000000000000000000000000000000033333333333333333333333333333333333333333333333
3333333333333333333333333333333333333333333333000000000000000000000000000000000000000000000000000000000000000000002333333333333333333333333333333333333333333333
3333333333333333333333333333333333333333333320000000000000000000000000000000000000000000000000000000000000000000000033333333333333333333333333333333333333333333
3333333333333333333333333333333333333333333200000000000000000000000000000000000000000000000000000000000000000000000002333333333333333333333333333333333333333333
3333333333333333333333333333333333333333331000000000000000000000000000000000000000000000000000000000000000000000000000233333333333333333333333333333333333333333
3333333333333333333333333333333333333333310000000000000000000000000000000000000000000000000000000000000000000000000000013333333333333333333333333333333333333333
3333333333333333333333333333333333333333100000000000000000000000000000000000000000000000000000000000000000000000000000000333333333333333333333333333333333333333
3333333333333333333333333333333333333332000000000000000000000000000000000000000000000000000000000000000000000000000000000133333333333333333333333333333333333333
3333333333333333333333333333333333333330000000000000000000000000000000000000000000000000000000000000000000000000000000000013333333333333333333333333333333333333
3333333333333333333333333333333333333300000000000000000000000000000000000000000000000000000000000000000000000000000000000001333333333333333333333333333333333333
3333333333333333333333333333333333333100000000000000000000000000000000000000000000000000000000000000000000000000000000000000233333333333333333333333333333333333
3333333333333333333333333333333333333000000000000000000000000000000000000000000000000000000000000000000000000000000000000000033333333333333333333333333333333333
3333333333333333333333333333333333330000000000000000000000000000000000000000000000000000000000000000000000000000000000000000003333333333333333333333333333333333
3333333333333333333333333333333333320000000000000000000000000000000000000000000000000000000000000000000000000000000000000000001333333333333333333333333333333333
3333333333333333333333333333333333300000000000000000000000000000000000000000000000000000000000000000000000000000000000000000000333333333333333333333333333333333
3333333333333333333333333333333333100000000000000000000000000000000000000000000000000000000000000000000000000000000000000000000133333333333333333333333333333333
3333333333333333333333333333333333000000000000000000000000000000000000000000000000000000000000000000000000000000000000000000000033333333333333333333333333333333
3333333333333333333333333333333330000000000000000000000000000000000000000000000000000000000000000000000000000000000000000000000013333333333333333333333333333333
3333333333333333333333333333333320000000000000000000000000000000000000000000000000000000000000000000000000000000000000000000000003333333333333333333333333333333
3333333333333333333333333333333300000000000000000000000000000000000000000000000000000000000000000000000000000000000000000000000001333333333333333333333333333333
3333333333333333333333333333333200000000000000000000000000000000000000000000000000000000000000000000000000000000000000000000000000333333333333333333333333333333
3333333333333333333333333333333000000000000000000000000000000000000000000000000000000000000000000000000000000000000000000000000000033333333333333333333333333333
3333333333333333333333333333333000000000000000000000000000000000000000000000000000000000000000000000000000000000000000000000000000033333333333333333333333333333
3333333333333333333333333333330000000000000000000000000000000000000000000000000000000000000000000000000000000000000000000000000000013333333333333333333333333333
3333333333333333333333333333330000000000000000000000000000000000000000000000000000000000000000000000000000000000000000000000000000003333333333333333333333333333
3333333333333333333333333333310000000000000000000000000000000000000000000000000000000000000101010000000000000000000000000000000000003333333333333333333333333333
3333333333333333333333333333300000000000000000000000000000101000000000000000000001112233333333333332110000000000000000000000000000001333333333333333333333333333
3333333333333333333333333333300000000000000000000000000122133333333323223223333333333333333333333333323332111011221110000000000000001333333333333333333333333333
3333333333333333333333333333100000000000000000000000000000000233333332233332211111112223221110111211000001222322233200000000000000000333333333333333333333333333
3333333333333333333333333333000000000000000000000000000000000000023321000000000000000000000000000000000000000000000000000000000000000233333333333333333333333333
3333333333333333333333333333000000000000000000000000000000000000000100000000000000010110110000000000001000000000000000000000000000000033333333333333333333333333
3333333333333333333333333332000000000000000000000000000000000000000000000000001333333333333333333233332222210000000000000000000000000033333333333333333333333333
3333333333333333333333333331000000000000000000000000000000000000000000000000000013333333332222222110000000000000000000000000000000000003333333333333333333333333
3333333333333333333333333331000000000000000000000000000000000000000000000000112122233133210000000000001001000000000000000000000000000003333333333333333333333333
3333333333333333333333333330000000000000000000000000000000000000000000000000023333210000000000000002221000000000000000000000000000000001333333333333333333333333
3333333333333333333333333330000000000000000000000000003222111101112102000100001001111000000000000001000011023212121100000000000000000000333333333333333333333333
3333333333333333333333333320000000000000000000000000133333323333333333312131333123333100000000000023332332333333333233110110000000000000233333333333333333333333
3333333333333333333333333310000000000000000000000013333333333333333333333333333333333000000000000023333333333333333333333331000000000000133333333333333333333333
3333333333333333333333333300000000000000000000001233333333333333333333333333333333333000000000000133333333333333333333333333000000000000133333333333333333333333
3333333333333333333333333300000000000000000000000333333333333333333333333333333333332000000000000022333333333333233232333333331000000000033333333333333333333333
3333333333333333333333333300000000000000000000000121211333333323231132233333333332220000000000000000023333332310121102113332210000000000033333333333333333333333
3333333333333333333333333200000000000000000000000000000233321120200220211323333200000000000010000000033333321000100000013331000000000000033333333333333333333333
3333333333333333333333333100000000000000000000000000001333200000000000000011033100000000000010000000033333100000000000000131000000000000033333333333333333333333
3333333333333333333333333000000000000000000000000000002333100000000000001230033200000000000030000000033330000000000000000021000000000000033333333333333333333333
3333333333333333333333333000000000000000000000000000002333310110000000000022333320000000000330000000033330000000000000000012000000000000033333333333333333333333
3333333333333333333333333000000000000000000000000132312332003321000000000010123300000000000330000000033332000000000001220012000000000000023333333333333333333333
3333333333333333333333332000000000000000000000000013333332033002000000000000223310000000002330000000033332000000000013212013000000000000033333333333333333333333
3333333333333333333333331000000000000000000000000002333332133103000000000010023300000000003330000000033333000000000023013013000000000000033333333333333333333333
3333333333333333333333330000000000000000000000000001333331123333000000000003233300000000023330000000033333100000000013331013000000000000033333333333333333333333
3333333333333333333333330000000000000000000000000001333331001220000000100000033310000000023330000000033333221000000001110032000000000000033333333333333333333333
3333333333333333333333330000000000000000000000000113333333030000000000011000333210000000013330000000023333310000000000000131000000000000033333333333333333333333
3333333333333333333333320000000000000000000022223333333333302000000000001001333210000000022330000000003333310000000000000332000000000000033333333333333333333333
3333333333333333333333310000000000000000000000001000333333323101200020101003333010000000003331000000002333331012000000333332112000000000133333333333333333333333
3333333333333333333333310000000000000000000000000000233333333002000021001333332020000000003331100000001333333320000212333310210000000000133333333333333333333333
3333333333333333333333300000000000000000000000000000033333333311111000312333320010000000011331100000000333333333323333333300012000000000233333333333333333333333
3333333333333333333333300000000000000000000000000000013333333333223332233333210200000000002332200000000023333333333333333200000200000000233333333333333333333333
3333333333333333333333300000000000000000000000000000022333333333333333333331012000000000002333200000000001333333333333333000000000000000333333333333333333333333
3333333333333333333333200000000000000000000000000000002333333333333333333310131000000000003333210000000000333333333333330001000000000000333333333333333333333333
3333333333333333333333100000000000000000000000000000012333333333333333333211200000000000022333320000000000333333333333330120000000000000333333333333333333333333
3333333333333333333333100000000000000000000000000022212333333333333333333113000000000000003333312000000002333333333333321100000000000001333333333333333333333333
3333333333333333333333100000000000000000000000000000000233333333333333320011000012200000011333330200000012133333333333330000000000000001333333333333333333333333
3333333333333333333333100000000000000000000000000000000033333333333333211110000332200000001333332012111000233333333333200000000000000002333333333333333333333333
3333333333333333333333100000000000000000000000000000000013233233333331120000002333100233322333333210211110330122232210000000000000000002333333333333333333333333
3333333333333333333333200000000000000000000000000000000000311331110000300000003330003333333333333333233333320000000000000002233321000002333333333333333333333333
3333333333333333333333300000000000000222221000000000000000013123211110000012213332010333333333333333333333310000000000000121111223300002333333333333333333333333
3333333333333333333333300000000000233210011222100000000000000311111100000233223333321333332213333333333333300000000000000000000001320002333333333333333333333333
3333333333333333333333310000000023330000000000111000000000000011011000003333023333333310102333223333333333003100000000000000000000030002333333333333333333333333
3333333333333333333333320000000233200000000000000000000000000000000000033333233333333323133333200133333320001320000000000000000000020003333333333333333333333333
3333333333333333333333330000000320000000000000000000000000000001122011333333333333333333333313100000233101221233000000000000000000010003333333333333333333333333
3333333333333333333333330000003300000000000000000000000110212233333323333333333333333333333310100000023233333333310000000000000000001003333333333333333333333333
3333333333333333333333332000003200000000000000000000113323333333333333333333333333232222333331000012332333333333333310000000000000010013333333333333333333333333
3333333333333333333333333000023000000000000000001313333333233323233333333333200000000000000113332322100001133333333332320101000000000023333333333333333333333333
3333333333333333333333333000033000000000000001133333120102020101133333333333333333222111000000000000000000000113333333322121330000000033333333333333333333333333
3333333333333333333333333200031000000000000003312110001122333333333333333333333333333333333333233333333333333333333333211100222011200233333333333333333333333333
3333333333333333333333333300030000000000133120001223322221121212233333333332221010101010101101010010010111101000023333333333212033100233333333333333333333333333
3333333333333333333333333310020000000001333112333100001111110000001333333333322111010101022301110000000000011002333320011003333133300233333333333333333333333333
3333333333333333333333333320010000000003333333200121100000111211111033333333332232322232333233333222100012232233331000000000233323300333333333333333333333333333
3333333333333333333333333330002000000023333333211000000000000000000101233333333333333333333333333333323233333332000000000000002203300333333333333333333333333333
3333333333333333333333333333002000000003311222000000000000000000000000002333333333333333222111000233333333333100000000000000000001301333333333333333333333333333
3333333333333333333333333333000000000003200000000000000000000000000000000002233333333311111112332002333332100000000000000000000002203333333333333333333333333333
3333333333333333333333333333300000000003300000000000000000000000000000000000000001221033322121112320000000000000000000000000011233013333333333333333333333333333
3333333333333333333333333333310000000013320000000000000000000000000000000000000111001333333333332002221000000000000000000013333310033333333333333333333333333333
3333333333333333333333333333330000000001233210000000000000000000000000000000000000003333332333333200001000000000000000000013332000133333333333333333333333333333
3333333333333333333333333333333000000000013332000000000000000000000000000000000000033331000001102200000000000000000000000022321000333333333333333333333333333333
3333333333333333333333333333333200000000013333000000000000000000000000000000000012332000000000000020000000000000000000000330000001333333333333333333333333333333
3333333333333333333333333333333310000000000133000000000000000000000000000000000101300000011100000000000000000000000000000110000003333333333333333333333333333333
3333333333333333333333333333333331000000000003100000000000000000000000000000000002000023333331000000000000000000000000000000000023333333333333333333333333333333
3333333333333333333333333333333333100000000000100000000000000000000000000000000000001333122333000000000000000000000000000000000033333333333333333333333333333333
3333333333333000033333333333333333310000000000000000000000000000000000000000000000021210102233100000000000000000000000000000000333333333333333333333333333333333
3333333333333000033333333333333333332000000000000000000000000000000000000000000000300000000023300000000000000000000000000000001333333333333333333333333333333333
3333333333330000033333333333333333333200000000000000000000000000000000000000000000000000000012300000000000000000000000000000003333333333333333333333333333333333
3333333333330000033333333333333333333330000000000000000000000000000000000000000000000000000003300000000000000000000000000000023333333333333333333333333333333333
3333333333330000033333333333333333333333000000000000000000000000000000000000000000000000000023300000000000000000000000000000133333333333333333333333333333333333
3333333333330000033333333333333333333333310000000000000000000000000000000000000000000000000021300000000000000000000000000000333333333333333333333333333333333333
3333333333330000033333333333333333333333331000000000000000000000000000000000000000000000000000200000000000000000000000000003333333333333333333333333333333333333
3333333333330000003333333333333333333333333200000000000000000000000000000000000000000000000000200000000000000000000000000033333333333333333333333333333333333333
3333333333330000003333333333333333333333333330000000000000000000000000000000000000000000000000100000000000000000000000000333333333333333333333333333333333333333
3333333333330000003333333333333333333333333333100000000000000000000000000000000000000000000000000000000000000000000000013333333333333333333333333333333333333333
3333333333330000003333333333333333333333333333320000000000000000000000000000000000000000000000000000000000000000000000233333333333333333333333333333333333333333
3333333333330000003333333333333333333333333333333000000000000000000000000000000000000000000000000000000000000000000003333333333333333333333333333333333333333333
3333333333330000003333333333333333333333333333333320000000000000000000000000000000000000000000000000000000000000000133333333333333333333333333333333333333333333
3333333333330000003333333333333333333333333333333333100000000000000000000000000000000000000000000000000000000000003333333333333333333333333333333333333333333333
3333333333330000003333333333333333333333333333333333331000000000000000000000000000000000000000000000000000000000133333333333333333333333333333333333333333333333
3333333333330000003333333333333333333333333333333333333320000000000000000000000000000000000000000000000000000003333333333333333333333333333333333333333333333333
3333333333330000003333333333333333333333333333333333333333310000000000000000000000000000000000000000000000000233333333333333333333333333333333333333333333333333
3333333333330000003333333333333333333333333333333333333333333310000000000000000000000000000000000000000000023333333333333333333333333333333333333333333333333333
3333333333330000003333333333333333333333333333333333333333333333310000000000000000000000000000000000000001333333333333333333333333333333333333333333333333333333
3333333333330000003333333333333333333333333333333333333333333333333311000000000000000000000000000000001233333333333333333333333333333333333333333333333333333333
3333333333330000003333333333333333333333333333333333333333333333333333321000000000000000000000000001233333333333333333333333333333333333333333333333333333333333
3333333333330000003333333333333333333333333333333333333333333333333333333332110000000000000000001233333333333333333333333333333333333333333333333333333333333333
3333333333330000003333333333333333333333333333333333333333333333333333333333333332221211111122333333333333333333333333333333333333333333333333333333333333333333
3333333333330000003333333333333333333333333333333333333333333333333333333333333333333333333333333333333333333333333333333333333333333333333333333333333333333333
3333333333330000003333333333333333333333333333333333333333333333333333333333333333333333333333333333333333333333333333333333333333333333333333333333333333333333
3333333333330000003333333333333333333333333333333333333333333333333333333333333333333333333333333333333333333333333333333333333333333333333333333333333333333333
