0000000000000000333333333333333333333333333333333333333333333333333333333333333333333333333333333333333333333333333333333333333333333333333333330000000000000000
0000000000000000333333333333333333333333333333333333333333333333333333333333333333333333333333333333333333333333333333333333333333333333333333330000000000000000
0000000000000000333333333333333333333333333333333333333333333333333333333333333333333333333333333333333333333333333333333333333333333333333333330000000000000000
0000000000000000333333333333333333333333333333333333333333333333333333333333333333333333333333333333333333333333333333333333333333333333333333330000000000000000
0000000000000000333333333333333333333333333333333333333333333333333333333333333333333333333333333333333333333333333333333333333333333333333333330000000000000000
0000000000000000333333333333333333333333333333333333333333333333333333333333333333333333333333333333333333333333333333333333333333333333333333330000000000000000
0000000000000000333333333333333333333333333333333333333333333333333333333333333333333333333333333333333333333333333333333333333333333333333333330000000000000000
0000000000000000333333333333333333333333333333333333333333333333333333332333333333333333333333333333333333333333333333333333333333333333333333330000000000000000
0000000000000000333333333333333333333333333333333333333333333333333332212233333333333333333333333333333333333333333333333333333333333333333333330000000000000000
0000000000000000333333333333333333333333333333333333333333333333333321222233333333333333333333333333333333333333333333333333333333333333333333330000000000000000
0000000000000000333333333333333333333333333333333333333333333333333232223333222233333333333333333333333333333333333333333333333333333333333333330000000000000000
0000000000000000333333333333333333333333333333333333333333333332232232233332223333333333333333333333333333333333333333333333333333333333333333330000000000000000
0000000000000000333333333333333333333333333333333333333333333322332333333322222332233333333333333333333333333333333333333333333333333333333333330000000000000000
0000000000000000333333333333333333333333333333333333333333323223312222333312233333332333333333333333333333333333333333333333333333333333333333330000000000000000
0000000000000000333333333333333333333333333333333333333333232232122212133122333333333222233333333333333333333333333333333333333333333333333333330000000000000000
0000000000000000333333333333333333333333333333333333333332222321212131222212333333332122323333333333333333333333333333333333333333333333333333330000000000000000
0000000000000000333333333333333333333333333333333333333322323221221232132121333333312122332332333333333333333333333333333333333333333333333333330000000000000000
0000000000000000333333333333333333333333333333333333333223322221333232232221233333321213233321333333333333333333333333333333333333333333333333330000000000000000
0000000000000000333333333333333333333333333333333333323133222221233333332312112333321213333332333333333333333333333333333333333333333333333333330000000000000000
0000000000000000333333333333333333333333333333333333132332231312312333331231221233322122333332333322323333333333333333333333333333333333333333330000000000000000
0000000000000000333333333333333333333333333333333331323222313222223333322213212123331212233333332222122333333333333333333333333333333333333333330000000000000000
0000000000000000333333333333333333333333333333333322332233232212233333312132332123332122233333332222212133333333333333333333333333333333333333330000000000000000
0000000000000000333333333333333333333333333333333313232222222221233333332223233213332121313333333222322123333233333333333333333333333333333333330000000000000000
0000000000000000333333333333333333333333333333333123313313122212333333223121333213332212222233333323222222333333333333333333333333333333333333330000000000000000
0000000000000000333333333333333333333333333333332223223132222221333332222221333123333121231222333332132212333323333333333333333333333333333333330000000000000000
0000000000000000333333333333333333333333333333332232333323322123333322222222132133333212132222233333123122233323333333333333333333333333333333330000000000000000
0000000000000000333333333333333333333333333333332222233333222233333222222222212233333332323232133333123212233323333333333333333333333333333333330000000000000000
0000000000000000333333333333333333333333333333321212233332212333332222222222222333333333333313223333122212233323233333333333333333333333333333330000000000000000
0000000000000000333333333333333333333333333333121223333321212333322222212222223322333333333213133333122222223333223333333333333333333333333333330000000000000000
0000000000000000333333333333333333333333333332212233332112123333223221121212222222322233333221233333122312223332223333333333333333333333333333330000000000000000
0000000000000000333333333333333333333333333331222222212122333332322112212121222222322223333312333333212322222332323333333333333333333333333333330000000000000000
0000000000000000333333333333333333333333333322333332312333333323321221212121222222222223333333333333312332232332323333333333333333333333333333330000000000000000
0000000000000000333333333333333333333333333323323233333333333222322121212121222222322223333333333333312233232232333333333333333333333333333333330000000000000000
0000000000000000333333333333333333333333333333232223333333331222232212121212122223222223333333333333321233233132333333333333333333333333333333330000000000000000
0000000000000000333333333333333333333333333332323223333323222112233121212212222222222222333133333333331223323332323333333333333333333333333333330000000000000000
0000000000000000333333333333333333333333333223323223322222121221222321212221322223222222332133333333332122333323223333333333333333333333333333330000000000000000
0000000000000000333333333333333333333333333313323223221221221212122233121222222222222222331233333333333222333332223333333333333333333333333333330000000000000000
0000000000000000333333333333333333333333333313323223212121222123321223221312222322222223331333333333333322233313323333333333333333333333333333330000000000000000
0000000000000000333333333333333333333333333323223223212121212222223232331231223222222223313333333333333332333233333333333333333333333333333333330000000000000000
0000000000000000333333333333333333333333333323223233121212222121222333333322133222321213222333333333333333333323333333333333333333333333333333330000000000000000
0000000000000000333333333333333333333333333323123232212121212212122223333331233223212123123333333333333233323323333333333333333333333333333333330000000000000000
0000000000000000333333333333333333333333333323223232121212121312121222233332233223121231223322233233333223332333333333333333333333333333333333330000000000000000
0000000000000000333333333333333333333333333313123332212121212212121212223332233323121212122222222333332223332233333333333333333333333333333333330000000000000000
0000000000000000333333333333333333333333333322223332122222222121212121212222333223121212122222333333332213333233333333333333333333333333333333330000000000000000
0000000000000000333333333333333333333333333123123332212212221212121212121222333333121212122323333333332213333323333333333333333333333333333333330000000000000000
0000000000000000333333333333333333333333333122233332122121222222323121212121333223121221223333333333333122333323333333333333333333333333333333330000000000000000
0000000000000000333333333333333333333333333222133332212121222222222332122121233223121212233333333333333212333332333333333333333333333333333333330000000000000000
0000000000000000333333333333333333333333333321332333121212223222222333212212233223212122333333333333333222333332233333333333333333333333333333330000000000000000
0000000000000000333333333333333333333333333212322332212121212332333333332122233212321223333333333333333312333333233333333333333333333333333333330000000000000000
0000000000000000333333333333333333333333332223222322121212122222233333333322332222332233333333333333333312333333323333333333333333333333333333330000000000000000
0000000000000000333333333333333333333333331222222321212121213122333333333121212112233333333333333333333313333333322333333333333333333333333333330000000000000000
0000000000000000333333333333333333333333322122322312121212122333333333322322222222233333333312123333333333333333332333333333333333333333333333330000000000000000
0000000000000000333333333333333333333333331233323121212121222333333333332133123333333333332231333333333333333333332233333333333333333333333333330000000000000000
0000000000000000333333333333333333333333333333323212121212222333333333333331222233333333332100023333233332333333333233333333333333333333333333330000000000000000
0000000000000000333333333333333333333333221333233122222222233211033333333223212123333333330000013322323332323333333213333333333333333333333333330000000000000000
0000000000000000333333333333333333333333212333233122322322320000013333331312212122333333332000013331333333313333333322333333333333333333333333330000000000000000
0000000000000000333333333333333333333333223322333121333233320000003333333132121213332333333221113323333333233333333322333333333333333333333333330000000000000000
0000000000000000333333333333333333333333332123332212233333321000013333232213121213332333333222333332133333332333333331333333333333333333333333330000000000000000
0000000000000000333333333333333333333333331233332222333333313222232323322222312122332333333332233332333333222233333332333333333333333333333333330000000000000000
0000000000000000333333333333333333333333331333332122233333321212223333121223221213332333333333333333333333322133333332333333333333333333333333330000000000000000
0000000000000000333333333333333333333333322333331212233333233233333221212322212122332333333333333333333333322232333322333333333333333333333333330000000000000000
0000000000000000333333333333333333333333323322322122333322333332222123332222221222332333333333333333333333232132333322333333333333333333333333330000000000000000
0000000000000000333333333333333333333333323332322122333222121212223333222222212122332333333333333333333333323131333332333333333333333333333333330000000000000000
0000000000000000333333333333333333333333333322321222331222333333332222221223121213322333333333333333333333322232333332333333333333333333333333330000000000000000
0000000000000000333333333333333333333333333323322122322222223333222222121232212122332333333332332333333333222231333332333333333333333333333333330000000000000000
0000000000000000333333333333333333333333333323321212222221222222222221233333121212332333333332222233333333222222333332333333333333333333333333330000000000000000
0000000000000000333333333333333333333333333333331222122112222212212121233323212122332333333332222223333333222232333333333333333333333333333333330000000000000000
0000000000000000333333333333333333333333333233322122122222121212121212331122312122332333333332222223333333221312333333333333333333333333333333330000000000000000
0000000000000000333333333333333333333333333333331221212121222121212223322121221213232333333332222233333332222312233333333333333333333333333333330000000000000000
0000000000000000333333333333333333333333333233332121212121212212122233321212122122332223333331222223333332222312233333333333333333333333333333330000000000000000
0000000000000000333333333333333333333333333323332222121212121221222333321332212121332233333331222233333332221321333333333333333333333333333333330000000000000000
0000000000000000333333333333333333333333333233333221212121212122122333322333312122232233333332122232333332222313333333333333333333333333333333330000000000000000
0000000000000000333333333333333333333333333333333322221212121212123333332133321212332333333332223323333332221333333333333333333333333333333333330000000000000000
0000000000000000333333333333333333333333333333333322312121212121223323333312332122333333333333122222333332221333333333333333333333333333333333330000000000000000
0000000000000000333333333333333333333333333233333332231212121212133322333333331223333333333333322223333332312333333333333333333333333333333333330000000000000000
0000000000000000333333333333333333333333333332332333113121212121233222233333222133333333333333321222333333222333333333333333333333333333333333330000000000000000
0000000000000000333333333333333333333333333333232233222121212122332212222221121233233333333333331222333332313333333333333333333333333333333333330000000000000000
0000000000000000333333333333333333333333333323333123322212121213332221222121212233123333333333332222333332313333333333333333333333333333333333330000000000000000
0000000000000000333333333333333333333333333332333222321232212123322221212121222232213333333333333222333332233333333333333333333333333333333333330000000000000000
0000000000000000333333333333333333333333333333233211331323212123322212121212222222123333333333233322333323233333333333333333333333333333333333330000000000000000
0000000000000000333333333333333333333333333333333222232122312122322221212122222222233333333333123332333223233333333333333333333333333333333333330000000000000000
0000000000000000333333333333333333333333333333333311232232221213322212121212122222221233333332123323333223333333333333333333333333333333333333330000000000000000
0000000000000000333333333333333333333333333333333312132222232122322221212221222222222212333331213323333233333333333333333333333333333333333333330000000000000000
0000000000000000333333333333333333333333333333333331223222232122322212232123233333333232133322213323332223333333333333333333333333333333333333330000000000000000
0000000000000000333333333333333333333333333333333333113122223122322122312332211220132333333333123323332233333333333333333333333333333333333333330000000000000000
0000000000000000333333333333333333333333333333333333222222223213322223333310020020230333333333213223331233333333333333333333333333333333333333330000000000000000
0000000000000000333333333333333333333333333333333333313322223222322133331310130220330133203333223233322333333333333333333333333333333333333333330000000000000000
0000000000000000333333333333333333333333333333333333331322223312332233310232131331330233013333223223322333333333333333333333333333333333333333330000000000000000
0000000000000000333333333333333333333333333333333333332222222311322233301133333333332331012333223233313333333333333333333333333333333333333333330000000000000000
0000000000000000333333333333333333333333333333333333333123122312232233320133333333333330013323232333223333333333333333333333333333333333333333330000000000000000
0000000000000000333333333333333333333333333333333333333222222321332233331133333333333330033322232333133333333333333333333333333333333333333333330000000000000000
0000000000000000333333333333333333333333333333333333333222312322232233333132233333332232333323232332233333333333333333333333333333333333333333330000000000000000
0000000000000000333333333333333333333333333333333333333312312231232233332232233333322223333322232332333333333333333333333333333333333333333333330000000000000000
0000000000000000333333333333333333333333333333333333333322221321232233322222233333322223333323232331333333333333333333333333333333333333333333330000000000000000
0000000000000000333333333333333333333333333333333333333331222231232233322222233333322223333322323322333333333333333333333333333333333333333333330000000000000000
0000000000000000333333333333333333333333333333333333333332231231232233322222233333222223333322323323333333333333333333333333333333333333333333330000000000000000
0000000000000000333333333333333333333333333333333333333333132131232233323222233333222233333332323223333333333333333333333333333333333333333333330000000000000000
0000000000000000333333333333333333333333333333333333333333231232132133331322233333222233033323223333333333333333333333333333333333333333333333330000000000000000
0000000000000000333333333333333333333333333333333333333333232131232223300322223333222233023322233133333333333333333333333333333333333333333333330000000000000000
0000000000000000333333333333333333333333333333333333333333322222132133100332233332222331023313232233333333333333333333333333333333333333333333330000000000000000
0000000000000000333333333333333333333333333333333333333333332123132213200232223332222331023223232333333333333333333333333333333333333333333333330000000000000000
0000000000000000333333333333333333333333333333333333333333332222222223321333333333323330233313232333333333333333333333333333333333333333333333330000000000000000
0000000000000000333333333333333333333333333333333333333333333123123131333332232333311333333132332333333333333333333333333333333333333333333333330000000000000000
0000000000000000333333333333333333333333333333333333333333333213123131333330230321310333332123332333333333333333333333333333333333333333333333330000000000000000
0000000000000000333333333333333333333333333333333333333333333323122222133332130120211233331233323333333333333333333333333333333333333333333333330000000000000000
0000000000000000333333333333333333333333333333333333333333333313212221212333321130333333232132333333333333333333333333333333333333333333333333330000000000000000
0000000000000000333333333333333333333333333333333333333333333322222122131213333333333333322233323333333333333333333333333333333333333333333333330000000000000000
0000000000000000333333333333333333333333333333333333333333333332312222221212122323231232331323333333333333333333333333333333333333333333333333330000000000000000
0000000000000000333333333333333333333333333333333333333333333333221212212122121121212233323333233333333333333333333333333333333333333333333333330000000000000000
0000000000000000333333333333333333333333333333333333333333333333222121222121212212233333333232333333333333333333333333333333333333333333333333330000000000000000
0000000000000000333333333333333333333333333333333333333333333333322122122212333333333333333332333333333333333333333333333333333333333333333333330000000000000000
0000000000000000333333333333333333333333333333333333333333333333332211221212122222222333333322333333333333333333333333333333333333333333333333330000000000000000
0000000000000000333333333333333333333333333333333333333333333333333122122121221322222333333223333333333333333333333333333333333333333333333333330000000000000000
0000000000000000333333333333333333333333333333333333333333333333333311221212121222222233333233333333333333333333333333333333333333333333333333330000000000000000
0000000000000000333333333333333333333333333333333333333333333333333331212121212222222333332333333333333333333333333333333333333333333333333333330000000000000000
0000000000000000333333333333333333333333333333333333333333333333333333121212121213222333323333333333333333333333333333333333333333333333333333330000000000000000
0000000000000000333333333333333333333333333333333333333333333333333333312121212122223333333333333333333333333333333333333333333333333333333333330000000000000000
0000000000000000333333333333333333333333333333333333333333333333333333332121212213223333333333333333333333333333333333333333333333333333333333330000000000000000
0000000000000000333333333333333333333333333333333333333333333333333333333212121232323333333333333333333333333333333333333333333333333333333333330000000000000000
0000000000000000333333333333333333333333333333333333333333333333333333333333222123233333333333333333333333333333333333333333333333333333333333330000000000000000
0000000000000000333333333333333333333333333333333333333333333333333333333333333333333333333333333333333333333333333333333333333333333333333333330000000000000000
0000000000000000333333333333333333333333333333333333333333333333333333333333333333333333333333333333333333333333333333333333333333333333333333330000000000000000
0000000000000000333333333333333333333333333333333333333333333333333333333333333333333333333333333333333333333333333333333333333333333333333333330000000000000000
0000000000000000333333333333333333333333333333333333333333333333333333333333333333333333333333333333333333333333333333333333333333333333333333330000000000000000
0000000000000000333333333333333333333333333333333333333333333333333333333333333333333333333333333333333333333333333333333333333333333333333333330000000000000000
0000000000000000333333333333333333333333333333333333333333333333333333333333333333333333333333333333333333333333333333333333333333333333333333330000000000000000
0000000000000000333333333333333333333333333333333333333333333333333333333333333333333333333333333333333333333333333333333333333333333333333333330000000000000000
0000000000000000333333333333333333333333333333333333333333333333333333333333333333333333333333333333333333333333333333333333333333333333333333330000000000000000
