3222322222222222222233323232100000010010000000000000000000000000000000000000000000000000000000000000000000000000000000000000000000000000000000000000000000000000
2232223223222222212222322322100000000000000000000000000000000000000000000000000000000000000000000000000000000000000000000000000000000000000000000000000000000000
3232323232232322222232232222100000000000010000000000000000000000000000000000000000000000000000000000000000000000000000000000000000000000000000000000000000000000
3323323233232323222232323222200000000100000000000000000000000000000000000000000000000000000000000000000000000000000000000000000000000000000000000000000000000000
3232232322323232332323232232100000000000000000000000000000000000000000000000000000000000000000000000000000000000000000000000000000000000000000000000000000000000
3223232223222222223232223222200000001000000000000000000000000000000000000000000000000000000000000000000000000000000000000000000000000000000000000000000000000000
2323223232323222222223322322200000000001000000000000000000000000000000000000000000000000000000000000000000000000000000000000000000000000000000000000000000000000
3232323232323322222232232322200000000100000000000000000000000000000000000000000000000000000000000000000000000000000000000000000000000000000000000000000000000000
3232323232322323222232323232200000000000000000000000000000000000000000000000000000000000000000000000000000000000000000000000000000000000000000000000000000000000
3223223223232323222232323222200000010000000000000000000000000000000000000000000000000000000000000000000000000000000000000000000000000000000000000000000000000000
3232332332332332322232323232200000000100100000000000000000000000000000000000000000000000000000000000000000000000000000000000000000000000000000000000000000000000
3323233233233232222232323222200000010010001000000000000000000000000000000000000000000000000000000000000000000000000000000000000000000000000000000000000000000000
3233232323232323223232323232210001111111111111100000000000000000000000000000000000000000000000000000000000000000000000000000000000000000000000000000000000000000
3232332332332332322232323223221212222222222121111110101010010000000000000000000000000000000000000000000000000000000000000000000000000000000000000000000000000000
3323233233233232223232322322222222222222212222221112111112111121111111111111111111010100000000000000000000000000000000000000000000000000000000000000000000000000
3232323323323233222323232323232222222222222222222212122121212121212121111111112121111111111111111101010101010100000000000000000000000000000000000000000000000000
3233232323232323222232323232222222222222222222212122121212121212121212221212121212121121211211111111111111111111111111111010101010000000000000000000000000000000
3232323232323232322223232323232222222222222222112212121212121221221212121212121212121211121112111111111111111111111111111111111111111111110110101000000000000000
3232332332332332322223233232323222222222222220100121222221222122122212122122122122121212112111112121211211121112112112112121211111211211111111111112111111101101
3323232323233232322122323232323222232223223221211010101212212212212122212212212221221212111212111111212112111211111121111211212121121111111111111211111111111111
2323232332323233221122323232323223222322222222121111011012121221221212121212121212121121212111221212112121212121212111212112112112112121212121211112101101111121
3233233233332323321113232323232322232223223222211211111110121212122121212121212122121211211212111211211211212121211212121211211212121211211211121211110010101012
2323232323233332311112232323222222222322222222211212111111101122212222221222122212122122121212121212121212121212121212121221221212121212121122121211010111011121
2332332333323232311111121222222212222222222222221112212111111001121211122121221222212121212121212121212121212121212121212121212121212121212212121211111111111122
2232323322332332211111112222211111222222232221211112121222111111001111111112111111211211211211111111111112121212121212121212121221221212212122122122212111111212
2323323233232323211111111222221111222223222222222211212121211110100011111111121212112111111111111111111111122121111111111111111111112121212111212212121222221212
2232332332332332111111122222211111222222322222221221122212222211111010111212111111111111211111111101000001011221110010010100001010101010100101000011121211212222
2233233233233232111111112232221121222323232222222221211222121222111111101111112121211111111111111110110101011122111101011110100000000000001010111111001011011011
2223232323232332111111212222211111222222322322222222112222212112222111110101211111111111111111101001010101010102222110101000000000000010101001110001110000100100
2232323232323231101111122222221211223232232222322222212122222221212212111111111111111111101111010110101010101011121211101110000111101101011111000111111100010010
1223233233233321111011122322211111222232322322222222111222222212121221211111011111111101011110110101010101011010112221111000010010010111111100111001111111001010
1223323323323221111111222222221212223232222232323222212122222222221212122122100010010101111110101101101110110111010122211100101001111010100011111111111111101001
1222323232323321101111222322221111232322222222222212111222223232222222212222111100100000011101110110110101101101101112210001000010100101010101111011111111110010
1123232323232311111111223222212122222322222121211111111122222223232222221112211111010111000010101011011110111110111111001101001011011110111110111111212212111010
1222323323333211101112222322221111222232121212112111111121222223222322222222221121111101011000111101110111111111111110000000010111101011101011111122111112211101
1122332332323321111111222222221222222211211121111121111121222222323222323222222212221111010110001111121212222221111000010010011110111110111111011111111111121101
1122323232222221111122222222211122221111111111212111111112222323222232222322222122222211110011100022222222222111100001000100101101101111111110111111111111111210
1112221212212111111211121111121222212112121111111112111211122222323223232232222222122222111100111000222121111111010100010111111001011011011111111111111111111011
1111111111111111111112111212112222211121212121111211111111121222223222322223232222222222222121111110001111111101000000010010111010111111111211112121111212111101
1112111111111111112111121111212222112111121121111121212212212222232232223222223232222222222211111111010010101010001010100011111121110111111111211211212121111110
1111111211111211111212111211122221121212212122221222122222221122222322322323223222322222222222211111111101101000101001001001100111221111112111212121212211211111
1112111111211111111111121112122221212122222222222222122223222122222232323223232232222222232222222222211110000000010101000011101111112211112112221212221212121111
1111111111111111121212112121222211222222222222222222222322222211222232232322223232232232223222222222222110110100110100100111011111111111112112122221212212212121
1011211111111111121222222223232121212222222222232222222222221111222223223233232232322223232323222222222201101001001010000110001111111111212021212122222212122112
1111111212222211223222323232322122122222222222221212122222222212122222232322323223223222322322222222222201010110111111011100101111112111221122121221221212121221
1111222222222212232332323223221212222212121221111121111112121222212222322232322323232232223223232223232201110010000122211111111111211111121222122122221212121112
1101122333333211232232322222212111111121111111212111111111111111111222232323232322323223232323223232222111011110101101011201111111121212212112222222221222212221
1111222322322212223222122121111111121111111111111111111111111111111112222232232323232323232222322323222211101010101011102111011121112121212221221221212121222212
1110122332232211211111111111111111111211211111111111111110110101011111222223232323232323232323232323222210101010111011011001112212212121212122122212221212212122
1111122222211111111111111111111111121111111111111111011011011011110111112223222232323232323223232323222111011111111011111111111222212222212222121222212222122212
1101122222212111111111111111111111111111111111111101110111101111011110112222323232323232322323223232222111111111211111121011111112222122122212222222221222222222
1111112322222221211111111111111121111211211211111111011101011101111011111122322232323232323232332323322111121111101111121111212221111222122122222212222122222222
1110112222332232222222111111112111211111111111111110110111110111101111011122232323232323232323232323221112211110101112211212122212212221222222222222222222221212
1111111121222223233222323222322222121212111111111011010101011010101011111112223232323232323232323232211111112011111111111222221222212221222222222222222122222121
1111112111112212222222122332323223222211111101000000001000000000000000000101122322323232332323232323210101212101111212012121222221222222222222222222222222212221
1110111111111101000000001112221211110010000000010101100101010101010100100000112223223232232332332322110101011111011121111212222222212222222222222222212221221222
1101111111111000000000000000001000000001010101010101011011011011101011010101001222232323232323232311101101110111111111111222222222222222222222222222222222222222
1111111111111110000000100101100101011101010111112122222222222222222222121111010122222232323232332111010100110101111111212222222122222222222222222222222222222222
1000101111111111111110101010111011101111111111112121222222222322222222222222211111232322323223222111111110100011111111112232322222222222222222222232222222222222
1101011111111111111011010111111111111111111111111111111112122122222223232322222222122222222322231111111101010101010111111122222212222212222222222223223222222222
2221000011111111111111110101111111111111111101111111111111110111111211212222323222221222323222311211111001101101011111122212111222222222222222222322222323222222
3222211100101111111111111111111111111111101011010101010101011010101011111112122223232222222222211111111110111111101112222221201112222222222222322223323222222222
2222222211010111111111111111111111111110101101101010101010100100101000010101111112222222221111111210111111111111111112222222111111222222222222222322232232322322
2222223232110001011111110111111111110101010110101101010101010101000101000100000110111122223221111110101111111111101222222222111112112122222232232222223222322223
3223232323222110010111011111111101010101101010101010101010101001010010010010101000001101111211110001121111121111111212222221111111212122222222323222322323223232
2222232322323221100001111010101011101010101010101010101010010100001000100000010010100010101111110011112222121112122122222211111111112112222222223232222222222322
3222223232323232211100001111101110110101010101010101010010100010100010001010000000010000001111100211022212121212222222222011111121121121222222322222323232322232
2222222232323233222111000001011010101010100100100010001001010100010000000001010101001101101111110211122322122222122222221111121211211112121232232322222222223223
2232221223232323232322110000101010101010010010010101010100000010001010101010101010110010101111010110011222122222222232311112221212122121212122222222223232323232
3323322232323232322222321100000101010101001000001000100010101001010101010100000000000000001111111010022222212122223223221222222221212122221222222223222222222323
1222232323232323232332322221100000101001010010100010001000100110101000000000001000000000011101102110022231111122322232222222222222222222222212222222222222232222
2122323232323232323232233222210000000100000000000000010101010000000000000000000000000000011111111122222321101122223323232222222222222222222121222222222222222223
2222222323233323232323222322222200000001010100000000000000000000000000000000000000000000011100010112322221122122232323323323232322322222222222222222223223222322
3222112323322323232323232322322220000000000001001000000000000000000000000000000000000000011111101011122220111222323333332333323232223232222212222222222222232222
2232223232232323232232323232222110100000000000000000000000000000000000000000000000000000011111011211111210112222323232323323233232323222222222222222232232222322
2112232232323232323323222111100010010110000000000000000000000000000000000000000000000000011111111111111111212223232323333233332332323232323232222222223222322223
2121223232323232323232321100010101122222110000000000000000000000000000000000000000000000121211111122221111122222323333232322112223333232232222322223232232222232
3222122223232323232223232210102122222222220000000000000000000000000000000000000000000002221121211212211111222232232323323111122112223323323232223222323223222222
2222211122111132323232222221112222222222211000000000000000000000000000000000000000000122221212212222210112122233323332322222222221122233232323232232223232232232
3232210000000122223223232322221122222111000000000000000000000000000000000000000000001222221121222222111122222323233232232212223322212223323232223232332322223223
2110000010101111222323232232222010100100001000000000000000000000000000000000000000022222221212222221111222232232323333232121223232212122332323323222323232322222
0000100101122222122222323222111000000000000000000000000000000000000000000000000000122221222121222211222222222323233232323221223322221222223323232332232323232222
1000111222222232220122211101000001000000000000000000000000000000000000000000000011222222222122222111223223232232232323232232222223122222323233233233232323223222
2100222232323223221000010000001000001000000000000000000000000000000000000000000112222222202122221111232332322323323232323222322322212232232323323323323222322222
2211122232222211100101000001000000100000000000000000000000000000000000000000001122222222222212211101222333232323223222232222233232323223233232332332222232232223
2222101221211010000000000100000010000000000000000000000000000000000000000000001222223232121222211111111323332322323232222123222233233332322322232232323222322222
3232100000000000010000010000001000000000000000000000000000000000000000000000012222222222122222110101001222222232232223222222223223232322232223223222222222222222
2110010000000000000010000000000000000000000000000000000000000000000000000000112222323222222221110101011122222222232322322212222332322222222323222232222232222232
0000000000000000000000000000100000000000000000000000000000000000000000000001122222222222222221110100111111222222232322222122223222223232322322322222323223232222
0000000000000000000000000010000000000000000000000000000000000000000000000011222232322222122312211100101112121222223232322222222222222222222232223232222322222232
0000000000000000000000001000000000000000000000000000000000000000000000000122222322222212222212121111111112212222322322222122222222222232323222323232332323232322
0000000000000000010000000000000000000000000000000000000000000000000000001122222222221121212212221111112122222222323223222222222222232232232332323232223232322232
0000000000000000000000000000000000000000000000000000000000000000000000011222222222121212122222222222221222222232323232222222323233223232323223232323323232232323
0000000000000000000000000000000000000000000000000000000000000000000000122222223222222222212121222222222222222232232322222223223223232323232323223232323232232323
0000000000000000000000000000000000000000000000000000000000000000000001222222222222222222222222222222222222222322322323222223222323232322322322332323232323223223
0000000000000000000000000000000000000000000000000000000000000000000011212222322222222222222222222232222222232232232322322322323232232323232323232323232323232322
0000000000000000000000000000000000000000000000000000000000000000000012222222222222222232222122222232322223222232323232322232232323223223232323233232323233232232
0000000000000000000000000000000000000000000000000000000000000000001112222222222222212223222112223223223222232323232323233232322323232323232323323323332323232323
0000000000000000000000000000000000000000000000000000000000000000011122122222222221222222221122323232232332232232323232322323232323232323323323232332323323232323
0000000000000000000000000000000000000000000000000000000000000000111222222232221212222223222121123323232223232322323233232322323232323232332323323232332323323232
0000000000000000000000000000000000000000000000000000000000000001112221222212121221222223222211122333323332323232323232323232332323232323232332333323233232323232
0000000000000000000000000000000000000000000000000000000000000011122222222221121212222223222221211223333323323232332323332323232332323233323232323233323323323233
0000000000000000000000000000000000000000000000000000000000000111212222222212222222222233223222222122233333323323323323233232333233323322332333233323323232323232
0000000000000000000000000000000000000000000000000000000000001121222222222121211222223232322222222222223233333333332332332323232323232333233232332332332333232323
0000000000000000000000000000000000000000000000000000000000011122222222222121222222222323232323232323222323233233233233233232323323233232323233232323233232333233
0000000000000000000000000000000000000000000000000000000000012122222222212121212222233233232232232223233223232323232323232333323233232323323323323333323323223323
0000000000000000000000000000000000000000000000000000000000212212222221211121222222223323232233232332323232323232333232333232323323323332332323233232332332323232
0000000000000000000000000000000000000000000000000000000001121222222211212222222223232332322222333233232323223232323232323232332332332323232332332332323223232332
0000000000000000000000000000000000000000000000000000000022122222221121122212222223223233222223223232333323232323233233232332323232323233233233233233232323233223
0000000000000000000000000000000000000000000000000000001112122222212112212222232322323322312223323232323232322333232323323233232323333323232323323323232323232323
0000000000000000000000000000000000000000000000000000001212222222121212222222222232232333322222232332332323232323232323233232332332323233333332322232323232323222
0000000000000000000000000000000000000000000000000000011121222221211212122222222223222322322222323233233232323233232323232332323233232332323232323223222323322322
0000000000000000000000000000000000000000000000000000012122222111122122222222232322322333222222223323323332323322323232333233233323333232323232232322332332323222
0000000000000000000000000000000000000000000000000000121222222122121222222223222222232323322222222232332323323233233233232323323332322322323232323232232322232222
0000000000000000000000000000000000000000000000000001212222221212122222222322222323222332322222223223223232323232323232323332332322322323232323323223232332322222
0000000000000000000000000000000000000000000000000011222222121121222222222232322222223233222222222232323233233233323323233232322332323232323232332332323232222222
0000000000000000000000000000000000000000000000000022222222112122222222232222222222222323222222223223232323323232323233323232232232232323232323232322233223222222
0000000000000000000000000000000000000000000000000112222211222222222222223232222222222332323232222232323322323232323322322323223232322232323323232323223222221212
0000000000000000000000000000000000000000000000011222222122222222222222322222222222223232222223232322323233233233233223232222322322323323232322322323232222222222
0000000000000000000000000000000000000000000001112222222222221222222222222222222222322322222323223223232323323232322222223232223223232323232232223223222221211212
0000000000000000000000000000000000000000000011212222221121121222222222222222222222222332221132323232323323232323232232222222222232232232232232222232222221212212
0000000000000000000000000000000000000000000122222322222121212212222222222222222222232322212111223232332323323232223222223232223223232223223222222222222121212121
0000000000000000000000000000000000000000001222222323222212222222222222232222222223222332222111102323232323232223222222222223222222222222222222232322221212122221
0000000000000000000000000000000000000000011222223232222222122222222222222222222222232322221211010223232323232322232222232223222222222222322222222222212212121121
0000000000000000000000000000000000000000112222232323222222222222222222222222222222223232221111001112222322223222223223222222222222222222222222322322221212212122
0000000000000000000000000000000000000000121222322232222222222222222222222221222222322322221211101111121112222322222222222222222212222222222223223121212121212121
0000000000000000000000000000000000000000112222222222232222222222222222222222222222223322221211011012111221223223223222222222222222122222222222222222121212121212
0000000000000000000000000000000000000011122211222222232222222222222222222222222222322332221211101111111121222232222232222222222122212222222223222212121212221212
0000000000000000000000000000000000001111111112112222332322322222221222222222222222223232221111111111112111222222232222232222222221221122222222222122121212112212
0000000000000000000000000000000001121211111210111123233332232232222222222222222222232322212211111111111212222323222222222222221222122212222222221212121221212122
0000000000000000000000000000001111121121112111111232323232322222222222212222222222223232221121111011111212122222222222222222222212221222122222222122121212121222
0000000000000000000000000000111212112111111111112233333332222222222222222222222222323322212111111101121211222222222322222232212222212221221222121212121221212122
0000000000000000000000000111212121211211112111122323232332222222222221212122222222222322212121111111112112212222222222222221222221222222222222121211121212121212
0000000000000000000000011121211112121111211111122332333233322322222222212221221222323232212111211011111211222222222222222222212222212121222212121212212221222222
0000000000000000000011212121121212111121111111223233232332232222222221222222222222232322222212110111111122112222222222222222222112222222222122121211212112121212
0000000000000001011121121212121211212111111111122323333232222212122122212122122222232322221111111001112212122222222222222222221222122222122212212121212212122222
0000000000112212121212121121211212111111111111222332323222221121222212122212222222233232212212111101112112211222222222222212122221221221222121212121121212221212
0000000112121212112121212112121121111111111211123232322221121222211212211222222222232322222121111011111211112222222222221222212122222222221212121112121221222222
0000111212121211212112112121112112121111111121223232222112122212121121222121222222232322221212111010112121212122222222122212212222222222221212112111221122222122
0011121212121212121211211212121211111211121112333322121212221211212111112112212222232332221211211011111211112222122212221221222222122222122121211121121212222222
2122121212121212112121212112112111211112121223223212112122121212111212121221222222233222221212111111111111211122221121121212212212222221212121121112112121222222
2121212121212112121121121211211121121211112222332321222221212111211111111212122222223323212121111111111111122121211212221212122222222221221212111121121222122222
2212212121211212112112112121122112121111212233233221212112111211121121121112121212232322222112111111111121211221121212112122212222221212121211111111212121221222
2121212121212121212121211112111121121111223323232322121211211121111111121112122222332322221211211111111111111112112112121212122212222212212121101112122122222222
2212121212121112112112121121212121111111232323233221212121121111121111211111222222233232222121112111111112112111211212121211211221212121212111011212122121222222
2121212121121211211211212111212112211123232323322211121111111211111111111121222222323232221212111111111111111112121111121221212222212212121101011211212222222222
2121212112121212121212112212121221222323233232322121111121211111111111121122222222233222222211121111111111111111212121211212121212121212211101112112121222222222
2121212121211211211211211223223233232323323232321112121111111111111101112112222222323322212121211111101111111121121212112112112222221212110110111122212212222222
2121212121212121121121121223233323323332323232212121111211111111110111111222222222323232222121121111111111111111111121221212121212121121101011111211222222222222
2121212121121112121212121223323233233232323232111211211111111111010101111123222222323222212121211111101111111112121211112111212122121211010101121212122222222222
2121211212112121121112112122233323333333232311212111111111111101010111121222222222322322221212112121111101111111112112211221212221212111010111211222212212221222
2121212121212112112121212113232333232323232212111112111111110101101011111122222222232232212112121111110111111111211212212121212122121110101011212121222222222222
2121121211211211212112121212233323323323322111211211111111010101010111111222222232322222212121111211111101111111112111112112121212111101010112112122222221222222
2112121121121121211212112122232332332322211121111111111101101101010111111223222222222222121212121121111111011111111212121211222212121010101111212221222222222122
2121212112121212121211212222222222212121121111121111110110101010101011112222222222222221212121112111111110111111111112211122121121111010001221221222221222122222
2121112121121121112121222212121212111112111211111110101010101010111111111222222222222211211212121111211111101011112121122111212211110001101112212212122222222222
2112121212112112212122221212112111212111111111111011010101010101112121112222222322221211212111211211111111111111111112211221221111101010012212122221222222222222
2121211211212121121222121211211212111212112111110101011010101112222111112222232222212121121221112111111111111110111211121112212110101010111212221222222222222222
2112121121212121222212121212121121121111111111011010101010111222221112222222222221212112121122121121111111110111111111212121211101010101111212212222222222222222
2121112121212122221212121121112111111111111010101011010111122222211111222232222221212121212222121111111111111111111112112112111010101011121121221212222222222222
2112212121121222121212112111211112111111110110101101011112222222111122223222222222121212121122121211111111111111111111111212111010111001111221221222222222222222
2121121212222221212111211211111211111111011010110101112222222222111122222223222121212221212121212111110010011111111111212121110101010111212222122222122222222222
2121212122221211211212111112111110101010101011010111222223223221111222222222222212222121212121211111111000101111112111121121101001010011211212222122222222222223
2121212222121212112111121111111101110110110101011122222222222221111222223222212121212121211211212121111111001111111112111121010101101112122221222222222222222223
2122222212112111211121111211110110101011010110122232232232232211112122322322121222121212121212121111111111110101111111112111010101010121221222122222222222222323
2222212121211212112111211110111011011010101112322222222222222201121222222222212121222212121212121211211111111110101121111210101010101121121212221222222222222322
2221212121121111111111111011010101010101012222223222322323221111121223222232121212121212121212121121111111111111100001121111010100011121221221222221222222223232
2212121212112121211211101101010101101101222232222232222222221112121222222222221212121212212121212111112121111111111111011110101010111211212122222222222222222323
2121211111211111111111010110110110101122322222322222232222321121221232222222221212121221212121211212111111211121112111111101010100111112212222122222222222223232
2112112121111211111010111010101010112232223222223232222232221221212222221112222121121121221212121211211121111111211111111110101010112122122122222222222222232232
2121121111211111111101101011010112232222222232222222222212111122222232211101222112112121122121221121112111111211111121111101010101212121222222222222222222232323
2112111211111110100110101010111222222322322222322322122222112232212222121011121221212112121221212121211111111112112111211100101011121222212222221222212222232322
1211121111111101111010110101122222222222222222222222222222111223122322210101121122121212112221212112121211121121111111111101010011212112222122222222222222323232
2112111111110110101011011112222222222222223222232222222212122222212222111011121211212121211122121211211112111211111211111101010102121221212222222222222222232323
1111111111011010101101011222222222232232232222222322221221221223112222110112121212121212122112121212112121112111121111121010110111212122122222122222222223232322
2111111101101011010101222322222223222222212222222222122222212222121221201111221221112212112121212121221111211112111112111011010112121221222222222222222223232232
1111110110101101101123222222232222222222312222222212222222221222112222111022122112121121221212121121121211111111111111111010101112122122222122222221222232323223
1111011011010101112322222222222232223222222122221222222222222222121221110112212212112112122122122112121121211211111111110101010112212212122222222222222232232322
1101101101101112222222222232222222222223222222122222232222221222112222011121222121121212112121212211212112111111111211101011010121121222222222222222222232323232
1110110101011222222222222222223222222222222212221222222232222222111221111122121212121212121112121121111211111111111111101101011212222121221222222222223232322232
1010101101222222222222222222222122221232221222222222322222222122112221111121212112111212121211121211211111121111211111010100011221121222222222122222222322323223
1101101122222322222222222232222122222221222222222222222222222112211221011212122121221212212212112112111121111111111110110101012212221222212212222222223232323232
1010112222232222222222222222222222222212222222222222222232211222111221112121212121121212122121211211121111111111111101010111112122122212221222222222232323232223
1111223223222222222222222222223222221222222223222222222212222212111221112121211122121212122222122121111211111111111010111111111212212222122222222222223232232322
1123222222222222222222222222322222122222222222223222221222222221111222112121212112121212121212212121121111111101101011111211222122222122222222212222323232323232
3232222222222222222222222222222122222222222322222222222122222221111223212121211211212212212221212222111111010010111121222222122211212222222222222222323232323223
3222222222222222222121222222212222222222222222322222222222222221111222221212121121121212122122212122222111111011111222223222222222212222222222222223232323232322
2222222222222222222222122221222222222222212222222222222221232321101223212111212112122121212212122222122122121112122222323222222222212222222222222223233232323232
2222222222222222222222222122222222223222222222222222222222222221011222212121122121212212121222212121221221212112212132222233222221222122221222222232323232323223
2222222222212222222222212212222222222222322222222222222222222221111222211211211211212122212212222212122222212112211122212222232122221222222222222232332323232322
2222222222221222222221122221222232232222221212222222223222222221011232211122121212121212121221121221212121221221211211112123222212222222212222222323232323232323
2222222121222122222122222222122222222222222222222222322223222211112222211111212111212222212222212212122222122122111211111222122222222222222222222232323232323232
2222222122122222212222222222212222222222222222122232222222222211012222211111121221221212122121222122212122221211121112111122211212222222122222222232323233232223
2222222212222211222222222222222223222222222222222222222232222221112222211111112212121222221222212221222212122121211211112112232111212222221222222323232323232332
2222222222211122222222222222221222222222222222222222223212222211112222111101112122222121212221222222212222212112112111111112312212122222212222232232232323232232
2222222222122212222222222222222112222222222222222222322122222221122222211101011121212222122222221222222121222221111211211123212212322232222222233223223232323232
2122222111222221222222222222222211222222223232222212212222232211122222111110111112122212221212122222222222222221112111112132223223222222221222322323232323232323
2222211122222222122222222232222222122222322222222221222232222211123222111111011111121222222222222212212212212121121121211233232233322232222222323232222323232323
2221112222222222212222222221222222222222222222222222122222232211222222111011111111112122122222122222222222223221211211121232322323233222122222323223232323232323
2111222222222222221222222122222222212222222223222222222232222212232222111111011111111211222212221212122222232222112112112333232333332222122223232322232323323232
1122222222222222222222212222222222221222232221222222222222232211322221111111111111111121212222222222222123232322121211213233333323332322222222322232322332323223
2212222122212222222121222222222222222122222222222222222122222212232222111110101111111112121212222122122223233322212112123323232333333231222232232322232323232323
2212222222222222222112222222222222222212222222222232222222322222232211111111111101111111212122122222222133323232121121232333333333233222232223232233232323232322
2221212222122222112221222222222222222221222222222222223222223222223222111011101111111111212212212222222222323322212121233232323233332332222232323232323232322323
2212122212222211222222122222222222222222122222223223222222122122222212111111111111111111212121221222222221321112211212232333333332332323223223223232323232323223
2222122222221122222222222222222223222222212222222222223222222222222221101111111101111121121212122121222222121112212113233323232333323232222322323323232323232322
2222212222122222222222221222223222212222221222232222322222221222222122111111111111111111212221221222122222212222221222332333333232332322232232323232232323222232
2212221121222222222222222222222212222222222122222232222222222222222121111111110111111121122122122121212222222233323223323323233333223232223222323232322322323223
2222121122221222222222222122222122222222222212223222222222223222222222111111111111112111212121212212222132323222323332332323323232323222322323232323232323232323
2212212212222222222222222212212222222222222221222222222222322222222122111111111111111121212121221212121222323323232323223233233323222232232232323232323232322322
2221222212122222222222222221222222222222222222222222222222223222232221111111111121112121212121212222122213232322322323323233332323232322323323222323232323232323
2112121221222122212222122122122222221222222222122122222232322232223232211121111211212111212122122112212122232332232332323232233322322232323232323222323232323232
2222222222122222222222212222212222211222222222211222223222223223222222221211111111112121211221212122122222232232223223332333232232232323232323232332323232323223
2212212212212221222211222222221222222222223222222222322223222322232222222121211121212121121221221212221212223232322332233223332322232333232323232323232323232323
2221222222211222221212222222222222222222222212222122222322322232322122232221121111121212121122122221221222223232323222232323232232232323233232323232332323232332
2122212122121222121222222222222122222222221222222212222222232222222222222222111212121212121212121212222212212323222222233323322232233233232323232323232323233223
2222222222222112122222222222222212222222222222222321223232223232222322123222121111122121212212212212121222221110122232323232223232322323232323232323233233232332
2212122121222112222222222212222221222222222223222222222222322222222223222222211221212221212121221212222222222122222322232332322323223232323232323232323232323223
2222222222211221222122221222222222122122222222232222212222222222232322222232222121221221212122122212221222222222232232323232223232322323232323232323232323232323
2212121221122221122222222222222222212222222222222232221232222223222232222223222323212122121212211222222222222223232323212222223323232323232323233233233232323232
2222222112222122122221222222222221221222222222222222222222222322323223232212232231222221221221222122222221222323232332233322223232323232323232323323232323232323
2121211222121222212122222222222122222222222232223222322212222222222322222231323232221212121212122222212222222323323323232333323323323232232323232332323232323232
2222112212222222221222212222211222222122222222222232222221223232323223232222221222222221222222221222222222222332332333223223232332232323323232333233232332323233
2111222222122122122122222212122222222212222222322222222222122222232222222322212233222222212212122222222222222223323322222323323232323232232323323232323232332323
1122212122212222222122122121222222222221222232222222222222222323222323232222122222322221222222222212222222222232333322323232332323323323323232323232323232323233
2121222212222122212212221222222222222222222222222222222223212222322222222212322222232222221222212222222222322323232323232232323323232332323232323323232332323323
2112121222122221222221112222222222222222212222222222222322222132232323222222222222323322222222222222222222223222323233233333232332333233232323232323233233323323
2212222122221222222211122222222222222222222222222222322223222213222232222223232322222323232222222222222232322222223323332323333233232333323232323332323232332332
2121121221222222121122212222222222222222222122222222223222322221232222122222222222222323232222222222222222222322322233233232233323333232332323232233233232323233
2211212222122122212222212222122222222222222122222232222232223222222212232323232323222232323322222222223232232223223323332232323233233323232323323323232332333232
2221122122222211122221221212222122222222212212222222323222232222221223222222322232231223222233232323322322232232222232323213233323323233323232323232323232323233
2122112212212112222122222122222222222221222221222322222232222322212222323232223223223222322223332332323233232223232333222322322332333323233233323323232332323333
2212211222121222222222222212222222222122222222222222322222322222122222222322322322322222222322233323232223223232323223323223232333232333323322332332323233332333
2221221121122122212122212211222221221222222222212232223232223212322223232223223223232322222323322333233323232322322332332322223233323323232332323232332323233332
2122122112212221222221222222122222112222222222222222222222321222222212223222322322223212223232232232332323222232323232232322232332332332323233232332323333333323
2212211112122122221222222222122211222222222222222222322232212223232322222323223223321232222223232323233333333232323232323223233233233232323323233232333333333233
2121212211222221222221222122211122222222222222222222222221222322223222222322232232222323222232323232323232323332332323232332323323323233232332323323332332332333
2211122221212122212122222222212222222222222223222222223212222232322232222223222322222222323222322323323233233333333332323323332332332322333232323333333323323333
2112212121122221222222212221121222222222222222222221221222232222232322222222323212232332322222323232323322323233223333333333233333232323222323333333233333233323
1221212222112122222221222212222122222222222222223223122222322323222223222132222223223223232322232323232323233333332323333333333333332332333333333233333323233233
2212221212212221212122221122222212222222222222322221212223223222323232232212322222322322323232222323323232332323333233323333333333233233333333333333332323332333
2122122122121122222222112222222221222222222222222212221322222232223223222322122323232232232323222323222333333333233323333233323333332333233232333323333233333233
2212212212221121221221222122212222122222222222221222222122323223222322323212123222232323232223232232233232323233332332333332333333333333323333323333232333233323
2121221221212122222112222222222222122222222232122222232222222322322232222222222323232232323232323222323333333323233333223333233333323323333233333333323333323232
2212122122222211211222122221222222212222222221222222222222232222232322322223221323223232232323232222332323232333333233332323333233333333323323233232333323333333
2122212121212121112222221222222222221222222112222223223222222323222222222232222122323232323232322332233233333323323333333232333332333233333332333332332333232323
2211212221221211122212222222222212222122212222222222222222222222323222222322323222322323232323223233223323232333333232323223323333323332323233323233333323333333
2122121212221122122222122212221222222212122222222222232232222232222222232232222222232323232332232323332333333332323333323332333232333333333333233233232333232323
2121222121112212211212221222222222222211222222222222222222222222322223223223232322132323232322333332323223323233333323233233233333332323323233323233333323333333
2212121221121222121222222222122222221121222222222222232232222222212232222322223223222323232223232323332323333332332332333333322332333333333332333323232333232323
2122122112221212221121221222222222211222122222322232222222322221223222323223232322222232322333323333233332232333333223323232332333232323232332323332333323323333
2112111121212221222122222221222121122222212222222222223222232212222322232232222323231233223323233232332323233323232333333333333223333333333223333233223332332323
2212112212122122122112122122222212222222222222223222322232221222222232322223232323232222233233323333333333323333323232323232323323233233233233233333332233233233
1211212122121212212211222222121122222222221222222222222222222232223222232322232232232222323323332323232323332232233333333333233332323332332323323233233232323323
1112121121222122222221212212211221222222222222222322232222222222222232322232223223232232232332333333333332323232332323232323332333323233223332333323323323323233
1121212212121221212122122221122222222222222212222223222222223223221222223223232323222322223323323232323233333323233333333323233232332332332333323332332322233323
2111212122122122221222211211222222222222222221222222222222222222232223222322222232223233322332333333333323232232332323232333232333233223233232332323332333322332
2112121212121212122212121112221222122222222222222222222222232323222222232232233222223232322233232323232333323333223333233232332323323232333333233333233232322322
2111212121222222212222111222222222222222222222222232122223222222232222222322322222323232332223323332333232232323323232332333233232332323232323323232323323332223
2121121212121121221211122112222222222222222222222212222222223232223222223222222223223232323322333233323332333233232233323323323323322333223323332333332332232222
2111112212122212212112222212212222222222222222221222223223222222322232222232222222322323232332232332333223233323333223233232323232223323322332323323232323322332
2121112122121221211121212211222212222222222222212122222222232232223222222222222332323232323232223323322333323233232322332323323232232332333233332332333232222323
2121211212212121112222222221222222222222222222222212223223222322222323232212232223222322323323322332323232333323323332232332323222323233232322323233232332323323
2112111212122111122122122122122222221222222222222222222222232222322222322123223232232323232323232232232332323232332323223232323223232323333232332332323232232332
2121211121211112212212222222212221222222222122222222222232222222232322222222222323232232323232323222323233233333233233232232322232323232323332233233233222323233
2121212121211122122222212221211222222222212222222222122222232232222232222222232222323223223233232222332323323223232323232232222323232323332323322323322233233232
2121212111112212221212222122221222222221122222222222222223222223232222222322222323222322323232322322233332332332323323233222232323232323232332323232323232323233
