0000000000000000000000000000000000000000000000000000000000000000000000000000000000000000000000000000000000000000000000000000000000000000000000000000000000000000
0000000000000000000000000000000000000000000000000000000000000000000000000000000000000000000000000000000000000000000000000000000000000000000000000000000000000000
0000000000000000000000000000000000000000000000000000000000000000000000000000000000000000000000000000000000000000000000000000000000000000000000000000000000000000
0000000000000000000000000000000000000000000000000000000000000000000000000000000000000000000000000000000000000000000000000000000000000000000000000000000000000000
3222222222111111111111000112333333333333333333333333333333333333333333333333333333333333333333333333333333333333333332222222222222222222222222223333332222222222
3222222212111111111011010113333333233333333333333333323333333333323333333333333333333333333333333333333333333333333332222222222223223223222222223333332222222222
3232222212121111111110111122233323323323233233232323323232333333233333333333333333333333333333333333333333333333323322222222222322222232222222223333323223223222
2322222121211111111011101112333232323233323332333333232333333333333333333333333333333333333333333333333333333333332332222222222222222322222222223333332222222222
2222222212121111111111011112323323233332333233323232323323333333333333333332333333333333333333333333333333333233333322222222222222222222222222223333322232232223
2222221221211111111101110122233232323233232332332333323233333333333333233233333333333333333333333333333233333333333322212222222222222222222222222333323222322232
2232222212121111111111011112332332323323323323323323233333333333333232333323333333233333333333333333333333333333333332122122122222222222222222223333332232222322
2222222122112112111110111112233323232332333233233233323333333333333333333333333333333333333333333333333333333333333322212212221221222222222222222333323222322223
2222222212121121111101110122323232323233232332332332333333333333333333333333333333333333333333333333333333233333333332121121212122221222222122123333332232223232
2222221221212111111111101112232323223323323323323323333333333333333233333332333333333333333333333333333332333333333332112121212212122212121221222333323223232222
2222222121211211111111111112233232232332332332332333233333333333332333333233333333333333333333333333333333332333333332121112121212212122212122223333322322222322
2222221212121121121111111112232322323233233233233232333333333332333323333333333233333333333333333333333323233333333333111121112121121211121212122333323223223222
2222212221212112111111111112232323223323323323323323333333333323333233233233332333333333333333333333333233323333333332111111211211211121211121223333322222222223
2222222112121211111111111112232322323232323232332323333333333333333323332333323333333333233333333333332333233333333332111111111112111111111112122333322232222232
2222212221212121212111111112232323223233232333232333333333333333333233333332233333333332333333333333233323233333333332111111111111111111111121223333232222222322
3232222212221212121211111121323232232323233232323232333333333333333333333221232333333333333333333323232322333233333332111111111111111111111112122332322222222222
3322222222222221212112112122232322323232323323232323333333333333333333332221232333333333333333333332222233232333333333110111111101101101111121223333322232222223
3333333333323233232322232222323232222323232323323333323333333333333333232212133233333333333333333322222232323333333333011111011111111011111212223333323223232333
3333333333333332333333323233232322323232323232332323333333333333333323331121123323223333233332333222221223233333333333221212212121121221222222233233332333333333
3333333333233323333233333332323323232323232333233233333333333333333233321211122222323323233233332322212223323333333333223232323232323323332333333333333333333333
3333333323332333323332323233232322323232323232323323333333333333332233322111113322232322222323232323122223233333333333332333233323332333233332333333333333333333
3333333233333323332323332323323232222323232323232333333333333333322223331111112322323222132232322122222223233333333333323232323233233232332333332333233333333333
3333323333323333233233233233232323232323233232332323333333333332332223332121112232223221322322211221212222333333333333332323232323323323323323323332333333333333
3333233333233232332332323232323232323232323233232323333333333322322213323312122322232212323222112212122223233333333333333232323232323233233233233323333333333333
3333333233332333323232332323232323232323232323323232333333333332232212222222122232222113222321112121212223333333333333333323232333232332332333333233333333333333
3333333332333323232323232332323232323232323232323323333333333322232221122222122323222123323211121211122222333333333333333232323323233233233323233333333333333333
3333323323323233323332323232323232232323232323232323333333333332222212111111122233232123232111212121212232333333333333333323233232332332332333332333333333333333
3333233333233332332323332323232323223232323232323232333333333322223121211111122323230132322112121112122223233333333333333333323323323323323323233332333333333333
3333333233332323323232323232323232322323232323232323333333333322222211112111122232321132331112111212122222333333333333333332332333233233233233323323333333333333
3333332333233333232323232323232323223232323232332323333333333222222121121112122333211223321121112121212232333333333333333333323323332332332332332333323332333333
3333323332333232333233323232323232232323232323323232332333333222222121111121112232211123221111121112222223333333333333333333332332323323323323233232333233333333
3333233323332333323232332323232323232232323232323233222333333222222212121211111133211113221111211222122232333333333333333333323323232323233233323323323333333333
3333333233323323233323233232323232323232323233232323222233333222222121212111111132221122211112112222222323333333333333333333333232323232332323232332332332333333
3332332333233233332332332323332323232323232323233232322323333212222212122121211123111112211111222233323232333333333333333333332323232323323232323323323323332333
3333323332332332323233233232323232323232323232323233222223332222222232222322212113211112211122233332332323233333333333333333332323232232322323232332332333323333
3332333233323323332332332323232323232323232323232323211222332222222223232323232222111121212223333232222333333333333333333333333232322323232323323233233333233333
3333323332332333233233233232323232323232323232323232211213332212223222232333333322212112122233332223222232333333333333333333332323232322323232332332332332333333
3323233233233232323323232323323323232323232323232323311122322222222222323333323323211212222333323322322323233333333333333333333232323233232323233323323333333333
3333332332323323332323323232332332323232323232323233212112332212222223233332122232222121233232233212322232323333333333333333333323232323232332323233233323333333
3332323323332333233232332323233232323232322323232323221121332212222223213233112212221112222221332321232223223332333333333333333232323232323232323323332333233233
3333333233233232323323323233323232322323232323232332312111332212112222212322012121211121322211133211222222233332333333333333333323232323232323232332323332333333
3332323332332333233233233323232323233232323232323233221111332221212122221111212111121112211121122122232222223322233333333333333232323232323332333233333233332333
3333233233233232323232323232323332322323232232232323321111232212121121222222122121211112221112121222221212333332233333333333333323232323233232323323232333233333
3323332332323232332323232323232323233232322323232332321112132222111211212212121111121122212111212222221222233322233333333333333232323232323232323232333323333333
3332323323232323232323232323233233322323232232323232321111223221212111121111111111121112121211111212121212333321233333333333333323222323232323232323323233323323
3323332323323332333233323233323332332322323223232323232111122222121111211121111111211122212111211121211222333211333333333333333232323223232332333233233333233333
3333333333333323333333233333333333323232232232323232322111113222211111111211111111212122211111112112112122333212333333333333333333232332333323332333333333333333
3333333333333333333333333333333333232323232323232323323212113222122111111111111112121122122111111111111223332212333333333333333333333333333333333333333333333333
3333333333333333333333333333333332322322323222323232322221113222221211211111111112211122212111111111121222333123333333333333333333333333333333333333333333333333
3333333333333333333333323233233323232233232232323233232321112322212112111111111121211222121211111112121223332223333333333333333333333333333323333333333333333333
3332323232323233233233233323323233223232322323232323232322213322221211111111111122121122222111111121212223332233333333333333333333232323232333233233232332333333
3323333333333332333332332332332332322323232322323232323233233322212121111111111121211222221211111111122223332333333333333333333332333233233232332332333323332333
3333323323323323333233333323323333232322323232323233232323333222222211111111111212211122222112111212122223333333333333333333333323323323323323323323323233333323
3332333233233333332333323233333232323232322323232323323232323322221221211111111212121222222121112111222233333333333333333333333332332332332332332332332333233233
3323323332333233233332333333232333232323232322323232322323332322222212111111111221211122222211121122222223333333333333333333333323233232323233233233233232332333
3332333233332333332333323323323332323232323223232323232332323222221221212111111222111122222111211121222233333333333333333333333232323233232332323232323323323333
3323323323323332333323333233233323232323222323232323323233232322222122121112111222212222322211112122222333333333333333333333333323232323233232332323233233233323
3323232333233323332333232332332332323223232232323232322323323322222221212121111212222233222112121222222323333333333333333333333232323232323323232332332332333233
3323323323332333323332333323323333232232323223232323232332332322221212121111212122232322221211112122223233333333333333333333332323232323232323323233233233323333
3332333233333333333333323233233323232323232232323232323233233321222222212121121212212222222122121222222333333333333333333333323232323232323232323323323323233233
3323232323223222222222232332333233232232322323232323332232333322222121212122121221222212222212212222223333333333333333333333232323232323232332323232332332332333
2212112222221222121111223323332332323232232232323232322333333321222212221221222112112122212221222222232333333333333333333332323232323232323323232323233233323323
2221222222222221221211132332323333232323223232232323232333333321222212212121221212112112122122221223223333333333333333333332332323232323232323233233323323233233
2222211211212122222322223233233323223232323223232323323333333322122222212122223232221222232322122222233333333333333333333323232323232323233232323323232332332333
2212121121212222232232123323323233232323232323232323233333333221212222121212222222223222322222212232333333333333333333333332323232323232323233232332323323323323
1111112112121222222221132332332332323232323232323232333333331222121322222121222221221212222222122223233333333333333333333323232323232323232323323232332332333233
1112121121212121211211123323233333232323232323232323333333312221212122221212121222212222222322222232333333333333333333333332323232323232323232323323233233232333
1212121222122122212111232332323232322323232232323233333333223222121222222221212222222222222212212323333333333333333333333323232323232323232332332323323323323323
1222112212212122121111132323332333223232323232323333333333122221211123222122121111111121222122222333333333333333333333333332323232323232323232323232332332333233
2212112212221222211211123332323323232323232323233333333332222122121212322212121111111112112222223233333333333333333333333323232323232323232323232323232323323333
1222112221122121121111132323232332322323232323323333333332132221211111232222212111111121121222223333333333333333333333333332323232322232323232323233233233233233
1212121212121212212111232323323323223232323232333333333331232221211121223222121211111111222222233333333333333333333333333323232322323223232323232332323323323333
1211121211112112121111223232323233232323232323333333333331232221211211122322222112111211212222333333333333333333333333333322323223232323232323233232332332333233
1111112112111121111111232323232332322232323233333333333331222212111111112232221221212122122223333333333333333333333333333232232323223232323232323233233233323333
1111111111121111211211223232323333223232323333333333333331122221211111211223222222221221222233333323333333333333333333333223232232322323232323232323323323233233
1111211121111112111111132323332332322323232333333333333331022212112111112122322222222222322333323333333333333333333333332323232323232232323232323332332333332333
1112111111111111111111132332323233223232323333333333333331112212111111111212233332323232323333233332333333333333333333332322323232323232323232332323233232333323
1111111111111111111111123232332332322323233333333333333331102211121111112121233333332333333323333321333333333333333333323232322322232323232323232332323333323333
1111111121121111111111132323233233232323333333333333333331101212111111111112112333233333233233233310333333333333333333232323232232323232323232323233233232333233
1112111211111111111111132332332332322333333333333333333331110121111111111121212122322323323332333211233333333333333333323232323223232323232323232323323333332333
1121111111111121111111132323323233232333333333333333333332110011111111111111121211112121223232323110213333333333333333232323232322323232323232323332332332333333
1111111121111111111111223332332332333333333333333333333332101011111121111111212121211212222222233111212333333333333332322322323232322323232323232323323323332333
1121111211111111111111132323233333333333333333333333333333011001121111111111111112222122222222232111111233333333333332323232322323232323232323323233233233323333
1111121111111111111111132333333333333333333333333333333333111001111111111111111211212222222222222111111133333333333323232323232232232323232323232332332333333333
1211211111121111111111223333333333333333333333333333333333210100111111111111112112112122222122221011120133333333333332323223223223232323232323233233323332333323
1121111111211111111122333333333333333333333333333333333333211110011111111111111111121221212222221110110123333333333333332322323232323232323232332332333323333233
1211211211111111213333333333333333333333333333333333333333211010001111111111111112112112121222221111120013333333333333333333232323232323232323323323323333333333
2121112111112112333333333333333333333333333333333333333333311110001112111111111121121121212222221110121012333333333332333333323232323232323233233233233323333333
2212121111111233333333333333333333333333333333333333333333311011000121111111111211111212122222221111111011333333333333333332332323232323232332323332333233333333
2121211121123333333333333333333333333333333333333333333333311101010111111111111111212111212221221110112001233333333333333333333232323232323323233233332333333333
2212112111333333333333333333333333333333333333333333333333321110100011111111111121111121122222121110112001123333333333333333333332323232332323332332333333333333
2212121123333333333333333333333333333333333333333333333333330111100001111111112111211211212212211110112001133333333333333333333333232323233233233323333333333333
2222211233333333333333333333333333333333333333333333333333321110110001111121111121111111122221211110112101133333333333333333333333332332323323323233323333333333
2221212333333333333333333333333333333333333333333333333333331011010001011111112111111111222212121110112100133333333333333333333333333232332332333333333333333333
2222223333333333333333333333333333333333333333333333333333332011111000101111111111211111122121211101111210123333333333333333333333333323323233323323333333333333
2222233333333333333333333333333333333333333333333333333333332100101100011111112112111111222212111110111201013333333333333333333333333332332332333233332333333333
2222333333333333333333333333333333333333333333333333333333332101111000101011111121111111122121211101011210112333333333333333333333333323323323332333333333333333
2223333333333333333333333333333333333333333333333333333333333110011110010111121211111011222121111010111210112333333333333333333333333333233233323333323333333333
2233333333333333333333333333333333333333333333333333333333332200110110001011112111110111221212210101111210112333333333333333333333333333332333233333333333333333
2333333333333333333333333333333333333233333333333333333333333210011101001101111211111111212121200133221210212333333333333333333333333333323332333333233333333333
2333333333333333333333333333333333333333333333333333333333333201011010000121112111111011121222101222312111112333333333333333333333333333333323333332333333333333
3333333333333333333333333333333333333333333333333333333333333210001111012211011212111111112121111220111120111333333333333333333333333333332333333333333333333333
3333333333333333333333333333333333333333333333333333333333333311011101222101101211111111111212011310110211102333333333333333333333333333333333333333333333333333
3333333333333333333333333333333333333333333333333333333333333220001112210001101121211111212121112211011120111233333333333333333333333333333323333333333333333333
3333333333333333333333333333333333333333333333333333333333333311101122010101101112111112111211112121101211110233333333333333333333333333333333333333333333333333
3333333333333333333333333333333333333333333333333333333333333321011210101000110111212121121121112111111111111133333333333333333333333333333333333333333333333333
3333333333333333333333333333333333333333333333333333333333333320211011010101011011211211212120232111111120111133333333333333333333333333333333333333333333333333
3333333333333333333333333333333333333333333333333333333333333322100010101000110111212121121212221012111211011133333333333333333333333333333333333333333333333333
3333333333333333333333333333333333333333333333333333333333333321010101101010101111212121212113211111121111111123333333333333333333333333333333333333333333333333
3333333333333333333333333333333333333333333333333333333333333331110011010100111111121212121221111101121111101123333333333333333333333333333333333333333333333333
3333333333333333333333333333333333333333333333333333333333333322101010111010111111122121212121111111211111111123333333333333333333333333333333333333333333333333
3333333333333333333333333333333333333333333333333333333333333332010101101100101111122221221222111111211112111123333333333333333333333333333333333333333333333333
3333333333333333333333333333333333333333333333333333333333333332111011110101011011112212212212111111211111111123333333333333333333333333333333333333333333333333
3333333333333333333333333333333333333333333333333333333333333332111010111110111101211221222122121111211111211123333333333333333333333333333333333333333333333333
3333333333333333333333333333333333333333333333333333333333333333111101110110101111012122221212111112211121121123333333333333333333333333333333333333333333333333
3333333333333333333333333333333333333333333333333333333333333333111111111111011111110212222221211122111111212122333333333333333333333333333333333333333333333333
3333333333333333333333333333333333333333333333333333333333333333111110111111111111101021212212111122121112112113333333333333333333333333333333333333333333333333
3333333333333333333333333333333333333333333333333333333333333333211211111111111111111111222222112122111111121213333333333333333333333333333333333333333333333333
3333333333333333333333333333333333333333333333333333333333333333211111111211111111111011122221211222121112112122333333333333333333333333333333333333333333333333
3333333333333333333333333333333333333333333333333333333333333333211111111111111111111111122212211121111111212213233333333333333333333333333333333333333333333333
0000000000000000000000000000000000000000000000000000000000000000000000000000000000000000000000000000000000000000000000000000000000000000000000000000000000000000
0000000000000000000000000000000000000000000000000000000000000000000000000000000000000000000000000000000000000000000000000000000000000000000000000000000000000000
0000000000000000000000000000000000000000000000000000000000000000000000000000000000000000000000000000000000000000000000000000000000000000000000000000000000000000
0000000000000000000000000000000000000000000000000000000000000000000000000000000000000000000000000000000000000000000000000000000000000000000000000000000000000000
