0000000000000000000000000000000000000000000000000000000000000000000000000000000000000000000000000000000000000000000000000000000000000000000000000000000000000000
3333303000300333003000303030300033333030003003330030003030303000333330300030033300300030303030003333303000300333003000303030300033333030003003330030003030303000
3000003000303000303003003030300030000030003030003030030030303000300000300030300030300300303030003000003000303000303003003030300030000030003030003030030030303000
3000003000303000003030003030300030000030003030000030300030303000300000300030300000303000303030003000003000303000003030003030300030000030003030000030300030303000
3330003000303000003300003030300033300030003030000033000030303000333000300030300000330000303030003330003000303000003300003030300033300030003030000033000030303000
3000003000303000003030003030300030000030003030000030300030303000300000300030300000303000303030003000003000303000003030003030300030000030003030000030300030303000
3000003000303000003003000000000030000030003030000030030000000000300000300030300000300300000000003000003000303000003003000000000030000030003030000030030000000000
3000000333000333003000303030300030000003330003330030003030303000300000033300033300300030303030003000000333000333003000303030300030000003330003330030003030303000
0000000000000000000000000000000000000000000000000000000000000000000000000000000000000000000000000000000000000000000000000000000000000000000000000000000000000000
3333303000300333003000303030300033333030003003330030003030303000333330300030033300300030303030003333303000300333003000303030300033333030003003330030003030303000
3000003000303000303003003030300030000030003030003030030030303000300000300030300030300300303030003000003000303000303003003030300030000030003030003030030030303000
3000003000303000003030003030300030000030003030000030300030303000300000300030300000303000303030003000003000303000003030003030300030000030003030000030300030303000
3330003000303000003300003030300033300030003030000033000030303000333000300030300000330000303030003330003000303000003300003030300033300030003030000033000030303000
3000003000303000003030003030300030000030003030000030300030303000300000300030300000303000303030003000003000303000003030003030300030000030003030000030300030303000
3000003000303000003003000000000030000030003030000030030000000000300000300030300000300300000000003000003000303000003003000000000030000030003030000030030000000000
3000000333000333003000303030300030000003330003330030003030303000300000033300033300300030303030003000000333000333003000303030300030000003330003330030003030303000