0000000000000000000000000000000000000000000000000000000000000000000000000000000000000000000000000000000000000000000000000000000000000000000000000000000000000000
0000000000000000000000000000000000000000000000000000000000000000000000000000000000000000000000000000000000000000000000000000000000000000000000000000000000000000
0000000000000000000000000000000000000000000000000000000000000000000000000000000000000000000000000000000000000000000000000000000000000000000000000000000000000000
0000000000000000000000000000000000000000000000000000000000000000000000000000000000000000000000000000000000000000000000000000000000000000000000000000000000000000
3333333333333333333333333333333333333333333333333333333333333333333333333333333333333333333333333333333333333333333333333333333333333333333333333333333333333333
3332332332323211101101101101010101010101010101010010001000000000000000000000000322222322101010110110110110101010101010101010101001000100000000000000000000000003
3323223222222101010101010101101010101010101010101010100101010100100000000000000311111221000001001010101010110101010101010101010101010010101010010000000000000003
3232232222211010101010101010101101010101010101010101010010001001000100000000000311111111000100101010101010101010101010101010101010101001000100100010001000000003
3322321212111010101010101010101010101010101010101010001000100000000000000000000311111100001001010101010101010101010101010101010101000100101000000000000000000003
3232221111111010010101010101010101010101010101010100100101000100001000000000000311111110010000101010101010101010101010101010101010010010000001000100000000000003
3322222111111101010101010101010101010110101101010010010010001000010000000000000311111101000001010010010101010101010101010101010100101001010010000000000000000003
3223221111101010101010101010101010101101011010101001001000010000000000000000000311111110000010001001010101010101010110101110101010010010000000000000000000000003
3322221111011101010101010101010101110110110101010010010000100000000000000000000311111010000100100101010010101010101011011010101001000100001000000000000000000003
3232211111111010001001001010101011010101010101001000100010000000000000000000000312111110001000010100101010101101011101010101010100101000010000000000000000000003
3322111111111100100100110101010110101010101010100101000000000000000000000000000322221110000001001010010101010101101010101010101001000000100000000000000000000003
3232221111111101010010101010101010101101010101001000000100000000000000000000000322221200000000100100101010101010101010101010100010000010000000000000000000000003
2222223222122100100101010101010101010101010100100000001000000000000000000000000312123110000001001001000101010101010101010101010100001000000000000000000000000003
2221111223222010001000101010101010101010101010001000100000000000000000000000000321222211000000010010010101010101010101111111001000010000000000000000000000000003
2211111121231100100101010101010101010101011101010000000000000000000000000000000322222220000000100100101010101010101011212111100000000000000000000000000000000003
1211111111211001001000101010101010101011212111100000000000000000000000000000000322222210000000001001000101010101010122221111010000000000000000000000000000000003
1121111111121000010010010101001001000122121111000000000000000000000000000000000322222210000000100010001010100010001222121111001000000000000000000000000000000003
1211211111111100100000101000100100101222211110100000000000000000000000000000000322222220000000000100010101001001011221221110100000000000000000000000000000000003
2221111111111101000100010010010010011222121110000000000000000000000000000000000312212100000000001000100010010100101222212111000000000000000000000000000000000003
2212112111121110000001001001001001002221212110000000000000000000000000000000000302010100000000000000000100100010002212221121210100000000000000000000000000000003
2211121111110000000100001010010010002222121111110000000000000000000000000000000311100100000000000001000010001000101221221111121000000000000000000000000000000003
2222111111111000001000010000100000011221221111120100000000000000000000000000000302100100000000000010000100100010001212221111110100000000000000000000000000000003
2221212111210000000000001001000100102211212101111000000000000000000000000000000211100010000000000000000010001000010212122110011000000000000000000000000000000003
2222121112110000000000000010001000001212121110001000000000000000000000000000000311100100000000000000000000010000100221222110111100000000000000000000000000000003
2222211211100000000000001000000000001221122110011100000000000000000000000000000302100010000000000000000010000001000222222211011000000000000000000000000000000003
2232222121100000000000110000100001001222222110101000000000000000000000000000000212100011000000000000000000100010001222222211111000000000000000000000000000000003
2222222221100000000002222001000010012212222211011000000000000000000000000000000312100001000000000000000010000000022121222222110000000000000000000000000000000003
2323232222200000000001222000000001221212122221111000000000000000000000000000000222000011000000000000000000000101121212122322111000000000000000000000000000000003
2232322222100000000000110000001012112121122322110000000000000000000000000000000322100111100000000000000010000011212121112222220000000000000000000000000000000003
2323332000000000000000001000011211211121112222211000000000000000000000000000000211111111100000000000000000001212111112120122100000000000000000000000000000000003
3333323200000000000000100100112121121111210222210000000000000000000000000000000311111111100000000000000000012121212112121112210000000000000000000000000000000003
3333233210000000000001001000121221211212121122110000000000000000000000000000000212111112110000000000000001021221121211211212111000000000000000000000000000000003
3332332331000000000000100101122121111121112122111000000000000000000000000000000311211212110000000000000000122212111121111122111100000000000000000000000000000003
3333233322000000000001101101221222211111211212112000000000000000000000000000000222121222221000000000000001221221221111211111111110000000000000000000000000000003
3332333233100000000002111202212212121211111121111110000000000000000000000000000323223232322000000000000001212212212121121111112110000000000000000000000000000003
3333323332200000000002112112222221212121121111121210000000000000000000000000000232232323232000000000000002222222121212111111111211100000000000000000000000000003
3333233233200000000012222322121222121211211112112111100000000000000000000000000323222323322100000000000002212212212121121110111212110000000000000000000000000002
3332333332300000011232323212222212212111121111121211100000000000000000100000000322322322332200000112210012222222122111212111111221111000000000000000010010000003
3333332323210000122322222212212221222121212112112212121000000000000111000100000323223223232200001222311022222122221212121111211121211200000000000001100100010003
3333233333320011222223232312222222212121212112121221211110000000000011010101000323232232323200112223222222221222122211212211121222122111100000000000111010100003
3323333232320011221232322212222212221212122121212212212122120100000011101110011322322323232210112212232322222222222122122122121222212121221201000000110101100113
3323232333331111223222232212222222212212222122121222222222212110101111111011011233223232323211112232323222322222221221221212122132122222222121101011111111011013
3332323333232111232322322222222222222121222221222222222222221111111111111111111323232223232321112323332323222222222221211211111222232222222211111111121111111113
3332233323333111323322232312232222221222212122120122322321111112221121111111111323232323323222113233233322323222322212121121112111322232221111122211111111111113
3333332333323212233232322121222222222222122212212112121211211122221111111110111232323232232223323323333232232333222121212212211211121211111111222211211111101113
3333333323333302332322311212133222222222222122222222222112112112121221111211211322222323232323232333232323333323322212121222222121222222121121121212211111112113
3333333233233222323213222211223222222222222222222221222212121122212212112112112223232222322223333232333333323333231221212222222222122222112112222122121121212122
3333333333333332333221322212132322222222222222222222222212121221221112111121211322322322232223332333333233233332322222122121222222222222122211212211211111121113
3333333323332332332221222121211222322222222222222222222221221112121021112111211323223222322323323333323333333323333222222222222222222222212212121210211111112122
3333333233333332323221221212122132223222222222222222222221211211221111111111211322222223223223233332333332333233332322222222222223222222212111112211111111112113
3333233333333233233221212121212232322222222222222222222211011011110011111211211221211222232232333323333233333333323232322222222222222221110111111100111112112113
3332333332333333333323121212121213232221211222222222222112120110111111111111111312122132322323333233332333333323323232222222222222222221111101101122111111111203
3323332333332332323233312121222222322211111101111111122222311101111010111111110322121222232222332333333333333233233222121111111211111111111111122222201111111103
3333323323323323333332331222212222121111111111111212222232221111111102112212221311212123223232333333333333233332322221111111111111122222212122222322211212222213
3323233333233333332333332212222212121212121212222232323223222211111222222111211221121222323222333333333323332322222212112121212212222222222222232222222221111203
3333333233333323323333233222222221212222222222223223232322321111113222122012220312112123232322333333323233222222212221222212222122222222222232322222221220122203
3333323333233233333332333222222212122221222223232322322232222111112222212112221221121222323222332333233321221212122122212121211212222322323223223232222121122203
3332333332333333323323333222222121212122232232323232323223221212122323232222221311211123232322223233322121212121212111121111112223223223232322323223232322222213
3333333233333233233333332322222212122223223232323232323232322122222232323222222312111223232322323222112121212121211212111121232232232322323232333232323232322223
3333333333333333333333333333333333333333333333333333333333333333333333333333333323233233333333333332333323332333333333333333333333333333333333333333333333333333
3333333333333333333333333333333333333333333333333333333332332332332323232323232323333333333333333333333333333333333333333333333333333333332332332323232323223223
2312211010100101011010101010100100100100100000000000000000000000000000000000000333232323323232322201010101010101000010000000000000000000000000000000000000000003
2111100000001010100101010101011011011011010110110101010100100100000000000000000322323232322323223222101010101010101101010110101010101000000000000000000000000003
1111100100000101010101010101010101010101010101001010101001001000100010000000000333232323233232232232320101010101010010101001010101000010100100100000000000000003
1111101000010010101010101010101010101010101010101001000010000001000000000000000323232322323222323223221010101010101010100101001000101000001000000000000000000003
1111110000100100100101010101010101010101010101010100101000100100000000000000000332323232232323222322210101010010010101010100110010010010010000000000000000000003
1111010000000010010101010101010101010101101010101010010010001000000000000000000323232323232232323222110010100101010010101011001001000100000000000000000000000003
1110110001000101001010101010101010101011010101010001000100000000000000000000000332323232323223232221101010010010101010101010101010010000000000000000000000000003
1111110000000010100101010101010101011010101010100100101000010000000000000000000323232323232322222111110100101010101010101010100100000001000000000000000000000003
2212210000001001001010001010101010101101010101010010000000100000000000000000000332323232323232322101010010101010101010101010101000100100000000000000000000000003
2232210000010010010100110101010101010101010101000100010000000000000000000000000323232323222323222110101010101010101010101001000010000000000000000000000000000003
2212110000000001001001010101010110101010101010101000100000000000000000000000000323323232323222221101110101010101010101010101010100000000000000000000000000000003
1122110000000100100100101010101001010101010100000000000000000000000000000000000323232323232323221111010100101010101010010010001000000000000000000000000000000003
1121210000000001001001010101010110101010101001010001000000000000000000000000000322323232323222211110111010100100010001001001000000000000000000000000000000000003
2222220000000010010010010101010101010101010010000000000000000000000000000000000322222222222323221101110101001001001010010010010000000000000000000000000000000003
2222221000000000100000101010101000100011111110100000000000000000000000000000000322222221222222223222211010010010100100101101000000000000000000000000000000000003
2222221000000010000101010100010010010112211111100000000000000000000000000000000322222221122222110122221100100100010001012111110000000000000000000000000000000003
2222222000000000010000010010100101001122121110100000000000000000000000000000000322222321211122111111120010001001000100221211101000000000000000000000000000000003
2212120000000000100010001001001000101222211110000000000000000000000000000000000312222111221121111101110100100010001002212111010000000000000000000000000000000003
1110100000000000000000010100010010002221211100000000000000000000000000000000000302121112111112111110111001000100010002121111100000000000000000000000000000000003
1110010000000000000100001001000100102212112110000000000000000000000000000000000302212021112121111111111000001000000012211111000000000000000000000000000000000003
1111001000000000001000010010001000002221121101000000000000000000000000000000000302211112211212111110100010010000000012111111010000000000000000000000000000000003
1110010000000000000000001000010001002211111110000000000000000000000000000000000212112112221221211111110000000000100012211111101110000000000000000000000000000003
1120001000000000000000000010000000012211212101211000000000000000000000000000000302212101112222111111100000100000000012120111001110000000000000000000000000000003
1211001000000000000000001000010010012121121100100000000000000000000000000000000302211211212222121111100010000000000021222111100000000000000000000000000000000003
1120000100000000000000000000100000012222121100000000000000000000000000000000000212211211121222211111000000000000000122112121000000000000000000000000000000000003
1201001100000000000000001001000000122122221110011000000000000000000000000000000312221111121222212111100000000000001211211312100110000000000000000000000000000003
2200000100000000000000000000000012211221222210111000000000000000000000000000000222212111212222221211100000000000111111112122110100000000000000000000000000000003
2200011110000000000000001000001121211212222211110000000000000000000000000000000322221111121222223222100000000111111212111011201100000000000000000000000000000003
1111111110000000000000000001111111121112223211100000000000000000000000000000000211111111112223231221100000011111111122111101120100000000000000000000000000000003
1111111110000000000000000012122121211211222221100000000000000000000000000000000311211111112332322000000000111212121121212110121000000000000000000000000000000003
1111121111000000000000000121221212111211132222000000000000000000000000000000000211111112113323332100000000212121212222222111011000000000000000000000000000000003
1211211211000000000000000222212121121121211110000000000000000000000000000000000312111212112333233200000001221221121122322211001000000000000000000000000000000003
2222222232100000000000001222222212111122222201000000000000000000000000000000000222222232222232332310000002122212211122222221110100000000000000000000000000000003
2222223222200000000000002222222122121212322120110000000000000000000000000000000323223232322333323230000012222222121221232212111110000000000000000000000000000003
2221232333200000000000002222222221212112232212101000000000000000000000000000000232232323332232333322000012222221222122221221111111000000000000000000000000000003
2222223232210000000000012222222221221122222221111100000000000000000000000000000323222323322233332333200022222222212211222121211211100000000000000000000000000002
2222222232320000011221022222222222121222222212111111000000000000000000100000000322322323332233233323210122222222122122212222211111110000000000000000000100000003
2222222323220000122222022222222221222122222222111212100000000000000011000101000323223232323223333233331122222222222221222122121121211100000000000000110000000003
2222222232320011222222122222222122212221222121212221111000000000000011011010000323232232332223332333232223222222221222122212211212212110000000000000110101010003
2222222322321011212222221221212212122122222212122122121221110000000020101101011322322323323223323332333322232222222222222222121122212122212100000000111011100103
2222222232222111222222212212122122221221222221212222222222212110101111110110101323232232323223333333323232322222222222222221212122222222222121101011111010101013
2222222222322112222222222222222222122212222222122222222222221111111111111111111332323223323223332332333333233223222222222222211223222222222211111111111111111113
2222222232322122232322222222222222222222222221212232232221111112221111111111121223232232323223323333333232323232232232222222122012223223211111122211111111111113
2222222323222222323233323232323222222212222222110023223221311112212121111110101323223232332323333333233333332323222322223222211100223232122211122111211011011013
2222322222322213233332322323232323232222222222210001232213221112121221111111211322323232323223233323333233233232323223222222221100011322222211121212111111111213
2222222232232112333233232232323232322322222222200001121211121122222121111121121323232323232223333333332333332333232322222222212111011121112111222121211121121113
2223222222322013323323322323222323323222222222201112112111111121211112112112112232323222322223333233333333233332333221111122222121112111111111212111121111112113
3322223223222223233232332223232332332323223222211121211111211111221021111111211323232223223223323333333332333323332212121212222212111211111111121210211111121122
3222222232223233332323223222323323233232232222211111111111111111221111111111211322222222232232333333332333333233322121211112223222121111111211112210111111112112
1121122322322332333232222223232332323323222222111212111111111111110011111111211212111222322322333333333333333332333212112121223212211111111011111101111111112112
1112122223223233332322232232323233233222212121112111111110111111112211111111111311121223223223233333323323323233233222121212132222222111010111111121110111111112
1212113232232233332332322323232332322121121211111111111011101121322220111111110312112132232222323232333233233332332331212121222222221110111011212222201111111103
1111212322322233333323233232323222212212212112111111110111122222222221121222221311111222322323332333323333332333333333121212223222222111111222223222111212122123
1111122223223233333233323333322222222122121121111111112222222223222222222111120311112123223222333332333323323332333233212222223222221112222222232222231221111203
1111212322322233332333232322222222222221212112111112222222232322223222122011320311111132232323323323333233333323332333222222223232222222222232322222221220113203
1111122232323232323333323223223222222212121211212222222232322232322222212113220211111222323222333333332333323333333333222222322223223223232322223232221220222203
1111112323232223233332222222222222221221212121222222222323223223232332323222221311111123232322333233323333233333233323322232222322322232223223232323323222222213
1111122232323132332222232222222222212121212223232322323232323233323232322322222311111222323232333333233332333323333233223232323233223223232323333232323232322223
1333333333333333333333333333333333333333333333333333333333333333333333333333333313333333333333333333333333333333333333333333333333333333333333333333333333333333
0000000000000000000000000000000000000000000000000000000000000000000000000000000000000000000000000000000000000000000000000000000000000000000000000000000000000000
0000000000000000000000000000000000000000000000000000000000000000000000000000000000000000000000000000000000000000000000000000000000000000000000000000000000000000
0000000000000000000000000000000000000000000000000000000000000000000000000000000000000000000000000000000000000000000000000000000000000000000000000000000000000000
0000000000000000000000000000000000000000000000000000000000000000000000000000000000000000000000000000000000000000000000000000000000000000000000000000000000000000
