0302103313202002023003032212202302331322232312010013033122213302030231120203312213222131330111131300331321012203230321030033302230233013031330103233222300321012
0210001032332203032022220200212203012022231130123211202303223232332313132033233012130112132203121132123130312222112332102000211101021131101300330332033133321230
1221331022210002320232221322313300130333331231202121111303033023300311003331312232122303023323312101322103131331321222101321002232131131302313133132020133121233
2231300311020010312332210312000312111303300111222002300231211211212023121303110101322012111022032313010002220012233303102321131313332111311133333022312110023231
3020011202212022203110202302201312133212032303010013222230002110323321321123210112133333223231223211020131122122010113300233121322100231122002133003231011100000
0223313222220001023223302221101003133020133312211231213231320123031321123221203230223032311123231013130313123013132221121223321001102132331333103223301322113310
0232113202013133113330313023112320131233330010021301131233311120010330320202330110322323013231332112020022223023221122002300200133300002213310132033103112211023
2113313213230302101132233300321100301221301131313131332233220310220113121012003300121202210322000102312220031221031322120120122312131103202202301003013231000221
0030200033200311231110021123121202121330023123322121112302110302220132320200210312021311023333112112200031011123030002201312212030303112321131321110311033010020
3010121101103102023210310003120120222131122102130320023310212210231301021222200323000202102220232212311223011313331233321100031012131022010222001003010132032232
0020201213002312321133200220011001022021210222023100022313133121331103301110333130301220330112333210202112200301130031031010222021123232010120011300011323320130
3222201100110032331223010211001331021111302333132202023000002121212303122232313332332323222200100212303330101222322203332221323000002111222300212202210330301131
0122323301320301000213200303000202023002332000201122220132231210313030110132303231212030112300223100330210100110213232013110233301102033023022121120012113103132
0002030313210001300000200221020322021030111213012230111300101222333011110111233223203111231110132011233300302321312322313030023130031112021303333023101033223320
3210102333030222312031301313200212132233231121131031100101300113003111303101210233010001311101221313123201133003222233323213022313133103300310013203011132133313
1011011120333122003212200323032001220330022123103023232213103313102102133222003020223312102013302220131102232021033010112022131133011232123213101233032311110222
3233301303022030232213023131322030312332113231232333133132311110123212130032203300221033320313213030300013322000101220121200330202031323223321201311110212302213
1001320213331213030202132000332010000222323122200222312112102000212100210120120030022212111121303121222212110112203000202232112011223011213011120311221123130031
0002122100332022313313202320110332222202120023101223111112113032131103301102311320220033211312133202020131113131122321202031321122031001030012213003303121031302
3022330131020123021210101332012213103020320331123130100320313302312021221110002331311331310233120120232230020101320301312030310113031132001321332233312302020232
0321232320300110031213231110211322233232300003000003120002322120310031010310301033133011023222120301111030120303222232233301030231201011321123023112211233032330
2131001001331320102200223102322021221221020103302000030203003230031212032212233310233022230110312122322000101302101210311232311013123212030312130231231032033231
0212113003300102302221022002330132002302210103221333323210132301230031311122103000021203331231232223020220221332310010313011022131210202233132330320113233211130
2313232033302211323001232200120012121011123201113211221120102101202333223011201322023013202001033122331113033123233123010302102230003311222020002031121221311211
2210300100323210220233030233130022023131131102330300222212232001320200113323002001313220112303111200022321033322123011211301313212302132201003232121113212202230
0310312032321220031021003333112211011202333013122331302323333332032301231110223031212313303012223301013111032310021211020233200330031123111301103233203310220220
2131312203012132331031131010212023133032121323000320122102210330212133330230223213222331223012132121332002220010102132213003000112001120022130220121220323030330
0000003222131010333123011121331223020002203331130002221233101002032300110320111231002012032212011332001213011200113331031312213122033030002010301323311131131213
2330132310103332003200012333223103331032123130322201301223221020120012320113233311100000201300310020221023310022000010132323201012120232023230111121003312110202
1223112003130120223212131201131013023020320202313211002332002021023201313133033331312031123031202112113303322312131010122103311111102111320013022022330233332002
3202232132322223111112331100113220122122010202122003001220321223022223201112213001230022013210113110311212103302013021023022020320330020331123300212213021310011
0030131031103221030103311011213030333120201101030000212113333103231012210300033231310301212303310300020021310331102111130213230130231120110303313201112233303331
2102213020202112130002311122033100030001211111101303330132232321122021122323331030312202200000232131110131323032223201112223121300333302012223332033003032011200
0000202200213132012302110013322321022303000323100323201233223321321033100332031311301220320131203321120212111022002123312012223122233332322322333032033313212131
1223232023022101133321231123312233123103333310023301322311213210210221221331033013331130113321122123112320222131222232220023212013331030131022200303120222211111
3231210013012121313233203132033201310213112132001122111320323101302233001111012211001112313023322332120323132021123131210032020321013132123100310102213220030112
3301220322300002200033332332120311301030231013033202321103012123330210120111313310133113102131003010211221020211131121332320320011131233212020231130102003311223
0122220121131023030022332312313000012301013313023102321212020211100113110132011113012000310013011130121233002002101220321301122212123012301111120002332311331212
1310203300033210032132211003132000222320022100330332012013230231120233203030002100320000333231312310201110223133330233133322020333322022032232113032210010030302
1322212311222231213201300101233210213200223033033002011231010211200033011010310301321200232203323022030220023022303313103110131221033321203302110220200102113331
1203302131112020121230110220122203113112003311120312322003101101321212132333130031132310233121031310211300333203033033210032210103313001000320111113020220300321
3102320101230033001332232033103030130131133313101330020023311312110222122313202012332323031320312131223002122103000230232230002300303303111230122003203320232113
2120111030112203111303313020023203212202302112330311233002002232211333020303132302131301002333231200110133133320312132130113300212001112310010202303111011100120
0103023302223203111302033111032110103103103010312032130310202030012021001030213032112221303323133103232302130233121331303032201220302323133310131010032100233302
3012202032111201112230333210230120121302132030003023133330331111212032313313233323332103331132323000222011302231013023130302232313013101032000000210303303301232
3320123223012321303331031332310303200201010103003332320321331022030000313100110011023332232212223310001010121313232101212202230211030123002030000320301233310103
1031210010211321212102301031312110021120100212000131322210122110132320323021311102100123322300021321023232322123030202000200111200003122003002100320133211302201
0002300333003203121231230213110330232223031033110120131330000132333001132323313010302121123321210011032111010132310020300223021321220121011131123032123332222232
2222021223231110131300013202232323310100232122002333232121031202201211021131302132111212312112321223013130303202320222112032031120130231021110100230332033330223
0010013210220003331112121211021100110311232211002033020111320132332310303321012001200110201110313223203230021130303000002312223121120031131002210323202330123330
1322230232310220000032020133033300003301100222101000321212222000102112021101202112013311300301133210133013333021113113031111013211022100210233113331112100223022
1012321312033102303201123130203233310201222100200331232330313003031113122322230033333020122013031123201033320003323012010330012202220002213032113213123320323101
1232110130212222212202211011223210231201322031310300133133223000103320333321111223232233011030232131131122213033131120312332210103331011212223032202130312211311
1022310233202323212110121131111222220002130222302111231331112312000301322010321201032011031031111003101012011200203311322120211122021333013233332130301230112312
0133130100030222002310002021233302232102131120313033120003311010203120202013133012231320123331121203302212332031101200212221322102220221113333220213312010210011
0201233131213002230203231000222211232213222312022233231111232322302123202133030311300020100130002310202303113102331022120001100031002311002200021033301223030330
1020000321012322023331303023022111003032000103230301301033200131223213210232301201020321120221020100220233311222021021032103112112013323312301113200021232112222
3331201201310103201320023020213112212302320010321012213210110032233020230220111111311231133212022100212332123331302302023101303102033001212222033301232301010331
1032133323302023020011300330033313300322022301000133012223220012333302130132312303201003100102232011330301102220020132111102220200332313230032023311003022202120
3121221011200120201011020202120222131213132131023202031032311310303001121231321012333022323200030323322300313023133300303220132110032230333211100133333011310111
3111103313221223032003313103000100032203230311033102032012001220112011331120201313222220011110201331230022203123321320131211012031322223021002302101302322100030
3230131101123022221302100021133121332120330012130221230030201021320200202121100301003200211212321021112213212132300000232110113101132113302101132330102333112200
1120101130300003101000111110010112033002312123131123101331231013010310033233002110033130031330120102103301102033330233032103112112030213300132322120321130222331
1131021110301332301102313013021332032311112233331233121022010033033022120023003232221331021030210121203030021030320320322113123012103231300213113110031232103320
0020211131112001201032013333013333021330300131230100002302231223003121323021321002313220301003200001301211320101303013021221323233123300303201221211220233010023
3203012202003121310113021200203233220133211030101131222021032002012213022302111002322033301200300112331012221313231211031202223321211021100213103030310230001032
2113033223331322323102312030120230222313200001110032032030032101023212230202212223232123133322032222300000322222032001130013121230222023232002313123110303333001
1102322030010230230330022023230101231003200331303201333120320312123013202313101110131312113110331003102033031200023210212200311100233201102033233131200332320132
1333003232332211101320123330323020101033113132030320210312032022202311121333021020031330213103021132021111302210302101222222033301122002110110203032231032013023
0331313313322320102231100220231000020111032320220231221232133002232221011323230221221023000020131330033201301111122233230232202021002011130230030133220310202303
3022302230213032210103102011133023233002323203212012303023203233212210030233310131133022131031000322132211332112220212110100122300302020210012323100210233200201
2230202221200102233031020301331033230020030303332312310011222013321002102320113313132320022311000323113102030010230300213320210221133311010102200022012022223100
3312032110230110230212201321030102002313212233123300323231311332000331210102331021012022220120333023303112203122302132011322103203222121221130032031100300232123
0030211200221232010303300133011103111011000331232201200031321302313122002021110103200113122210000303231333213001020103322232202213200330200322323001331223112213
3302010011111333310013212002320210323211101221021001332221022301300301310313310001013230011131113110221003323033030120020011232330113010223231132302020332011233
0023232310130203110310120233123131102120332300020201011210331331303133300230013031331013112003021211103121131000001202003131123033313310301212302203333300003111
2213311013111012322302110102210230021313023202023200121313111333233223310313313103113111110320021312020012212022223100012330112232101221333301220322231013100201
1102012321033223110023320331102222330302201133231321303313332313013122002231010302332222201033123301301322223301130001103102313232132330222310212310220120320320
3032302302112120133123020323032331101201011233213330321122200112232332300020303021021122320321100332002030202323321203113303330323001123231320003120232122332311
3223131102033000120321131003111311300333212222121303002121322300130013031310131131301121221210032233213011113132301122202022323102312112333022201333222330102020
1233113220302121301220132032033300113121012112230023133130202230130332303120310220122023322113233212312022233001332003011313320023231222332003232133223231231330
2120311210120000113133103100322323110101303300203030130302001232132000100033332013320313323312023313031300032322100122221302330313202023130301011300131110232101
3022012022320110011232220311100110212131310021200031102133221022331323320313222031313230103012112123323323030111203331112122213002313212203222230320300201302132
1102321033323320132013101201123102133001330010301002221123000020011102121131013220331301310030202131210003202111302130302210020223033010210312002110302020110100
0003311133033131111132111201012003210302331030032022211031211301022032233330002121310110111102221211330203203130312020223001221221202132310103301333331231030212
1212130333123333110311012231223221000302101112211030000312111311100021200133302121123222120023002221002302231023200002233231020201321233010303302302101320300033
1110020212301303010110211110232303120331301000000132330332133210001003200310010333212121331110020332020131022200101232113211012211120332202322100000112202233230
2300113203012010321010121233130132233130102102230030031101012121032221231032112232132031001120120220212023121202032221230101203111103233120321121010022213023312
3203103012133002101033012110013222121230010231332123130322333021233112003233133132323203313221300211333020110033000031132101011212121332230201121133322231302010
3221032323122213220201122220222203013120332323331301021103030021130303010322333222112100121013133102123003002002020332220110312321312300221010022120200111332103
0133111330311000310000221330223021211010012123121203021300333010001203310033210011003333213223112230023021333010222001333230220200033133322012223300303000211301
2000221132320332210322210032211132123020103113321312101033111330130233312303010303033131022230311101303120302310311030123313013131300302013103332220230220301100
1322100121120302113022030210133212133122023103222210030203233123333020001313102311300132312130112203100020001112311113213000133202231131333202103023121221300030
2030013310231202131023303023231131102311321210212100330111313133323000110100110203223020211030200122103122001132131113322203031322103002312323330323122000232133
1302122011233013101102320033011002300200012010000121303202011233033012221310203003002312130220101301221312101231332103322130100312022321110201002000013232132111
0302322312201003330313033301021232020132012100322010032020100011012002311202302020030302230222300113333222023202230122113302223303030311111021100331302330203033
3003202120103203111321122213313120130000130221000013023113303230011323302001000030203333210301003130332100330000332130032300232312312003323213011000230021212330
2001123110313022012133202232002312221230311101312231333023003132221002201320122123020020223012232120120010333000313301132312302131111213110200000020203101130331
1011101231132200032003232211023000010311032130023230300210231332010203132133333210130323120031230301323233323221022010031200111330221232222311313010333122330211
0023232301012311012000202130112130131302030231022030011202010202020002023320130323131232010023233121120100023101013300333002322011221120231323110130330333112032
1110222010201300121100201303201130211312022211203123301000131220013032020122031321201133122230330211032002011122312203132120232000023101102130020133201031300200
3003232112131021321032013211203232100102313012112010030301202210133232323102000111301233010032030223111120203330232111212301112201023011001331002033232200221011
0210203320101033331122011333300323333133323113231031233221132211223333010103101211103331223200130330323322333120100203230033023323213032131321213210122201233221
0231121120031230023312131203201101211101022203101313201033210233020101130211330003323333232003321230033331132032313010123200300220030033330311323030032333033300
1122020203300302223323331102330022130213313032030000013031113303233323200110111232220222101230330221312213221003021023000123002310121222210320311003233132120113
1102321303000311231202101320232302201321210221221113313130113132233231212002211021200333320112302103103201122120032203121322230331330100021331121023322323130311
3332013203020202202110330120110301100123220331030000122002012001110133303203222220322313232120220330102301230220021103332120130030122313002012303013010031200011
3221202121100203321131312202233200300003323212132320032131210102221212220111031332012220111232013102131101230101312120100122332330001103203121010231312200213213
2330210031222230102302233002002121323011311332200331322332112013103130011333330333132200321033313331312023221002021232332110301210221333113310232311330322231131
3220001213102223000000111212110323012200112311131311013330111223131133232020001333110333100202131220003133033310230311032000211231022222231133320313330100010132
2013013022132322012031120103231123211311223200130300013323020032220222023131012122002033113330111112303200001201333110323311233312203030122212102230212201232022
2221132001322001302110323100301311320223202130201112211120022203310303313232211011212222032023333203100101230332030312213130323303202033221130032033212332100233
2012301212132212120122320321231213000322100023032122310003113200223032232212303321313012131212020300111120110210003012330231232101232131110103310031330022020301
0011322032112232210130123113020120130221310003211023113011012023302131332212210321000331113202233321202213100113310110111331220121131001221331102131230113111210
1102331331130122211212211212231122031033313212211230012231313112030111032012012322003320110303322131212300223321232033003303300232120212121103212312212313100200
2232202330222223232311202201012332322321233112220301011331120313120211123020330200313000323201212222201032100033121122121121330000033110222133332013322122121333
0102212330200113130222332131331123123132313300330020311313200310031133320231322232030033121020033033203023203132230120223210103031230221032000333113331233132302
2322333003121021132130112321200331303212201002202220210030020222310303032323003222303333112032322000220110023102003331101212122232312032130111301133011200021222
3132001213222021330200111303003310310302002212331230211123110321013220021200231233102303020031230001000330220212202010000002013011101032322311013102023120303133
1103311033130112130213022201032110102120010010111330000210023001220131122033121302220032301332231030023131002322003010203131113203220210130112030112123230102033
3313033301202100212103222012003331212200300320002131021232320122202202121031312022123013303112313123021212103220102111010023330022313311003202200131212020221302
3111311211102232313323122203120130030130230300333212232101230311123033331031212032002030213333201211233203120223132031112121022320221111200311232112330033303011
3213220330120212030031233321220103123120200321112012200120100200200112320130012023103223330311311202211330003232111031301303113003220333003303122103303131112330
0230223201133333320323203330011212001031110132202120311232233103202233110133000021311232020020231131122100100212222323031201002100201120200201210120133133323230
2123021300111230002120113113023300312131233312320202002110131310333210222020212022003331333213231111322331303333210310112310032222100333313012213112102233213133
0030133113023222312230033121313300201010113133003200130010330302201113210211030132002212003010112012332100321112133132133202123300223333222032220110001022300211
3012232233123123301310030230310322121100213211313101213232202231203103122122310220220223003233023132003033003120320031300332100031322220223201101023001301232100
1103322200122313130001300102123111021313213100123233110132232303202322132202120023211332211032001200210200010022323110100203110220002321110010322332120321023002
