0000000000000000000000000000000000000000000000000000000000000000000000000000000000000000000000000000000000000000000000000000000000000000000000000000000000000000
0000000000000000000000000000000000000000000000000000000000000000000001001010101010101000000000000000000000000000000000000000000000000000000000000000000000000000
0000000000000000000000000000000000000000000000000001000000000100100010010111011101101011010000100000000000000000000000000000000000000000000000000000000000000000
0000000000000000000000000000000000000000000000001000000000001101010101011101111111010110101010100000100000000000000000000000000000000000000000000000000000000000
0000000000000000000100000000000010000100000000010010001000011011101101110111111011111101010101010101010000000000000000000000000000000000000000000000000000000000
0000000000000000011011010001010101011011010000101100001001110110111011111111011111110110111011101010101000000000000000000000000000000000000000000000000000000000
0000000000000000011110110110110101101010101011010111000110011111101111111111111111101111101110110101101001000000100000000000000000000000000000000000000000000000
0000000000000000111111111101101010110111110101101110101101111110111111111111111111011111011101101111010100100100010000000000000000000000000000000000000000000000
0000000000000000111111111011111101101110101110111111011011111111111111111111111101111111111111111011111011010001010100000000000000000000000000000000000000000000
0000000000000000111111111111101001111111111011111011111111111111111111111010111111011111111111111111010110100010101000000000000000000000000001010000000000000000
0000000000000000111111111111111101101111110111011111111001111111111111110100100000000011011111111111111101010101010100000000000000000000000111110000000000000000
0000000000000000111111111111111011111111111110111110110101101111111100000000000000100000001101111111111111101010101010000000000000000000001010110000000000000000
0000000000000000111121111111111111111111111111111111111111111111101000000000010101010000000111111111111111011101110101000000000000000000000000010000000000000000
0000000000000000112111211111111111111111111111111111111111111111000000001011100010001000000001100111111111110111011011010000000001000000000000110000000000000000
0000000000000000111212111111111111111111111111111111111111111110010010010101001001010111010000111111111111101110110110101000000100100000000000110000000000000000
0000000000000000121121111111111112111111111111111111111111111000100100110110111111111010100000001111111111011111111101110000000110010011000001110000000000000000
0000000000000000112112111010111121111111111111111111111121111001000011011111111111010101010110000111211111111110110111101000011011101101110111110000000000000000
0000000000000000111110111101001111121121121111111111111111100000011111111111101010111010101010100012111211111111111101110100001111111111111111110000000000000000
0000000000000000112111211000000012111211111111121112111110000011110111101101011111111110100101010011112111111111111011111000101111111111111111110000000000000000
0000000000000000121112111111000021121211211111111121111100001011111111011011111111110101011101001000111211211111111111101000011111111111111111110000000000000000
0000000000000000212121111210100111211121111112121212121000101111111110110111111111111111111111011010011121111111111110111111111111111111111111110000000000000000
0000000000000000221111211111110112112111211121112121110010010111111101101111111211111111111111110101001111111111111111111111111111111111111112110000000000000000
0000000000000000111221211111111121211112112121112121110101011111121111011111121111121121121111111110000111121111111111111111111111121121112121120000000000000000
0000000000000000101212121211121212121211212121121212100100111111211110111211111112112112112121111110101001111211121111111111121112111211121111120000000000000000
0000000000000000222111122121111212121121121211211211011011111121211111112111111211212121211111111111110010212111111111111111211211112111111211110000000000000000
0000000000000000221101121222212121212112112121121211101011111212111111121111121121121211121111211111101001111121121121212111111112121121212112110000000000000000
0000000000000000221101112221221212121211121112121211110111112121211111211121211211211121211121112111111010111211211111121211211211211211121121210000000000000000
0000000000000000222222222222122121212121211211212110101111122121112112112112112112112112111211211211110110111211111211212121111121212112121211210000000000000000
0000000000000000212212121212212212121212112122121111111112212212121121212121111121121121112112112122111101011121121121121212121112121212112112120000000000000000
0000000000000000222122212122221221212121221211221110111121221211212121212111112111211211211211212121211111111211212121212212121121212121221221210000000000000000
0000000000000000221221221222122122121221212122122111111222122112122122121111211212112112121121121212121111101121121212122122212112121212212211210000000000000000
0000000000000000222212212212221221221212112212121201112221221212221221221121121121121211212121212121211111111111211222122221221211222122122122120000000000000000
0000000000000000222122122122222212212222121221212111122222212121222222211211212212121122121212121212121212111121122121222122212121221221222211120000000000000000
0000000000000000221221222222122222122221212122121111222222121212222212121121121212212211212121212121112111211111212212221222122212112222221121210000000000000000
0000000000000000222212222221222221222222121212212112122122212222222221212111112122121212121212121111121211111122122122212222221221212212122212220000000000000000
0000000000000000222122122122121212212212222222122111222222122122222221111111121212122122121211211111122111211121221222222221222122121122212122120000000000000000
0000000000000000222222221222222222222222212212221112222222212222222211111111111111212121212112111112222121121112122222222222212211222121221212220000000000000000
0000000000000000222222122222221221222222121222212211222222122222222110101101111111111211111111111121122212111121212122222222222222212212212122220000000000000000
0000000000000000222222222222122222221212222212222212222222122122221010101010101011111111111111111112112222211212121222222222222212122121221222120000000000000000
0000000000000000222122222222222222222221221222222212222222221222110101010101010111111111111111111111121322211112112222222221222222221222212212220000000000000000
0000000000000000222222222222222222222122122221221121222222222211100010101010101101010110111111111111211222121111212222222222222222212212121222220000000000000000
0000000000000000222122222222222222222222221212212112222222222110101001010101110101101101110110111111111222212121222222222222222122222221221212220000000000000000
0000000000000000222222122222221222122221212221221212122222222101000010010101011010111011101111110111111121211222221222322222222222222212112122220000000000000000
0000000000000000222121222212222222222212222122222111222222221010101000101010101011011111111101111111111212121122222222222322222222222121221222220000000000000000
0000000000000000221222212222222222222222222222222212222222210101010101011101010111111111011111111111112122112121222222222222222222222222122122220000000000000000
0000000000000000222221222222222222222222222222222111222322110101010111111111211111111111111111111110111221211212122222232222222222222212212222220000000000000000
0000000000000000222222222222222222222222222223222112222223110101011111112122222211111111111111111111111222112122222222222322222222222221222122120000000000000000
0000000000000000222222222222232222322232322222232121222322221010111111111222222222121111111112122211111222212222222222322222222322222222222222220000000000000000
0000000000000000222222222222222232222222222322222212222222222211111121222222222221212121112121222222212222122222222232223222222222322222222222220000000000000000
0000000000000000222222222232222222232323222222322212122221122232223222222222222222221212121222222222121222122222212222322222223222222222222222220000000000000000
0000000000000000222222222322322322322232232232222211111211011222322222122232222222222121222223222222222222122222122222223232222222222222222232220000000000000000
0000000000000000222222322223223223223222222322322221211111010112222111122222222222223232323232223222222222222222222222232222222232222222122322320000000000000000
0000000000000000223232222322232232322223232223232211111111010111221112112121222211222323232222322222222223222222222223222222322222222221222223220000000000000000
0000000000000000222322232223223323223222223232322221111120101001121111211212212121222222322222222222222222222222222221211122212221212111211222220000000000000000
0000000000000000332223222322323222232323232232222321111211010010121111121221221211222111222222122121221222212112121212112212121112111212122222320000000000000000
0000000000000000323232323232322332322232323223232231111111100101012111111112111111220011122222221212121222121212111121221121111211121121212223220000000000000000
0000000000000000332322322323223232323223223222323322111120101000101211111111111111211010122121222221211221212121221212112121222122112112222221220000000000000000
0000000000000000323223232232323232322332232332322232101111010101010112212212121212110101122212112111112111111212111111211111111211121121112122220000000000000000
0000000000000000332232323323232323223223232322323223111011010101011011011111111121101010112222221222211121112121212122112212202111112121122212220000000000000000
0000000000000000323223232232323232323232223223222322301111101010101111111111111110100101112111111111111121312222122121212121221221222212222112120000000000000000
0000000000000000332332322323232323232323232323233232220011010101010101011111111111010010111211111111111122222212222222122212222212222121212122220000000000000000
0000000000000000222222222222222222222232223222322222311111101010101010110101111101010101011121111111111212222122222221221222222222222222122222220000000000000000
0000000000000000111111121121212121212112121212121221211111101101010101011011111010100101111211211111111212121221222212122222212212222122222222220000000000000000
0000000000000000001010101010100101010110101111101111112111101010101010110111111101011011111112111111112211112112111121211111111121111211121112120000000000000000
0000000000000000001010010101010010101001010000010010122221110111011101101111011111111211121211111112111221110110101101011111111111111111111121110000000000000000
0000000000000000000100101000001010010010100101001001123221101101110111011101111122232121222212121121122222100000000000000000000000000000000100000000000000000000
0000000000000000001010100101010100100101001000100100223222110110101101110111011011212212232121112112112322100000000010000000000000000000001000000000000000000000
0000000000000000001001010010001001001000100101011011232222101101111111011101010111111222221211212121222222201011110000100010000000001001010001000000000000000000
0000000000000000010010001001010010100101010111122212232322111011101110111010101011111121212111121222123222221222111101000000010010100100101111110000000000000000
0000000000000000000100100100100100101010011121221122232232111111011101110111110111111211211121112212222322212222212110000100100101011011111111110000000000000000
0000000000000000001010010010001001010001111222322222232322210101111011101111111111111111121212212122132223222111212121111000001000101101111111110000000000000000
0000000000000000000001001001010010001011122122232222232323111111011111111111111111111112112222121221223232222222122212111111100101010111101111110000000000000000
0000000000000000000100000000000000100112122322222222232322311110111011111122212122222222222222222121323222332232223232221211111010101010111011110000000000000000
0000000000000000000000010001001011112221323232322222232323221101110111111121222212222222222222212212232323223322322323223121212101000101011111110000000000000000
0000000000000000000001000010111111222222222323232222323232321111101111011211110111111112121221221122323222322223223232232323221210101011101111210000000000000000
0000000000000000000010001111111112222222232332322222232323222111111111111111011111111211212112122213232323232322232323222222223122010110111111110000000000000000
0000000000000000000100011122222222222222323232323222323232331111111111111110110111122122111212212132323232323232323232323223222222100101111111110000000000000000
0000000000000000000000112222222222222222232323232223223232322121111111111101101111211211212121222223232323332323232323232232232222211010101111110000000000000000
0000000000000000000100122222222222222223223332323222232323232112111111110111011111122121211112122332323232323232323232323223222222222110100111110000000000000000
0000000000000000000001122222223223222222323232323223223232332111211111011010111111111111111212223232332323332323232323232323232222222210111111110000000000000000
0000000000000000001011122222232232232232232332323222323233232211121111110101101011111111111121232323232332323232323232323232322323222220110111110000000000000000
0000000000000000001111223222322323223223323323232323232322323211112111111010110101011111111213233233232323332323232323232323232322322211111111110000000000000000
0000000000000000012122222223223232323232232332323232223232332311112221111111010110111111111122332332323333233233232332323232323232222222110111110000000000000000
0000000000000000121222223232232323232323323323232322323223233221111222211101101101121111112233233232333232332332323232332323232323223222211111110000000000000000
0000000000000000222222222322323232323232233233323323232332323222111122222111111111212112121323323323323333323323232323323232323232232222222111100000000000000000
0000000000000000222222232323223223232323323323232232232323232331121122222211111112121212122323233233233323233233323332332332332322323232222211000000000000000000
0000000000000000222223223232232332323232232332332323232232323232211112223222212121222221223233332332333233323332323233233233223233232223222221110000000000000000
0000000000000000222232222323232323232323323323323232323323232323212112222222222222222222232323233323332332332323332323323323233232323232232222210000000000000000
0000000000000000222322323232323232323232332332332323323232323232321211212232222222222222323233323233323333233333232332332332332323232323223222220000000000000000
0000000000000000223223222323232323232323233233233232332323222223222121122222222222232323232332333333233323323232333233323323233232323232322323220000000000000000
0000000000000000232222232332323232323232332332332323233232211112322222121222232232323232323323323323333233233333323323233232332332332323232232220000000000000000
0000000000000000222323223232232323232323323323323232323332213322332222212212222323232323333233333233323332332323233233332333233233232332323232320000000000000000
0000000000000000332232232323323233323233233233233323233233212323233322222122232232323332323333233333233233323333332332323323323323233232323232230000000000000000
0000000000000000323223232332232332323323323332332323323332323232332332222222223223333232223323332332333323233233233323332332332332332323232323230000000000000000
0000000000000000332322323232323323232332332323323232332333323323323323322222322332323323332333323333323233332332333233233233233233233233233232320000000000000000
0000000000000000323232323323232332323233233333233323233233233233233232332332323233233323323333233323233332323333332332332332332332332332323323230000000000000000
0000000000000000332323232332323323332323323232332332323332333323332333233323332332333332333332333333332333333232323323323323333233233233233232330000000000000000
0000000000000000323232323233233233232332333323323233232323332332333323332332323323333233333233333232323323232333333233333233323323332323323323320000000000000000
0000000000000000332323232332323323323323323233233323323333233233233233323232333233333333233333323333333233333323323332323332333233233233233232330000000000000000
0000000000000000332322323323232332332332332332332332332323332332332332332333323333332332333233233323232333233233233323332323332332332332332333230000000000000000
0000000000000000332323232332323323233233233323323233233233233323323323323332333333323333332333333233333332332333333233323333233323333233323323330000000000000000
0000000000000000332323233233233233323323323233233323323323332332333333233323333323333332333332332332323323333332332333233232332333323332333233230000000000000000
0000000000000000332323232332323323233233233323332332332332323323233232333233332333333323323323323333333233323233323332332333333323233233323332330000000000000000
0000000000000000332332323323233233323323323233233233233233233233323333323333233333233233333233333232332333232333233323323323323333332333233233330000000000000000
0000000000000000332323232332332332332332332332332332323323332332332332333233333233333332332333232333323323323332333233333233333232323332333323230000000000000000
0000000000000000332332323323233233233233233323323323332332323323323323332333233332332333323332333323233233233233332333232333233333333323332333330000000000000000
0000000000000000332323233233323323323323323233233233233233233233233233323332332333333323233323323233332332333233233323323332332332332333323323330000000000000000
0000000000000000332332332332332332332332332333332332323323323323332333233323333332333233332333233332323323332323332333233323333323323332333233230000000000000000
0000000000000000332323323323233233323323323323233233233232332332323332333233323323332332323323332323333333233323323332333233332333333323323333330000000000000000
0000000000000000332333232332323323233233233233323323332333233323333233332333233333333333233333232332332332332332333233323333233332332333333232330000000000000000
0000000000000000332323323323332333332332332332332332323323323233233332333332333233323323332323223323323333323323323332333233333323323332332333330000000000000000
0000000000000000333233233233233232323323323323323323233232333323323323323323332333233233233232233233333323233333233323323332333233333323323332330000000000000000
0000000000000000332323323332323333233233233233233233323323323233233233333233323333333332322222323333233233332323332333233323333333233333333323330000000000000000
0000000000000000332332332323233232332332332332332332332332333332333332332333233332332323322333233323332332323333233323332333332332333233233233330000000000000000
0000000000000000333233233233323323323323323323323323233233232323323323323332333323323323232332333233323333233323332333233323323333332333332333230000000000000000
0000000000000000332323332332332333233233233233233233323232333333233333233323332333232232323323332333233323332233233323332333333323323332323332330000000000000000
0000000000000000332332323323233232332332332332332332332323323323332332333233323332322223333233323332333233222223332333233332333233333323333233330000000000000000
0000000000000000333233233233323323323323323323333233233233233233233333332333233322323232323333233323332332233322323323332333332333233233323332330000000000000000
0000000000000000332332332332332333233233233233323323323323332332333233233332333233233223333233333233323222332313233233233323323333332333233233330000000000000000
0000000000000000332323323332323323332332332332332332332332323323323332333233332323332332323332332333232322323322333332333233333332333332333333230000000000000000
0000000000000000333233232223233233233323323323323323323233333233233333323332333233233323333233323332323332233232232323332333233323332323332332330000000000000000
0000000000000000332332332112323323323233233233233233233323232332333233233323323323323333232333233322233233232332233333233332333233323333323323330000000000000000
0000000000000000333233221112323233233323232332332332332332333323323332333233333223233232333332332323223332332232223232333233323333233323333333330000000000000000
0000000000000000332332211122232332332332333233323323323323323233233323332333233233332333323323323233323232332233223333323333232223333233323233230000000000000000
0000000000000000333231121112323323323233232323233233233233233332333233333332332323233332333232223333233332233222223232333232332112232333233332330000000000000000
0000000000000000332312211212232332332332323332332332332332333233332333323323333323332333232323323323332323232222232333323333323222223332333233330000000000000000
0000000000000000322221111121233233233233233233233232323323332332323333233333323233233323323233232332333232222223323323333232332222222233323332330000000000000000
0000000000000000222221111001223333333333333333333333333333333333333333333333333333333333333223333333333322223333333333333333332222222213333333330000000000000000
