0000000000000000000000000000000000000000000000000000000000000000000000000000000000000000000000000000000000000000000000000000000000000000000000000000000000000000
0000000000000000000000000000000000000000000000000000000000000000000000000000000000000000000000000000000000000000000000000000000000000000000000000000000000000000
0000000000000000000000000000000000000000000000000000000000000000000000000000000000000000000000000000000000000000000000000000000000000000000000000000000000000000
0000000000000000000000000000000000000000000000000000000000000000000000000000000000000000000000000000000000000000000000000000000000000000000000000000000000000000
0000000000000000000000000000000000000000000000000000000000000000000000000000000000000000000000000000000000000000000000000000000000000000000000000000000000000000
0000000000000000000000000000000000000000000000000000000000000000000000000000000000000000000000000000000000000000000000000000000000000000000000000000000000000000
0000000000000000000000000000000000000000000000000000000000000000000000000000000000000000000000000000000000000000000000000000000000000000000000000000000000000000
0000000000000000000000000000000000000000000000000000000000000000000000000000000000000000000000000000000000000000000000000000000000000000000000000000000000000000
0000000000000000000000000000000000000000000000000000000000000000000000000000000000000000000000000000000000000000000000000000000000000000000000000000000000000000
0000000000000000000000000000000000000000000000000000000000000000000000000000000000000000000000000000000000000000000000000000000000000000000000000000000000000000
0000000000000000000000000000000000000000000000000000000000000000000000000000000000000000000000000000000000000000000000000000000000000000000000000000000000000000
0000000000000000000000000000000000000000000000000000000000000000000000000000000000000000000000000000000000000000000000000000000000000000000000000000000000000000
0000000000000000000000000000000000000000000000000000000000000000000000000000000000000000000000000000000000000000000000000000000000000000000000000000000000000000
0000000000000000000000000000000000000000000000000000000000000000000000000000000000000000000000000000000000000000000000000000000000000000000000000000000000000000
0000000000000000000000000000000000000000000000000000000000000000000000000000000000000000000000000000000000000000000000000000000000000000000000000000000000000000
0000000000000000000000000000000000000000000000000000000000000000000000000000000000000000000000000000000000000000000000000000000000000000000000000000000000000000
0000000000000000000000000000000000000000000000000000000000000000000000000000000000000000000000000000000000000000000000000000000000000000000000000000000000000000
0000000000000000000000000000000000000000000000000000000000000000000000000000000000000000000000000000000000000000000000000000000000000000000000000000000000000000
0000000000000000000000000000000000000000000000000000000000000000000000000000000000000000000000000000000000000000000000000000000000000000000000000000000000000000
0000000000000000000000000000000000000000000000000000000000000000000000000000000000000000000000000000000000000000000000000000000000000000000000000000000000000000
0000000000000000000000000000000000000000000000000000000000000000000000000000000000000000000000000000000000000000000000000000000000000000000000000000000000000000
0000000000000000000000000000000000000000000000000000000000000000000000000000000000000000000000000000000000000000000000000000000000000000000000000000000000000000
0000000000000000000000000000000000000000000000000000000000000000000000000000000000000000000000000000000000000000000000000000000000000000000000000000000000000000
0000000000000000000000000000000000000000000000000000000000000000000000000000000000000000000000000000000000000000000000000000000000000000000000000000000000000000
0000000000000000000000000000000000000000000000000000000000000000000000000000000000000000000000000000000000000000000000000000000000000000000000000000000000000000
0000000000000000000000000000000000000000000000000000000000000000000000000000000000000000000000000000000000000000000000000000000000000000000000000000000000000000
0000000000000000000000000000000000000000000000000000000000000000000000000000000000000000000000000000000000000000000000000000000000000000000000000000000000000000
0000000000000000000000000000000000000000000000000000000000000000000000000000000000000000000000000000000000000000000000000000000000000000000000000000000000000000
0000000000000000000000000000000000000000000000000000000000000000000000000000000000000000000000000000000000000000000000000000000000000000000000000000000000000000
0000000000000000000000000000000000000000000000000000000000000000000000000000000000000000000000000000000000000000000000000000000000000000000000000000000000000000
0000000000000000000000000000000000000000000000000000000000000000000000000000000000000000000000000000000000000000000000000000000000000000000000000000000000000000
0000000000000000000000000000000000000000000000000000000000000000000000000000000000000000000000000000000000000000000000000000000000000000000000000000000000000000
0000000000000000000000000000000000000000000000000000000000000000000000000000000000000000000000000000000000000000000000000000000000000000000000000000000000000000
0000000000000000000000000000000000000000000000000000000000000000000000000000000000000000000000000000000000000000000000000000000000000000000000000000000000000000
0000000000000000000000000000000000000000000000000000000000000000000000000000000000000000000000000000000000000000000000000000000000000000000000000000000000000000
0000000000000000000000000000000000000000000000000000000000000000000000000000000000000000000000000000033033033333000000000000000000000000000000000000000000000000
0000000000000000000000000000000000000000000000000000000000000000000000000000000000000000000000000000033033033333330000000000000000000000000000000000000000000000
0000000000000000000000000000000000000000000000000000003300000000000000000000000000000000000000000000000000000000330000000000000000000000000000000000000000000000
0000000000000000000000000000000000000000000000000000003300000000000000000000000000000000000000000000000000000000000000000000000000000000000000000000000000000000
0000000000000000000000000000000000000000000000000000000000000000000000000000000000003333000000000000000000000000330000000000000000000000000000000000000000000000
0000000000000000000000000000000000000000000000000000000000000000000000000000000000003333000000000000000000000000330000000000000000000000000000000000000000000000
0000000000000000000000000000000000000000000000000000000000000000000000000000000000000000000000000000000000000000000000000000000000000000000000000000000000000000
0000000000000000000000000000000000000000000000000000000000000000000000000000000003300000000000000000000000000000330000000000000000000000000000000000000000000000
0000000000000000000000000000000000000000000000000000000000000000000000000000000003300000000000000000000000000000330000000000000000000000000000000000000000000000
0000000000000000000000000000000000000000000000000000000000000000000000000000000000000000000000000000000000000000330000000000000000000000000000000000000000000000
0000000000000000000000000000000000000000000000000000000000000000000000000000003330000000000000000000000000000000330000000000000000000000000000000000000000000000
0000000000000000000000000000000000000000000000000000000000000000000000000000003330000000000000000000000000000000000000000000000000000000000000000000000000000000
0000000000000000000000000000000000000000000000000000000000000000000000000000000330000000000000000000000000000033000000000000000000000000000000000000000000000000
0000000000000000000000000000000000000000000000000000000000000033003300033033333330000000000000000000000000000033000000000000000000000000000000000000000000000000
0000000000000000000000000000000000000000000000000000000000000033003300033033333333300000000000000000000000000000000000000000000000000000000000000000000000000000
0000000000000000000000000000000000000000000000000000003300000000000000000033000003300000000000000000000000000330000000000000000000000000000000000000000000000000
0000000000000000000000000000000000000000000000003300003300000000000000000000000000033330000000000000000000000330000000000000000000000000000000000000000000000000
0000000000000000000000000000000000000000000000003300000000000000000000033000000330033333000000000000000000033000000000000000000000000000000000000000000000000000
0000000000000000000000000000000000000000000003300000000000000000000000033000000330000033000000000000000000333000000000000000000000000000000000000000000000000000
0000000000000000000000000000000000000000000003300000000000000000000000000000000330000033000000000000000000330000000000000000000000000000000000000000000000000000
0000000000000000000000000000000000000000000000000000000000000000000000000000000330000033000000000000000000333000000000000000000000000000000000000000000000000000
0000000000000000000000000000000000000000000000000000000000000000000000000000000330000000000033003333000000033033000000000000000000000000000000000000000000000000
0000000000000000000000000000000000000003300000000000000000000000000000000000033000000000000033003333000000000033000330000000000000000000000000000000000000000000
0000000000000000000000000000000000000003300000000000000000000000033000000000033003330033000000000000000000000000000330000000000000000000000000000000000000000000
0000000000000000000000000000000000000000000000000000000000000000033000000000033003330033000000000033000000000000000003300000000000000000000000000000000000000000
0000000000000000000000000000000000000000000000000000000000000000000000000000000000000000000000000033000000000000000003300000000000000000000000000000000000000000
0000000000000000000000000000000000000003300000000000000000000003300000000000000000000000000000000000000000000000000000003300000000000000000000000000000000000000
0000000000000000000000000000000000000003300000000000000000000003300000000033000033000333330000000000000000000000000000003300000000000000000000000000000000000000
0000000000000000000000000000000000000000000000000000000000000000000000000033000033000333330000000000000000000000000000000000000000000000000000000000000000000000
0000000000000000000000000000000000000000000000000000000000003300000000033000000000000000000000000000000000000000000000000000000000000000000000000000000000000000
0000000000000000000000000000000000000003300000000000000000333300000000033033000003300000000000033000000000000000000000000330000000000000000000000000000000000000
0000000000000000000000000000000000000003300000000000000000330000000000000033000003300000000000033000000000000000000000000330000000000000000000000000000000000000
0000000000000000000000000000000000000000000000000000000330000000003300000000000000000000000000000000000000000000000000000330000000000000000000000000000000000000
0000000000000000000000000000000000000000333303330333333330000000003333000000033000000000000000000000000000000000000000000330000000000000000000000000000000000000
0000000000000000000000000000000000000000333303330333333300000000000033000000033000000000000000000000000000000000000000000000000000000000000000000000000000000000
0000000000000000000000000000000000000000000000000000000000003300000000000000000000000000000000000000000000333000000000000330000000000000000000000000000000000000
0000000000000000000000000000000000000000000000000000003330333300000000000330000000000000003300000000003330333000000000000330000000000000000000000000000000000000
0000000000000000000000000000000000000000000000000000003330333300000000000330000000000000003300000000003330000000000000000330000000000000000000000000000000000000
0000000000000000000000000000000000000000000000000000000000000000000000000000000000000000000000000033330000000000000000000330000000000000000000000000000000000000
0000000000000000000000000000000000000000000000000000000000000000000000330000000000000000000000000033330000000000000000000330000000000000000000000000000000000000
0000000000000000000000000000000000000000000000000000000000000000000000330000000000000033000003300000000000000000000000000333000000000000000000000000000000000000
0000000000000000000000000000000000000000000000000000000000000000000000330000000000000033000003303300000000000000000000000333033330000000000000000000000000000000
0000000000000000000000000000000000000000000000000000000000000000000003300000000000000000000003303300000000000000000000000000033330333000000000000000000000000000
0000000000000000000000000000000000000000000000000000000000000000000003300000000000000000000003300000000000000000000000000000000000333000000000000000000000000000
0000000000000000000000000000000000000000000000000000000000000000000000000000000000000000000330000003333000000000000000000000000000000000000000000000000000000000
0000000000000000000000000000000000000000000000000000000000000000000000000000000000003300000333303333333000000000000000000000000000003300000000000000000000000000
0000000000000000000000000000000000000000000000000000000000000000000000000000000000003300000333303333033000000000000000000000000000003300000000000000000000000000
0000000000000000000000000000000000000000000000000000000000000000000000000000000000003300000000000000033000000000000000000000000000000000000000000000000000000000
0000000000000000000000000000000000000000000000000000000000000000000000000000000000033000000000000000333330333333000000000000000000000000000000000000000000000000
0000000000000000000000000000000000000000000000000000000000000000000000000000000000033000000000000000333330333333000000000000000000000000000000000000000000000000
0000000000000000000000000000000000000000000000000000000000000000000000000000000000033330003303330000000000000330000000000000000000000000000000000000000000000000
0000000000000000000000000000000000000000000000000000000000000000000000000000000000000330003303333300000000000330000000000000000000003300000000000000000000000000
0000000000000000000000000000000000000000000000000000000000000000000000000000000000000000000000003300000000033000000000000000000000003300000000000000000000000000
0000000000000000000000000000000000000000000000000000000000000000000000000000000000000000000000003300000000333000000000000000000000000000000000000000000000000000
0000000000000000000000000000000000000000000000000000000000000000000000000000000000000000000000000000000000330000000000000000000000000000000000000000000000000000
0000000000000000000000000000000000000000000000000000000000000000000000000000000000000000000000003300000033000000000000000000000000003300000000000000000000000000
0000000000000000000000000000000000000000000000000000000000000000000000000000000000000000000000003300000033000000000000000000000000003300000000000000000000000000
0000000000000000000000000000000000000000000000000000000000000000000000000000000000000000000000000000000333330000000000000000000000000000000000000000000000000000
0000000000000000000000000000000000000000000000000000000000000000000000000000000000000000000000000000000333330000000000000000000000000000000000000000000000000000
0000000000000000000000000000000000000000000000000000000000000000000000000000000000000000000000003300000000000000000000000000000000000000000000000000000000000000
0000000000000000000000000000000000000000000000000000000000000000000000000000000000000000000000003300000000000000000000000000000000003300000000000000000000000000
0000000000000000000000000000000000000000000000000000000000000000000000000000000000000000000000000000000000000000000000000000000000003300000000000000000000000000
0000000000000000000000000000000000000000000000000000000000000000000000000000000000000000000000033000000000000000000000000000000000000000000000000000000000000000
0000000000000000000000000000000000000000000000000000000000000000000000000000000000000000000000033000000000000000000000000000000000000000000000000000000000000000
0000000000000000000000000000000000000000000000000000000000000000000000000000000000000000000000000000000000000000000000000000000000000000000000000000000000000000
0000000000000000000000000000000000000000000000000000000000000000000000000000000000000000000000330000000000000000000000000000000000000330000000000000000000000000
0000000000000000000000000000000000000000000000000000000000000000000000000000000000000000000000330000000000000000000000000000000000000330000000000000000000000000
0000000000000000000000000000000000000000000000000000000000000000000000000000000000000000000000000000000000000000000000000000000000000000000000000000000000000000
0000000000000000000000000000000000000000000000000000000000000000000000000000000000000000000033000000000000000000000000000000000000000330000000000000000000000000
0000000000000000000000000000000000000000000000000000000000000000000000000000000000000000000033000000000000000000000000000000000000000330000000000000000000000000
0000000000000000000000000000000000000000000000000000000000000000000000000000000000000000000033330330330003300000000000000000000000000000330000000000000000000000
0000000000000000000000000000000000000000000000000000000000000000000000000000000000000000000033330330330003333300000000000000000000000000330000000000000000000000
0000000000000000000000000000000000000000000000000000000000000000000000000000000000000000000000000000000000333330000000000000000000000000000000000000000000000000
0000000000000000000000000000000000000000000000000000000000000000000000000000000000000000000000000000000000000330000000000000000000000000000000000000000000000000
0000000000000000000000000000000000000000000000000000000000000000000000000000000000000000000000000000000000000000000000000000000000000000000000000000000000000000
0000000000000000000000000000000000000000000000000000000000000000000000000000000000000000000000000000000000000000000000000000000000000000000000000000000000000000
0000000000000000000000000000000000000000000000000000000000000000000000000000000000000000000000000000000000000000000000000000000000000000000000000000000000000000
0000000000000000000000000000000000000000000000000000000000000000000000000000000000000000000000000000000000000000000000000000000000000000000000000000000000000000
0000000000000000000000000000000000000000000000000000000000000000000000000000000000000000000000000000000000000000000000000000000000000000000000000000000000000000
0000000000000000000000000000000000000000000000000000000000000000000000000000000000000000000000000000000000000000000000000000000000000000000000000000000000000000
0000000000000000000000000000000000000000000000000000000000000000000000000000000000000000000000000000000000000000000000000000000000000000000000000000000000000000
0000000000000000000000000000000000000000000000000000000000000000000000000000000000000000000000000000000000000000000000000000000000000000000000000000000000000000
0000000000000000000000000000000000000000000000000000000000000000000000000000000000000000000000000000000000000000000000000000000000000000000000000000000000000000
0000000000000000000000000000000000000000000000000000000000000000000000000000000000000000000000000000000000000000000000000000000000000000000000000000000000000000
0000000000000000000000000000000000000000000000000000000000000000000000000000000000000000000000000000000000000000000000000000000000000000000000000000000000000000
0000000000000000000000000000000000000000000000000000000000000000000000000000000000000000000000000000000000000000000000000000000000000000000000000000000000000000
0000000000000000000000000000000000000000000000000000000000000000000000000000000000000000000000000000000000000000000000000000000000000000000000000000000000000000
0000000000000000000000000000000000000000000000000000000000000000000000000000000000000000000000000000000000000000000000000000000000000000000000000000000000000000
0000000000000000000000000000000000000000000000000000000000000000000000000000000000000000000000000000000000000000000000000000000000000000000000000000000000000000
0000000000000000000000000000000000000000000000000000000000000000000000000000000000000000000000000000000000000000000000000000000000000000000000000000000000000000
0000000000000000000000000000000000000000000000000000000000000000000000000000000000000000000000000000000000000000000000000000000000000000000000000000000000000000
0000000000000000000000000000000000000000000000000000000000000000000000000000000000000000000000000000000000000000000000000000000000000000000000000000000000000000
0000000000000000000000000000000000000000000000000000000000000000000000000000000000000000000000000000000000000000000000000000000000000000000000000000000000000000
