0000000000000033003300003300003333000033000333300003333000033000033330000330033003300330000330000003300003333330033333300033003333330033000033003300000000000000
0000000000000033003300003300003333000033000333300003333000033000033330000330033003300330000330000003300003333330033333300033003333330033000033003300000000000000
0000000000000033003300003300003333000033000333300003333000033000033330000330033003300330000330000003300003333330033333300033003333330033000033003300000000000000
0000000000000033003300003300003333000033000333300003333000033000033330000330033003300330000330000003300003333330033333300033003333330033000033003300000000000000
0000000000000033003300003300003333000033000333300003333000033000033330000330033003300330000330000003300003333330033333300033003333330033000033003300000000000000
0000000000000033003300003300003333000033000333300003333000033000033330000330033003300330000330000003300003333330033333300033003333330033000033003300000000000000
0000000000000033003300003300003333000033000333300003333000033000033330000330033003300330000330000003300003333330033333300033003333330033000033003300000000000000
0000000000000033003300003300003333000033000333300003333000033000033330000330033003300330000330000003300003333330033333300033003333330033000033003300000000000000
0000000000000033003300003300003333000033000333300003333000033000033330000330033003300330000330000003300003333330033333300033003333330033000033003300000000000000
0000000000000033003300003300003333000033000333300003333000033000033330000330033003300330000330000003300003333330033333300033003333330033000033003300000000000000
0000000000000033003300003300003333000033000333300003333000033000033330000330033003300330000330000003300003333330033333300033003333330033000033003300000000000000
0000000000000033003300003300003333000033000333300003333000033000033330000330033003300330000330000003300003333330033333300033003333330033000033003300000000000000
0000000000000033003300003300003333000033000333300003333000033000033330000330033003300330000330000003300003333330033333300033003333330033000033003300000000000000
0000000000000033003300003300003333000033000333300003333000033000033330000330033003300330000330000003300003333330033333300033003333330033000033003300000000000000
0000000000000033003300003300003333000033000333300003333000033000033330000330033003300330000330000003300003333330033333300033003333330033000033003300000000000000
0000000000000033003300003300003333000033000333300003333000033000033330000330033003300330000330000003300003333330033333300033003333330033000033003300000000000000
0000000000000033003300003300003333000033000333300003333000033000033330000330033003300330000330000003300003333330033333300033003333330033000033003300000000000000
0000000000000033003300003300003333000033000333300003333000033000033330000330033003300330000330000003300003333330033333300033003333330033000033003300000000000000
0000000000000033003300003300003333000033000333300003333000033000033330000330033003300330000330000003300003333330033333300033003333330033000033003300000000000000
0000000000000033003300003300003333000033000333300003333000033000033330000330033003300330000330000003300003333330033333300033003333330033000033003300000000000000
0000000000000033003300003300003333000033000333300003333000033000033330000330033003300330000330000003300003333330033333300033003333330033000033003300000000000000
0000000000000033003300003300003333000033000333300003333000033000033330000330033003300330000330000003300003333330033333300033003333330033000033003300000000000000
0000000000000033003300003300003333000033000333300003333000033000033330000330033003300330000330000003300003333330033333300033003333330033000033003300000000000000
0000000000000033003300003300003333000033000333300003333000033000033330000330033003300330000330000003300003333330033333300033003333330033000033003300000000000000
0000000000000033003300003300003333000033000333300003333000033000033330000330033003300330000330000003300003333330033333300033003333330033000033003300000000000000
0000000000000033003300003300003333000033000333300003333000033000033330000330033003300330000330000003300003333330033333300033003333330033000033003300000000000000
0000000000000033003300003300003333000033000333300003333000033000033330000330033003300330000330000003300003333330033333300033003333330033000033003300000000000000
0000000000000033003300003300003333000033000333300003333000033000033330000330033003300330000330000003300003333330033333300033003333330033000033003300000000000000
0000000000000033003300003300003333000033000333300003333000033000033330000330033003300330000330000003300003333330033333300033003333330033000033003300000000000000
0000000000000033003300003300003333000033000333300003333000033000033330000330033003300330000330000003300003333330033333300033003333330033000033003300000000000000
0000000000000033003300003300003333000033000333300003333000033000033330000330033003300330000330000003300003333330033333300033003333330033000033003300000000000000
0000000000000033003300003300003333000033000333300003333000033000033330000330033003300330000330000003300003333330033333300033003333330033000033003300000000000000
0000000000000033003300003300003333000033000333300003333000033000033330000330033003300330000330000003300003333330033333300033003333330033000033003300000000000000
0000000000000033003300003300003333000033000333300003333000033000033330000330033003300330000330000003300003333330033333300033003333330033000033003300000000000000
0000000000000033003300003300003333000033000333300003333000033000033330000330033003300330000330000003300003333330033333300033003333330033000033003300000000000000
0000000000000033003300003300003333000033000333300003333000033000033330000330033003300330000330000003300003333330033333300033003333330033000033003300000000000000
0000000000000033003300003300003333000033000333300003333000033000033330000330033003300330000330000003300003333330033333300033003333330033000033003300000000000000
0000000000000033003300003300003333000033000333300003333000033000033330000330033003300330000330000003300003333330033333300033003333330033000033003300000000000000
0000000000000033003300003300003333000033000333300003333000033000033330000330033003300330000330000003300003333330033333300033003333330033000033003300000000000000
0000000000000033003300003300003333000033000333300003333000033000033330000330033003300330000330000003300003333330033333300033003333330033000033003300000000000000
0000000000000033003300003300003333000033000333300003333000033000033330000330033003300330000330000003300003333330033333300033003333330033000033003300000000000000
0000000000000033003300003300003333000033000333300003333000033000033330000330033003300330000330000003300003333330033333300033003333330033000033003300000000000000
0000000000000033003300003300003333000033000333300003333000033000033330000330033003300330000330000003300003333330033333300033003333330033000033003300000000000000
0000000000000033003300003300003333000033000333300003333000033000033330000330033003300330000330000003300003333330033333300033003333330033000033003300000000000000
0000000000000033003300003300003333000033000333300003333000033000033330000330033003300330000330000003300003333330033333300033003333330033000033003300000000000000
0000000000000033003300003300003333000033000333300003333000033000033330000330033003300330000330000003300003333330033333300033003333330033000033003300000000000000
0000000000000033003300003300003333000033000333300003333000033000033330000330033003300330000330000003300003333330033333300033003333330033000033003300000000000000
0000000000000033003300003300003333000033000333300003333000033000033330000330033003300330000330000003300003333330033333300033003333330033000033003300000000000000
0000000000000033003300003300003333000033000333300003333000033000033330000330033003300330000330000003300003333330033333300033003333330033000033003300000000000000
0000000000000033003300003300003333000033000333300003333000033000033330000330033003300330000330000003300003333330033333300033003333330033000033003300000000000000
0000000000000033003300003300003333000033000333300003333000033000033330000330033003300330000330000003300003333330033333300033003333330033000033003300000000000000
0000000000000033003300003300003333000033000333300003333000033000033330000330033003300330000330000003300003333330033333300033003333330033000033003300000000000000
0000000000000033003300003300003333000033000333300003333000033000033330000330033003300330000330000003300003333330033333300033003333330033000033003300000000000000
0000000000000033003300003300003333000033000333300003333000033000033330000330033003300330000330000003300003333330033333300033003333330033000033003300000000000000
0000000000000033003300003300003333000033000333300003333000033000033330000330033003300330000330000003300003333330033333300033003333330033000033003300000000000000
0000000000000033003300003300003333000033000333300003333000033000033330000330033003300330000330000003300003333330033333300033003333330033000033003300000000000000
0000000000000033003300003300003333000033000333300003333000033000033330000330033003300330000330000003300003333330033333300033003333330033000033003300000000000000
0000000000000033003300003300003333000033000333300003333000033000033330000330033003300330000330000003300003333330033333300033003333330033000033003300000000000000
0000000000000033003300003300003333000033000333300003333000033000033330000330033003300330000330000003300003333330033333300033003333330033000033003300000000000000
0000000000000033003300003300003333000033000333300003333000033000033330000330033003300330000330000003300003333330033333300033003333330033000033003300000000000000
0000000000000033003300003300003333000033000333300003333000033000033330000330033003300330000330000003300003333330033333300033003333330033000033003300000000000000
0000000000000033003300003300003333000033000333300003333000033000033330000330033003300330000330000003300003333330033333300033003333330033000033003300000000000000
0000000000000033003300003300003333000033000333300003333000033000033330000330033003300330000330000003300003333330033333300033003333330033000033003300000000000000
0000000000000033003300003300003333000033000333300003333000033000033330000330033003300330000330000003300003333330033333300033003333330033000033003300000000000000
0000000000000033003300003300003333000033000333300003333000033000033330000330033003300330000330000003300003333330033333300033003333330033000033003300000000000000
0000000000000033003300003300003333000033000333300003333000033000033330000330033003300330000330000003300003333330033333300033003333330033000033003300000000000000
0000000000000033003300003300003333000033000333300003333000033000033330000330033003300330000330000003300003333330033333300033003333330033000033003300000000000000
0000000000000033003300003300003333000033000333300003333000033000033330000330033003300330000330000003300003333330033333300033003333330033000033003300000000000000
0000000000000033003300003300003333000033000333300003333000033000033330000330033003300330000330000003300003333330033333300033003333330033000033003300000000000000
0000000000000033003300003300003333000033000333300003333000033000033330000330033003300330000330000003300003333330033333300033003333330033000033003300000000000000
0000000000000033003300003300003333000033000333300003333000033000033330000330033003300330000330000003300003333330033333300033003333330033000033003300000000000000
0000000000000033003300003300003333000033000333300003333000033000033330000330033003300330000330000003300003333330033333300033003333330033000033003300000000000000
0000000000000033003300003300003333000033000333300003333000033000033330000330033003300330000330000003300003333330033333300033003333330033000033003300000000000000
0000000000000033003300003300003333000033000333300003333000033000033330000330033003300330000330000003300003333330033333300033003333330033000033003300000000000000
0000000000000033003300000000000000000000000000000000000000000000000000000000033003300000000000000000000000000000000000000000000000000000000033003300000000000000
0000000000000033003300000000000000000000000000000000000000000000000000000000033003300000000000000000000000000000000000000000000000000000000033003300000000000000
0000000000000033003300000000000000000000000000000000000000000000000000000000033003300000000000000000000000000000000000000000000000000000000033003300000000000000
0000000000000033003300000000000000000000000000000000000000000000000000000000033003300000000000000000000000000000000000000000000000000000000033003300000000000000
0000000000000033003300000000033331000000333310000000000200000000000200000000033003300000000033320000000333333200000033320000000333200000000033003300000000000000
0000000000000033003300000001333333200001333332000000003300000000003300000000033003300000001333333000000333333300001333330000023333330000000033003300000000000000
0000000000000033003300000003300002310003000023100000133200000000133200000000033003300000003300013200001300000000003300012000033000033000000033003300000000000000
0000000000000033003300000023000000320023000003200002322300000002322300000000033003300000013000002200002200000000013000002000230000003100000033003300000000000000
0000000000000033003300000022000000220022000002200013102200000013102200000000033003300000013000002200002200000000022000003100320000002200000033003300000000000000
0000000000000033003300000000000000220000000002200000002200000000002200000000033003300000003300013200003113331000022000003100220000002300000033003300000000000000
0000000000000033003300000000000002200000000022000000002200000000002200000000033003300000000233332000013333333200032000002200230000003200000033003300000000000000
0000000000000000000000000000000013000000000130000000002200000000002200000000000000000000001333332000013100001310022000003100132000033300000000000000000000000000
0000000000000000000000000000000230000000002300000000002200000000002200000000000000000000013200003300000000000220032000002200023333312200000000000000000000000000
0000000000000000000000000000002300000000023000000000002200000000002200000000000000000000023000000310000000000220022000003100001333002200000000000000000000000000
0000000000000000000000000000032000000000320000000000002200000000002200000000000000000000032000000320000000000220022000003100000000003200000000000000000000000000
0000000000000000000000000001310000000001100000000000002200000000002200000000000000000000022000000310022000000220023000002000130000013000000000000000000000000000
0000000000000000000000000003200000000003000000000000002200000000002200000000000000000000013200003300013200002300003300012000032000133000000000000000000000000000
0000000000000000000000000023333333320023333333200000002300000000002200000000000000000000002333333100002333333100001333330000023333330000000000000000000000000000
0000000000000000000000000033333333320033333333200000001200000000002200000000000000000000000133330000000133320000000033320000001333200000000000000000000000000000
0000000000000000000000000000000000000000000000000000000000000000000000000000000000000000000000000000000000000000000000000000000000000000000000000000000000000000
0000000000000000000000000000000000000000000000000000000000000000000000000000000000000000000000000000000000000000000000000000000000000000000000000000000000000000
0000000000000000000000000000000000000000000000000000000000000000000000000000000000000000000000000000000000000000000000000000000000000000000000000000000000000000
0000000000000000000000000000000000000000000000000000000000000000000000000000000000000000000000000000000000000000000000000000000000000000000000000000000000000000
0000000000000000000000000000000000000000000000000000000000000000000000000000000000000000000000000000000000000000000000000000000000000000000000000000000000000000
