0000000000000000000000000000000000000000000000000000000000000000000000000000000000000000000000000000000000000000000000000000000000000000000000000000000000000000
0000000000000000000000000000000000000000000000000000000000000000000000000000000000000000000000000000000000000000000000000000000000000000000000000000000000000000
0000000000000000000000000000000000000000000000000000000000000000000000000000000000000000000000000000000000000000000000000000000000000000000000000000000000000000
0000000000000000000000000000000000000000000000000000000000000000000000000000000000000000000000000000000000000000000000000000000000000000000000000000000000000000
0000000000000000000000000000000000000000000000000000000000000000000000000000000000000000000000000000000000000000000000000000000000000000000000000000000000000000
0000000000000000000000000000000000000000000000000000000000000000000000000000000000000000000000000000000000000000000000000000000000000000000000000000000000000000
0000000000000000000000000000000000000000000000000000000000000000000000000000000000000000000000000000000000000000000000000000000000000000000000000000000000000000
0000000000000000000000000000000000000000000000000000000000000000000000000000000000000000000000000000000000000000000000000000000000000000000000000000000000000000
0000000000000000000000000000000000000000000000000000000000000000000000000000000000000000000000000000000000000000000000000000000000000000000000000000000000000000
0000000000000000000000000000000000000000000000000000000000000000000000000000000000000000000000000000000000000000000000000000000000000000000000000000000000000000
0000000000333333333333333333333333333333333300000000003333000000000000000333330000000003333333333000000000333330000033333333333333333333333333333333330000000000
0000000000333333333333333333333333333333333300000000003333000000000000000333330000000003333333333000000000333330000033333333333333333333333333333333330000000000
0000000000333333333333333333333333333333333300000000003333000000000000000333330000000003333333333000000000333330000033333333333333333333333333333333330000000000
0000000000333333333333333333333333333333333300000000003333000000000000000333330000000003333333333000000000333330000033333333333333333333333333333333330000000000
0000000000333333333333333333333333333333333300000000003333000000000000000333330000000003333333333000000000333330000033333333333333333333333333333333330000000000
0000000000333330000000000000000000000003333300000333333333000003333333333000000000333330000000000333330000000000000033333000000000000000000000000333330000000000
0000000000333330000000000000000000000003333300000333333333000003333333333000000000333330000000000333330000000000000033333000000000000000000000000333330000000000
0000000000333330000000000000000000000003333300000333333333000003333333333000000000333330000000000333330000000000000033333000000000000000000000000333330000000000
0000000000333330000000000000000000000003333300000333333333000003333333333000000000333330000000000333330000000000000033333000000000000000000000000333330000000000
0000000000333330000000000000000000000003333300000333333333000003333333333000000000333330000000000333330000000000000033333000000000000000000000000333330000000000
0000000000333330000033333333333333000003333300000000003333333333333300000000003333000003333300000333333333000000000033333000003333333333333300000333330000000000
0000000000333330000033333333333333000003333300000000003333333333333300000000003333000003333300000333333333000000000033333000003333333333333300000333330000000000
0000000000333330000033333333333333000003333300000000003333333333333300000000003333000003333300000333333333000000000033333000003333333333333300000333330000000000
0000000000333330000033333333333333000003333300000000003333333333333300000000003333000003333300000333333333000000000033333000003333333333333300000333330000000000
0000000000333330000033333333333333000003333300000000003333333333333300000000003333000003333300000333333333000000000033333000003333333333333300000333330000000000
0000000000333330000033333333333333000003333300000333333333000003333300000000003333333333333333333000003333333330000033333000003333333333333300000333330000000000
0000000000333330000033333333333333000003333300000333333333000003333300000000003333333333333333333000003333333330000033333000003333333333333300000333330000000000
0000000000333330000033333333333333000003333300000333333333000003333300000000003333333333333333333000003333333330000033333000003333333333333300000333330000000000
0000000000333330000033333333333333000003333300000333333333000003333300000000003333333333333333333000003333333330000033333000003333333333333300000333330000000000
0000000000333330000033333333333333000003333300000333333333000003333300000000003333333333333333333000003333333330000033333000003333333333333300000333330000000000
0000000000333330000033333333333333000003333300000000000000333330000033333000003333000000000000000000000000333330000033333000003333333333333300000333330000000000
0000000000333330000033333333333333000003333300000000000000333330000033333000003333000000000000000000000000333330000033333000003333333333333300000333330000000000
0000000000333330000033333333333333000003333300000000000000333330000033333000003333000000000000000000000000333330000033333000003333333333333300000333330000000000
0000000000333330000033333333333333000003333300000000000000333330000033333000003333000000000000000000000000333330000033333000003333333333333300000333330000000000
0000000000333330000000000000000000000003333300000333330000333330000000000333333333333333333333333000000000333330000033333000000000000000000000000333330000000000
0000000000333330000000000000000000000003333300000333330000333330000000000333333333333333333333333000000000333330000033333000000000000000000000000333330000000000
0000000000333330000000000000000000000003333300000333330000333330000000000333333333333333333333333000000000333330000033333000000000000000000000000333330000000000
0000000000333330000000000000000000000003333300000333330000333330000000000333333333333333333333333000000000333330000033333000000000000000000000000333330000000000
0000000000333330000000000000000000000003333300000333330000333330000000000333333333333333333333333000000000333330000033333000000000000000000000000333330000000000
0000000000333333333333333333333333333333333300000333330000333330000033333000003333000003333300000333330000333330000033333333333333333333333333333333330000000000
0000000000333333333333333333333333333333333300000333330000333330000033333000003333000003333300000333330000333330000033333333333333333333333333333333330000000000
0000000000333333333333333333333333333333333300000333330000333330000033333000003333000003333300000333330000333330000033333333333333333333333333333333330000000000
0000000000333333333333333333333333333333333300000333330000333330000033333000003333000003333300000333330000333330000033333333333333333333333333333333330000000000
0000000000333333333333333333333333333333333300000333330000333330000033333000003333000003333300000333330000333330000033333333333333333333333333333333330000000000
0000000000000000000000000000000000000000000000000000000000000000000033333000003333333330000000000333333333333330000000000000000000000000000000000000000000000000
0000000000000000000000000000000000000000000000000000000000000000000033333000003333333330000000000333333333333330000000000000000000000000000000000000000000000000
0000000000000000000000000000000000000000000000000000000000000000000033333000003333333330000000000333333333333330000000000000000000000000000000000000000000000000
0000000000000000000000000000000000000000000000000000000000000000000033333000003333333330000000000333333333333330000000000000000000000000000000000000000000000000
0000000000000000000000000000000000000000000000000000000000000000000033333000003333333330000000000333333333333330000000000000000000000000000000000000000000000000
0000000000333333333333333333333333000003333333333333333333333330000033333333333333000003333300000000000000333333333300000333330000333330000033333000000000000000
0000000000333333333333333333333333000003333333333333333333333330000033333333333333000003333300000000000000333333333300000333330000333330000033333000000000000000
0000000000333333333333333333333333000003333333333333333333333330000033333333333333000003333300000000000000333333333300000333330000333330000033333000000000000000
0000000000333333333333333333333333000003333333333333333333333330000033333333333333000003333300000000000000333333333300000333330000333330000033333000000000000000
0000000000333333333333333333333333000003333333333333333333333330000033333333333333000003333300000000000000333333333300000333330000333330000033333000000000000000
0000000000000003333333333333333333333330000000000333333333000000000000000333333333000000000000000333333333000000000000000333333333333330000033333333330000000000
0000000000000003333333333333333333333330000000000333333333000000000000000333333333000000000000000333333333000000000000000333333333333330000033333333330000000000
0000000000000003333333333333333333333330000000000333333333000000000000000333333333000000000000000333333333000000000000000333333333333330000033333333330000000000
0000000000000003333333333333333333333330000000000333333333000000000000000333333333000000000000000333333333000000000000000333333333333330000033333333330000000000
0000000000000000000033333000003333333333333300000000003333000003333333333000000000333330000000000333330000000000000000000000003333333330000000000000000000000000
0000000000000000000033333000003333333333333300000000003333000003333333333000000000333330000000000333330000000000000000000000003333333330000000000000000000000000
0000000000000000000033333000003333333333333300000000003333000003333333333000000000333330000000000333330000000000000000000000003333333330000000000000000000000000
0000000000000000000033333000003333333333333300000000003333000003333333333000000000333330000000000333330000000000000000000000003333333330000000000000000000000000
0000000000000000000033333000003333333333333300000000003333000003333333333000000000333330000000000333330000000000000000000000003333333330000000000000000000000000
0000000000000000000000000333333333333330000000000000003333333333333300000000003333333333333300000000000000000000000033333333330000333330000000000333330000000000
0000000000000000000000000333333333333330000000000000003333333333333300000000003333333333333300000000000000000000000033333333330000333330000000000333330000000000
0000000000000000000000000333333333333330000000000000003333333333333300000000003333333333333300000000000000000000000033333333330000333330000000000333330000000000
0000000000000000000000000333333333333330000000000000003333333333333300000000003333333333333300000000000000000000000033333333330000333330000000000333330000000000
0000000000000000000000000333333333333330000000000000003333333333333300000000003333333333333300000000000000000000000033333333330000333330000000000333330000000000
0000000000000000000033333000003333000003333333333000003333000003333300000000003333333330000033333000003333333330000000000000003333000003333300000000000000000000
0000000000000000000033333000003333000003333333333000003333000003333300000000003333333330000033333000003333333330000000000000003333000003333300000000000000000000
0000000000000000000033333000003333000003333333333000003333000003333300000000003333333330000033333000003333333330000000000000003333000003333300000000000000000000
0000000000000000000033333000003333000003333333333000003333000003333300000000003333333330000033333000003333333330000000000000003333000003333300000000000000000000
0000000000000000000033333000003333000003333333333000003333000003333300000000003333333330000033333000003333333330000000000000003333000003333300000000000000000000
0000000000000003333333333000000000000000000000000000000000333330000033333000003333000003333300000000003333333333333333333333333333000000000033333333330000000000
0000000000000003333333333000000000000000000000000000000000333330000033333000003333000003333300000000003333333333333333333333333333000000000033333333330000000000
0000000000000003333333333000000000000000000000000000000000333330000033333000003333000003333300000000003333333333333333333333333333000000000033333333330000000000
0000000000000003333333333000000000000000000000000000000000333330000033333000003333000003333300000000003333333333333333333333333333000000000033333333330000000000
0000000000000003333333333000000000000000000000000000000000333330000033333000003333000003333300000000003333333333333333333333333333000000000033333333330000000000
0000000000333330000033333333330000000003333333333000003333000000000000000333333333333333333333333000000000333333333333333000003333333333333300000000000000000000
0000000000333330000033333333330000000003333333333000003333000000000000000333333333333333333333333000000000333333333333333000003333333333333300000000000000000000
0000000000333330000033333333330000000003333333333000003333000000000000000333333333333333333333333000000000333333333333333000003333333333333300000000000000000000
0000000000333330000033333333330000000003333333333000003333000000000000000333333333333333333333333000000000333333333333333000003333333333333300000000000000000000
0000000000000000000033333333333333000000000033333000003333000000000033333000003333333330000000000333333333000000000000000000000000333330000000000333330000000000
0000000000000000000033333333333333000000000033333000003333000000000033333000003333333330000000000333333333000000000000000000000000333330000000000333330000000000
0000000000000000000033333333333333000000000033333000003333000000000033333000003333333330000000000333333333000000000000000000000000333330000000000333330000000000
0000000000000000000033333333333333000000000033333000003333000000000033333000003333333330000000000333333333000000000000000000000000333330000000000333330000000000
0000000000000000000033333333333333000000000033333000003333000000000033333000003333333330000000000333333333000000000000000000000000333330000000000333330000000000
0000000000000003333333333000003333333333333300000333330000000000000033333000003333333330000033333000000000000000000000000333330000000003333300000333330000000000
0000000000000003333333333000003333333333333300000333330000000000000033333000003333333330000033333000000000000000000000000333330000000003333300000333330000000000
0000000000000003333333333000003333333333333300000333330000000000000033333000003333333330000033333000000000000000000000000333330000000003333300000333330000000000
0000000000000003333333333000003333333333333300000333330000000000000033333000003333333330000033333000000000000000000000000333330000000003333300000333330000000000
0000000000000003333333333000003333333333333300000333330000000000000033333000003333333330000033333000000000000000000000000333330000000003333300000333330000000000
0000000000333333333300000000003333333330000000000333333333000000000000000000003333000003333300000000003333333330000000000000003333333333333333333333330000000000
0000000000333333333300000000003333333330000000000333333333000000000000000000003333000003333300000000003333333330000000000000003333333333333333333333330000000000
0000000000333333333300000000003333333330000000000333333333000000000000000000003333000003333300000000003333333330000000000000003333333333333333333333330000000000
0000000000333333333300000000003333333330000000000333333333000000000000000000003333000003333300000000003333333330000000000000003333333333333333333333330000000000
0000000000333333333300000000003333333330000000000333333333000000000000000000003333000003333300000000003333333330000000000000003333333333333333333333330000000000
0000000000333330000033333333330000333333333333333333333333000003333333333333330000333333333333333333330000333330000000000000003333333333333300000000000000000000
0000000000333330000033333333330000333333333333333333333333000003333333333333330000333333333333333333330000333330000000000000003333333333333300000000000000000000
0000000000333330000033333333330000333333333333333333333333000003333333333333330000333333333333333333330000333330000000000000003333333333333300000000000000000000
0000000000333330000033333333330000333333333333333333333333000003333333333333330000333333333333333333330000333330000000000000003333333333333300000000000000000000
0000000000333330000033333333330000333333333333333333333333000003333333333333330000333333333333333333330000333330000000000000003333333333333300000000000000000000
0000000000333330000033333333330000000000000000000333330000000003333300000000000000333330000000000333330000000003333333333333333333333330000033333000000000000000
0000000000333330000033333333330000000000000000000333330000000003333300000000000000333330000000000333330000000003333333333333333333333330000033333000000000000000
0000000000333330000033333333330000000000000000000333330000000003333300000000000000333330000000000333330000000003333333333333333333333330000033333000000000000000
0000000000333330000033333333330000000000000000000333330000000003333300000000000000333330000000000333330000000003333333333333333333333330000033333000000000000000
0000000000333330000033333000003333333333333300000333333333000003333300000333333333000003333300000000000000333333333333333333333333000003333300000000000000000000
0000000000333330000033333000003333333333333300000333333333000003333300000333333333000003333300000000000000333333333333333333333333000003333300000000000000000000
0000000000333330000033333000003333333333333300000333333333000003333300000333333333000003333300000000000000333333333333333333333333000003333300000000000000000000
0000000000333330000033333000003333333333333300000333333333000003333300000333333333000003333300000000000000333333333333333333333333000003333300000000000000000000
0000000000333330000033333000003333333333333300000333333333000003333300000333333333000003333300000000000000333333333333333333333333000003333300000000000000000000
0000000000000000000000000000000000000000000000000333330000000000000033333333330000000003333300000000000000333330000000000000003333000003333333333333330000000000
0000000000000000000000000000000000000000000000000333330000000000000033333333330000000003333300000000000000333330000000000000003333000003333333333333330000000000
0000000000000000000000000000000000000000000000000333330000000000000033333333330000000003333300000000000000333330000000000000003333000003333333333333330000000000
0000000000000000000000000000000000000000000000000333330000000000000033333333330000000003333300000000000000333330000000000000003333000003333333333333330000000000
0000000000000000000000000000000000000000000000000333330000000000000033333333330000000003333300000000000000333330000000000000003333000003333333333333330000000000
0000000000333333333333333333333333333333333300000333330000000000000000000333333333333330000000000000000000333330000033333000003333333330000000000000000000000000
0000000000333333333333333333333333333333333300000333330000000000000000000333333333333330000000000000000000333330000033333000003333333330000000000000000000000000
0000000000333333333333333333333333333333333300000333330000000000000000000333333333333330000000000000000000333330000033333000003333333330000000000000000000000000
0000000000333333333333333333333333333333333300000333330000000000000000000333333333333330000000000000000000333330000033333000003333333330000000000000000000000000
0000000000333333333333333333333333333333333300000333330000000000000000000333333333333330000000000000000000333330000033333000003333333330000000000000000000000000
0000000000333330000000000000000000000003333300000000000000333330000033333000003333000000000000000000003333333330000000000000003333333330000000000333330000000000
0000000000333330000000000000000000000003333300000000000000333330000033333000003333000000000000000000003333333330000000000000003333333330000000000333330000000000
0000000000333330000000000000000000000003333300000000000000333330000033333000003333000000000000000000003333333330000000000000003333333330000000000333330000000000
0000000000333330000000000000000000000003333300000000000000333330000033333000003333000000000000000000003333333330000000000000003333333330000000000333330000000000
0000000000333330000000000000000000000003333300000000000000333330000033333000003333000000000000000000003333333330000000000000003333333330000000000333330000000000
0000000000333330000033333333333333000003333300000333330000333330000033333000003333333333333300000000000000333333333333333333333333000003333333333333330000000000
0000000000333330000033333333333333000003333300000333330000333330000033333000003333333333333300000000000000333333333333333333333333000003333333333333330000000000
0000000000333330000033333333333333000003333300000333330000333330000033333000003333333333333300000000000000333333333333333333333333000003333333333333330000000000
0000000000333330000033333333333333000003333300000333330000333330000033333000003333333333333300000000000000333333333333333333333333000003333333333333330000000000
0000000000333330000033333333333333000003333300000333330000000000000000000333330000000003333300000333333333000000000000000000003333333333333333333333330000000000
0000000000333330000033333333333333000003333300000333330000000000000000000333330000000003333300000333333333000000000000000000003333333333333333333333330000000000
0000000000333330000033333333333333000003333300000333330000000000000000000333330000000003333300000333333333000000000000000000003333333333333333333333330000000000
0000000000333330000033333333333333000003333300000333330000000000000000000333330000000003333300000333333333000000000000000000003333333333333333333333330000000000
0000000000333330000033333333333333000003333300000333330000000000000000000333330000000003333300000333333333000000000000000000003333333333333333333333330000000000
0000000000333330000033333333333333000003333300000333333333333333333333333333330000333330000000000333333333000003333300000333333333000003333333333000000000000000
0000000000333330000033333333333333000003333300000333333333333333333333333333330000333330000000000333333333000003333300000333333333000003333333333000000000000000
0000000000333330000033333333333333000003333300000333333333333333333333333333330000333330000000000333333333000003333300000333333333000003333333333000000000000000
0000000000333330000033333333333333000003333300000333333333333333333333333333330000333330000000000333333333000003333300000333333333000003333333333000000000000000
0000000000333330000033333333333333000003333300000333333333333333333333333333330000333330000000000333333333000003333300000333333333000003333333333000000000000000
0000000000333330000000000000000000000003333300000333333333333333333300000000003333333330000000000000000000333333333333333000000000000000000033333000000000000000
0000000000333330000000000000000000000003333300000333333333333333333300000000003333333330000000000000000000333333333333333000000000000000000033333000000000000000
0000000000333330000000000000000000000003333300000333333333333333333300000000003333333330000000000000000000333333333333333000000000000000000033333000000000000000
0000000000333330000000000000000000000003333300000333333333333333333300000000003333333330000000000000000000333333333333333000000000000000000033333000000000000000
0000000000333330000000000000000000000003333300000333333333333333333300000000003333333330000000000000000000333333333333333000000000000000000033333000000000000000
0000000000333333333333333333333333333333333300000333330000333333333333333000000000000003333300000000003333000000000033333000000000333333333300000000000000000000
0000000000333333333333333333333333333333333300000333330000333333333333333000000000000003333300000000003333000000000033333000000000333333333300000000000000000000
0000000000333333333333333333333333333333333300000333330000333333333333333000000000000003333300000000003333000000000033333000000000333333333300000000000000000000
0000000000333333333333333333333333333333333300000333330000333333333333333000000000000003333300000000003333000000000033333000000000333333333300000000000000000000
0000000000333333333333333333333333333333333300000333330000333333333333333000000000000003333300000000003333000000000033333000000000333333333300000000000000000000
0000000000000000000000000000000000000000000000000000000000000000000000000000000000000000000000000000000000000000000000000000000000000000000000000000000000000000
0000000000000000000000000000000000000000000000000000000000000000000000000000000000000000000000000000000000000000000000000000000000000000000000000000000000000000
0000000000000000000000000000000000000000000000000000000000000000000000000000000000000000000000000000000000000000000000000000000000000000000000000000000000000000
0000000000000000000000000000000000000000000000000000000000000000000000000000000000000000000000000000000000000000000000000000000000000000000000000000000000000000
0000000000000000000000000000000000000000000000000000000000000000000000000000000000000000000000000000000000000000000000000000000000000000000000000000000000000000
0000000000000000000000000000000000000000000000000000000000000000000000000000000000000000000000000000000000000000000000000000000000000000000000000000000000000000
0000000000000000000000000000000000000000000000000000000000000000000000000000000000000000000000000000000000000000000000000000000000000000000000000000000000000000
0000000000000000000000000000000000000000000000000000000000000000000000000000000000000000000000000000000000000000000000000000000000000000000000000000000000000000
0000000000000000000000000000000000000000000000000000000000000000000000000000000000000000000000000000000000000000000000000000000000000000000000000000000000000000
0000000000000000000000000000000000000000000000000000000000000000000000000000000000000000000000000000000000000000000000000000000000000000000000000000000000000000
