0000000000000000000000000000000000000000000000000000000000000000000000000000000000000000000000000000000000000000000000000000000000000000000000000000000000000000
0000000000000000000000000000000000000000000000000000000000000000000000000000000000000000000000000000000000000000000000000000000000000000000000000000000000000000
0000000000000000000000000000000000000000000000000000000000000000000000000000000000000000000000000000000000000000000000000000000000000000000000000000000000000000
0000000000000000000000000000000000000000000000000000001000001100000000000000000000000000000000000000000000000000000000000000000000000000000000000000000000000000
0000000000000000000000000000000000000000000000000000000000000000000001100000000000000000000000000000000000000000000000000000000000000000000000000000000000000000
0000000000000000000000000000000000000000000000000000000000000000000000000000011100000000000000000000000000000000000000000000000000000000000000000000000000000000
0000000000000000000000000000000000000000000000000000000000000000000000000000000000000011100000000000000000000000000000000000000000000000000000000000000000000000
0000000000000000000000000000000000000000000000000000000000000000000000000000000000000000000000111100000000000000000000000000000000000000000000000000000000000000
0000000000000000000000000000000000000000000000000000000000000000000000000000000000000000000000000011110000000000000000000000000000000000000000000000000000000000
0000000000000000000000000000000000000000000000000000000000000000000000000000000000000000000000000000000000001100000000000000000000000000000000000000000000000000
0000000000000000000000000000000000000000000000000000000000000000000000000000000000000000000000000000000000000000000000000000000000000000000000000000000000000000
0000000000000000000000000000000000001000000000000000000000000000000000000000000000000000000000000000000000000000000000000000000000000000000000000000000000000000
0000000000000000000000000000000000000000000000000000000000000000000000000000000000000000000000000000000000000000000000000001110000000000000000000000000000000000
0000000000000000000000000000000100000000000000000000000000000000000000000000000000000000000000000000000000000000000000000023333333333323322111000000000000000000
0000000000000000000000000000000000000000000000000000000000000000000000000000000000000000000000000000000000000000000000000333333333333333333333100000000001100000
0000000000000000000000000000000000000000000000000000000000000000000000000000000000000000000000000000000000000000000000013333333333333333333332000000000000000100
0000000000000000000000000100000000000000000000000000000000000000000000000000000000000000000000000000000000000000000000033333333333333333333330000000000000000100
0000000000000000000000000000000000000000000000000000000000000000000000000000000000000000000000000000000000000000000001333322112233333333333310000000000000000100
0000000000000000000010000000000000000000000000000000000000000000000000000000000000000000000000000000000000000000000013333333333333221133333100000000000000000000
0000000000000000000000000000000000000000000000000000000000000000000000000000000000000000000000000000000000000000000233333333333333333233332000000000000000000000
0000000000000001000000000000000000000000000000000000000000000000000000000000000000000000000000000000000000000000002333332331123333331333320000000000000000000000
0000000000000000000000000000000000000000000000000000000000000000000000000000000000000000000000000000000000000000033333323333333112333333300000000000000000000000
0000000000000000000000000000000000000000000000000000000000000000000000000000000000000000000000000000000000000002333333233333333333323331000000000000000000000000
0000000010000000000000000010000111100000000000000000000000000000000000000000000000000000000000000000000000000023333333211233333333333320000000000000000000000000
0000000000000000000000000100000000021200000000000000000000000000000000000000000000000000000000000000000000000133333333333211333333333300000000000000000000000000
0000000000000000000000000000000000000000001110000000000000000000000000000000000000000000000000000000000000002333311233333333332113333100000000000000000000000000
0000000000000000000000000000000000000000000000001111000000000000000000000000000000000000000000000000000000023333233331133333333313331000000000000000000000000000
0000000000000000000000000000000000000000000000000000001111000000000000000000000000000000000000000000000000333332233333333122333133320000000000000000000000000000
0000000011101000000000000000000000000000000000000000000000000111100000000000000000000000000000000000000003333331123333333333212333200000000000000000000000000000
0000000010010111101100000000000000000000000000000000000000000000000111100000000000000000000000000000000233333333333212333333333332000000000000000000000000000000
0000000001010100101011101100000000000000000000000000000000000000000000000011110000000000000000000000003333333333333333321233333330000000000000000000000000000000
0000000010101010101000101011110110000000000000000000000000000000000000000000000011110000000000000000033333333333333333333333333200000000000000000000000000000000
0000000010101010101110101000010101011101000000000000000000000000000000000000000000011200000000000000333333333333333333333333333000000000000000000000000000000000
0000010010101010102001010111010101010010101000000000000000000000000000000000000000000000000000000002333333333333333333333333330000000000000000000000000000000000
0000000010101010102101010001010101010101010101101000000000000000000000000000000000000000000000000033333333333333333333333333310000000000000000000000000000000000
0000010010101010102010101101010100101010101010101011101000000000000000000000000000000000000000000333333333333333333333333333100000000000000000000000000000000000
0000010001010101011101022010101010101010101010101010010111011000000000000000000000000000000000033333333333333333333333333332000000000000000000000000000000000000
0000010010101010101101011121111101010101010101010101010100101011101010000000000000000000000000333333333333333333333333333330000000000000000000000000000000000000
0000010010101001010101010101111121101010101010101010101010101010010101011010000000000000000003333333333333333333333333333300000000000000000000000000000000000000
0000010010101010101010101010001010101010010101010101010101010101010101010101011010000000000000001233333333333333333333333000000000000000000000000000000000000000
0000010010101010101101011010110101010101010010100101010101010101010101010101010101101100000000000002233333333333333333332000000000000000000000000000000000000000
0000010010101010100110101112101110101010101010101010101010101010101010101010101010010101101011000000000012333333333333300000000000000000000000000000000000000000
0000010001010101011101010100111211121101010101010101010101010101010101010101010101010101011033333322110000000123333333100000000000000000000000000000000000000000
0000010010101010100122110101010101011201010101010100101010101010101010101001010010101010101123333333333333221000000231000000000000000000000000000000000000000000
0000011111010100101010011121101010101012112010101010100101010010100101010101010101010101011033333333333333333333322100000000000000000000000000000000000000000000
0000010212121110101010101010112121010101010101010101010100101010101010101010101010101010101133333333333333333333333310000000000000000000000000000000000000000000
0000010122122122121101010101001010112110101010101010101010101010101010010101010101010101011033333333333333333333333311011010000000000000000000000000000000000000
0000000121212212121221211101010101011011121101010101010101010101010101010101010101010101001033333333333333333333333310101010110100000000000000000000000000000000
0000000112212121222121221211010101010100101221010010101010101010101010101010101010101010101133333333333333333333333301010101001011011010000000000000010000000000
0000001011221221212122121212212110101010110101012211010101010101010101010101001010010101010033333333333333333333333310101010101010101000000000000000000000000000
0000000001212122121212122121212122121110010100101010122101010010101010101010101010101010111033333333333333333333333301010101010101010100000000000000100000000000
0000000001221212122122121221221212121212211110101001000101211101010101010010101010101001011033333333333333333333333310101001010101010100000000000000000000000000
0000000001212212212212212122122122122121221212111101110101011012211001001010101010101010111133333333333333333333333310100101010101001010000000000000000000000000
0000000000121221212121212212121212212212122122221221111010100101010121111010101010101010120033333333333333333333333301010101010101010100000000000000000000000000
0000000000122121221212121212212212121221212121122121212121111010101011010221101001010101020133333333333333333333333310101010101010101000000000000000000000000000
0000000001112122121221222121221212212122122122212122122122121211101001010010111211010101021033333333333333333333333301010101010101010100000000000000000000000000
0000000000012212122122122122121221212212121212121212212121221221211101010101010112210101020133333333333333333333333301010101010010101000000000000100000000000000
0000000000021212121212221222222121221212212212122121212212122121221221111101010101011121120133333333333333333333333210101010101010101000000000000000000000000000
0000000000012122122121221212221212121221212122121221221221212122122122212121110101000101010133333333333333333333333210101010101010101000000000001000000000000000
0000000000002212212212222121212221222121221212212122121212212212121211221222122121111010101033333333333333333333333201010101010101010100000000000000000000000000
0000000000011212121221221222222122132222121221212212122121221212212122121212212122121211101133333333333333333333333210101010101010101000000000000000000000000000
0000000000001121212122222121122212122212222212121212212122121221212212122121212212121221221133333333333333333333333101010101010101010000000000000000000000000000
0000000000001212221212212222212122212121221221221221212212122121221221212121221212212121212233333333333333333333333110101010010010101000000000000000000000000000
0000000000000121212212122222122221222212122221212121221212212121212122122122121221221221221233333333333333333333333101010101010101010100000000000000000000000000
0000000000000122121221212112222121222222212122122122121221212122121212212212122121212122122233333333333333333333333101010010101010101000000000000000000000000000
0000000000000121221212212221121212212221222222212212121212122121221221212121212122122121211233333333333333333333333101010101010101010100000000000000000000000000
0000000000000012121221212122121221212121212221212121221221212212122121212212212212121212222233333333333333333333333210101010101010101000000000000000000000000000
0000000000000000011212121212122121221212221212121221212121221212212122121221221212212221121233333333333333333333333212121110101010010000000100000000000000000000
0000000000000000000001122121212122121221212122122122122122121221212212122121212121221122212233333333333333333333333212212212121101010100000000000000000000000000
0000000000000000000000000012212212122121212212212121212212122121221212212122122122122211212233333333333333333333333221221221212122111000000000000000000000000000
0000000000000000000000000000001212212122121212121212212121212122121212121212121212121221221333333333333333333333333212121212212212222121000000000000000000000000
0000000000000000000000000000000000021212212212122121221221221212122122122122122122121212122233333333333333333333333212122121221212112121000000000000000000000000
0000000000000000000000000000000000001121221221212212121212122122121212212212212212212122121333333333333333333333333212212122121221221211000000000000000000000000
0000000000000000000000000000000000000000012122121221221221212212122121212121212121212212121333333333333333333333333121212212122121212221100000000000000000000000
0000000000000000000000000000000000000000000001212122122122121212212212121221212121221212212233333333333333333333333221221212212122121212000000000000000000000000
0000000000000000000000000000000000000000000000000112121212212212121212212121221222121221221333333333333333333333333122121221212212212120000000000000000000000000
0000000000000000000000000000000000000000000000000000011212121221212121221221212121212121212333333333333333333333333121212121221212122210000000000000000000000000
0000000000000000000000000000000000000000000000000000000000122121221222122122122121221221221333333333333333333333332212212212121221212100000000000000000000000000
0000000000000000000000000000000000000000000000000000000000000012122121212121212212122122122333333333333333333333332221221221221212212000000000000000000000000000
0000000000000000000000000000000000000000000000000000000000000000000212121212212122121212121333333333333333333333332212121212122121221000000000000000000000000000
0000000000000000000000000000000000000000000000000000000000000000000011222121221212212121212333333333333333333333332212122122121221211000000000000000000000000000
0000000000000000000000000000000000000000000000000000000000000000000000000122121221212212221333333333333333333333332212212121221212120000000000000000000000000000
0000000000000000000000000000000000000000000000000000000000000000000000000000012121221221212333333333333333333333332121212212121221200000000000000000000000000000
0000000000000000000000000000000000000000000000000000000000000000000000000000000001121212121333333333333333333333332221221221221212000000000000000000000000000000
0000000000000000000000000000000000000000000000000000000000000000000000000000000000000021222333333333333333333333332122121212122121000000000000000000000000000000
0000000000000000000000000000000000000000000000000000000000000000000000000000000000000000001223333333333333333333332121212122121220000000000000000000000000000000
0000000000000000000000000000000000000000000000000000000000000000000000000000000000000000000000122233333333333333332212212212212100000000000000000000000000000000
0000000000000000000000000000000000000000000000000000000000000000000000000000000000000000000000000012223333333333332121221212122000000000000000000000000000000000
0000000000000000000000000000000000000000000000000000000000000000000000000000000000000000000000000000022233333333332122121221212000000000000000000000000000000000
0000000000000000000000000000000000000000000000000000000000000000000000000000000000000000000000000000000001222333332212122121220000000000000000000000000000000000
0000000000000000000000000000000000000000000000000000000000000000000000000000000000000000000000000000000000000122222121212122110000000000000000000000000000000000
0000000000000000000000000000000000000000000000000000000000000000000000000000000000000000000000000000000000000000011212212212200000000000000000000000000000000000
0000000000000000000000000000000000000000000000000000000000000000000000000000000000000000000000000000000000000000000000221212000000000000000000000000000000000000
0000000000000000000000000000000000000000000000000000000000000000000000000000000000000000000000000000000000000000000000000011000000000000000000000000000000000000
0000000000000000000000000000000000000000000000000000000000000000000000000000000000000000000000000000000000000000000000000000000000000000000000000000000000000000
0000000000000000000000000000000000000000000000000000000000000000000000000000000000000000000000000000000000000000000000000000000000000000000000000000000000000000
