3333333333333333333333333333333333333333333333333333333333333333333333333333333333333333333333333333333333333333333333333333333333333333333333333333333333333333
3333333333333333333333333333333333333333333333333333333333333333333333333333333333333333333333333333333333333333333333333333333333333333333333333333333333333333
3333333333333333333333333333333333333333333333333333333333333333333333222212221222122212223333333333333333333333333333333333333333333333333333333333333333333333
3333333333333333333333333333333333333333333333333333333333333333221212111121112111211121111212122333333333333333333333333333333333333333333333333333333333333333
3333333333333333333333333333333333333333333333333333333333332121112111212111211212112111211211212121233333333333333333333333333333333333333333333333333333333333
3333333333333333333333333333333333333333333333333333333322121121211222121222122221221222122121111211212123333333333333333333333333333333333333333333333333333333
3333333333333333333333333333333333333333333333333333321211112121222121211111111111111111112212222121111212133333333333333333333333333333333333333333333333333333
3333333333333333333333333333333333333333333333333321211121221221211111111111111111111111111111111222221121212133333333333333333333333333333333333333333333333333
3333333333333333333333333333333333333333333333333211121212122111111111111111111111111111111111111111212111121213333333333333333333333333333333333333333333333333
3333333333333333333333333333333333333333333333221121212122111111111111111111111111111111111111111111112222211121213333333333333333333333333333333333333333333333
3333333333333333333333333333333333333333333321112112122111111111111111111111111111111111111111111111111111212112121233333333333333333333333333333333333333333333
3333333333333333333333333333333333333333333212121222111111111111111111111111111110111111111111111111111111112221112112333333333333333333333333333333333333333333
3333333333333333333333333333333333333333321111212111111111111111111111111111111011111111111111111111111111111112221121123333333333333333333333333333333333333333
3333333333333333333333333333333333333332112122211111111111111111111110111111111111111111111111111111111111111111112211212233333333333333333333333333333333333333
3333333333333333333333333333333333333211212211111111111101111111111111111110111111111110111111111111111111111111111221111113333333333333333333333333333333333333
3333333333333333333333333333333333332121121211111111110111111111111111111111111111111111111110111111111111111111111112221212133333333333333333333333333333333333
3333333333333333333333333333333333321112212111111111110111111111110111111111111111111111111111111111111111111111111111212112133333333333333333333333333333333333
3333333333333333333333333333333332112121211111111111110001111111111111111111111111111111111111111111111111111111111111121211212333333333333333333333333333333333
3333333333333333333333333333333321212121111111111111110101111111111111111011111111111111111111111110111101111111111111111222111213333333333333333333333333333333
3333333333333333333333333333332112121211111111111111110101111111111111111111111111110111111011111111111111111121211111111111212121333333333333333333333333333333
3333333333333333333333333333321211221111111111111111110000111111111111111111111101111111111111111111111111111111121211111111221112133333333333333333333333333333
3333333333333333333333333333211122111111111111111111111010111111111111011111111111111111111111111111111111111212111111111111112211213333333333333333333333333333
3333333333333333333333333332112211111111111111111111110010112111111111111111111111111111111111111011111110111111121211111111111221121333333333333333333333333333
3333333333333333333333333321121211111111111111011111111001111111111111111111111111111111111111111111111011110111211111111111111112212133333333333333333333333333
3333333333333333333333333211212111111111111111111111110101111121111111111111101111111111011111011111111101111111112121111111111112111213333333333333333333333333
3333333333333333333333332112121111111111111011111111111001011111111111111111111111111111111111111111110111101111211111111111111111221121333333333333333333333333
3333333333333333333333321212211111111111111111111111110101111111111111111101111111101111111111111111111101111111112121111110111111112121233333333333333333333333
3333333333333333333333211121111111111111111111111111111001111211211111111111111111111111111111111111110111111111121112111111111111112211123333333333333333333333
3333333333333333333332112211111111111111111111111111111011111111111111111111111111111111111111111111111111110111211211111111111111111121211333333333333333333333
3333333333333333333321121211111111111111101111111101110011111112111111111111111111111111111011111111201111111212121112111111111111111122112133333333333333333333
3333333333333333333212121111111111111111111111111111111011011111111111111111111111111111111111111111211111112111212121111111111111111111212123333333333333333333
3333333333333333333211221111111111111111111111111111110111111110101101010101111111111111111111111112111111121212111211111111111011111111121112333333333333333333
3333333333333333332112111111111111111101111111111111110111111111110111111111011111111111111111111212111111211121121112111111101111111111122121333333333333333333
3333333333333333321212111111111111111111111111101111101111100000111101010101111011111111111111121112111112122122122121111110111111111111111211233333333333333333
3333333333333333321122111111111111101111111111111111101110101101010111111111011110101010101101111121111212222222221111111111111111111011111211123333333333333333
3333333333333333212121111111111111111111111111111111011101010010101101010101101011111111110112112211112222222222221212111111111111111111111221212333333333333333
3333333333333332112211111111111111111111111111111111111010101010101111111111111101010101111111211211112222222222211111111111111111111111111112111333333333333333
3333333333333321112111111111111111111110000000000000000000000000000000000000000000000000000000001121112222122222212121111111111111111111111112121233333333333333
3333333333333312122111111111111101111110000000000000000000000000000000000000000000000000000000000000121111222222121112111111111111111111111111211123333333333333
3333333333333211211111111111111111111110000000000000000000000000000000000000000000000000000000000000001111122221212121111111111111111111111111221213333333333333
3333333333333121221111111111111111111110000000000000000000000000000000000000000000000000000000000000000111122222111111111111111111110111111111121112333333333333
3333333333332112111111111111101111111110000000000000000000000000000000000000000000000000000000000000000001222221221212111111111111011111111111122121333333333333
3333333333321212211111101111111111111010000000000000000000000000000000000000000000000000000000000000000000022212111111111111110111111111110111111211233333333333
3333333333321121111111111111111111111110000000000000000000000000000000000000000000000000000000000000000000000211112121111111111111111111111111111211133333333333
3333333333211221111111111111111111111110000000000000000000000000000000000000000000000000000000000000000000000011111111111111111111111111111111111122123333333333
3333333333121211111111111111111111111100000000000000000000000000000000000000000000000000000000000000000000000000111211111111111111111111111111111121113333333333
3333333332112111111110111111111110111100000000000000000000000000000000000000000000000000000000000000000000000000011111111111011111111111111111111112121333333333
3333333332121211111111111110111111111000000000000000000000000000000000000000000000000000000000000000000000000000001111111111111111111111111111111112112333333333
3333333331121111111111111111111111111000000000000000000000000000000000000000000000000000000000000000000000000000000111111111111111111110111110111112211233333333
3333333321212111111111111111111111110000000000000000000000000000000000000000000000000000000000000000000000000000000001111111111111011111111111111111121133333333
3333333211121111111111111111111111110000000000000000000000000000000000000000000000000000000000000000000000000000000001111111111111111111111111111111212123333333
3333333121221111111111111111111111100000000000000000000000000000000000000000000000000000000000000000000000000000000000111111111111111111111111111111121113333333
3333333211211111111101111011111111100100000000000000000000000000000000000000000000000000000000000000000000000000000000111111111011111111111111111111112121333333
3333332112111111111111111111111011000000000000000000000000000000000000000000000000000000000000000000000000000000000000011111101111111111111011111111121212333333
3333331212211111111111111111111111001000000000000000000000000000000000000000000000000000000000000000000000000000000000001111111111111101111111111011112111333333
3333332112111111111111111111111111000000000000000000000000000000000000000000000000000000000000000000000000000000000000000111111111111111111111111111111212133333
3333321121111111110111111111111110100000000000000000000000000000000000000000000000000000000000000000000000000000000000000111111111111111111111111111112111233333
3333312122111111111111111111111110000000000000000000000000000000000000000000000000000000000000000000000000000000000000000011111111111111111111111111111221133333
3333321121111111111111111110111110000000000001112320000000000000000000000000000232230101000000000000000000000000000000000011111111111111111111111111111121233333
3333211211111111111111110111111110000000000002222210000000000000000000000000003223323111101000000000000000000000000000000001111111110111111111011111111211113333
3333212121111110111111111111111110000000000000011100000000000000000000000000232322332210100100000000000000000000000000000001111111111111110111111111111122123333
3333112211111111111111111111111100000000001010100000000000000000000000000000323232322111011000000000000000000000000000000000111111111111111111111111111121213333
3333211211111111111110111111111000000000000000010100000000000000000000000000223323222010101000000000000000000000000000000000111111111111111111111111011112112333
3333122111111111111111111111111000000000001010100010000000000000000000000000032332220101010000000000000000000000000000000000111111011111111111111111111112121333
3332112111111111111111111111110000000000000000010100000000000000000000000000013232211011010000000000000000000000000000000000111111111111111111111111111112112333
3331212111111111111111111111110000000000000101001000000000000000000000000000111222010101000000000000000000000000000000000000011111111111111111111011111111211333
3332112111111111110111111111100000000000000000100000000000000000000000000000010101010110100000000000000000000000000000000000011111111111011111101111111112121333
3331212111111111111111111101100000000000000010000100000000000000000000000000010101011010000100000000000000000000000000000000011101111111111111111111111111211333
3332121111111111111111110111100000000000002223210000000000000000000000000000011010101000000000000000000000000000000000000000001111111111111111111111111111212233
3331122111111111111111111111000000000000323232323320000000000000000000000000010101100000010000000000000000000000000000000000001111111111111111111111111111211133
3322121111111101010111111111000000000003232332332320000000000000000000000000010110000001000001000000000000000000000000000000001111111111111101111111111111212133
3321121111111111111111011111000000000012323232323230000000000000000000000000010000000000000000000000000000000000000000000000001111111110111111111111111111111233
3312121111111111111111111101000000000023323323232330000000000000000000000000000000000100000000000000000000000000000000000000001111111111111111111111110111212133
3321121111111111111111111111000000000032332323323230000000000000000000000000000000010000000100010000000000000000000000000000001111111111111111111111111111121233
3321121111110111111111111110000000000032323232332321000000000000000000000000000001000000010000000000000000000000000000000000001111111111111111111110111111211133
3312121111011111111111111110000000000023232332323320000000000000000000000000000000000000000000000000000000000000000000000000001111101111111111110111111111121233
3321120111111111111111111100000000000123323233232330000000000000000000000000000000000001000001000000000000000000000000000000000111111111111011111111111111212133
3321211111111111111111011110000000000122332323233230000000000000000000000000000100000100000000000000000000000000000000000000001111111111101111111111111111121233
3311221111111111111011111110000000000222323323323220000000000000000000000000000000010000000100001000000000000000000000000000000111111111111111111111111111211233
3321121111111111111111111010000000000121232323232220000000000000000000000000000000000000000000000000000000000000000000000000001111111111111111111111111111121133
3321211111111111111111111110000000000212223232332220000000000000000000000000001000000000010000000000000000000000000000000000000111111111111111111111111111212133
3321221111111111111111111110000000000212132332223220000000000000000000000000000001000001000001001000000000000000000000000000000111111101111111111111111111121233
3311121111111111111111111100000000001212213223232320000000000000000000000000000000001000000000000000000000000000000000000000000111111111111111111111111011211233
3321211111111110111111101110000000000221212322222220000000000000000000000000000000000000000000000000000000000000000000000000000111111111111111111011111111121133
3321121111011111111110111110000000000121222212122320000000000000000000000000000010000000001001001000000000000000000000000000000111111111111111101111111111221233
3321211111111111111101111110000000000022121212222120000000000000000000000000000000001000100000000000000000000000000000000000001111111111111110111111111111121133
3311121111111111111111111110000000000012232322112210000000000000000000000000000000000000000000000000000000000000000000000000000111111111111011111111111111211233
3322121111111111111111111111000000000002223232332220000000000000000000000000000001000000000010000000000000000000000000000000001011111111101111111111111111121233
3321121111111111111111111111000000000001222333233220000000000000000000000000000100000100100000000000000000000000000000000000001111111111111111111111111111121133
3321121111111111101111111111000000000002121112222330000000000000000000000000000000000000000000000000000000000000000000000000000101111111111111111111111111211233
3331212111111101111111111111000000000001212221212120000000000000000000000000000000010000000000000000000000000000000000000000001111111111111111111111111111112133
3331121111111111111111111111000000000001221212122120000000000000000000000000000001000000000000000000000000000000000000000000000101111111111111111111111111211233
3332122111111111111111110111100000000000021221212210000000000000000000000000000100000000000000000000000000000000000000000000001111111111111111111111111012121333
3331211111111111111111111111100000000000001212221220000000000000000000000000000000000000000000000000000000000000000000000000001010111111011111111111111112112333
3332112111111111111111111111100000000000000221212110000000000000000000000000000000000000000000000000000000000000000000000000010111111111111111111111111111211333
3331212111111011111110111111100000000000000012121110000000000000000000000000000001000000000000000000000000000000000000000000001101111111111111111111011112121333
3332112111111111111111111111110000000000000002111210000000000000000000000000000100000000000000000000000000000000000000000000011110111111111111101111111111112333
3333212211111111111111111111110000000000000100121110000000000000000000000000000000000000000000000000000000000000000000000000001011111111111111111111111112121333
3333121211111111111111111111111000000000000000011010000000000000000000000000000000000000000000000000000000000000000000000000111110111111111101111111111122113333
3333211221111111111011111111111000000000000001000010000000000000000000000000000000000000000000000000000000000000000000000000111011011111111111111111111121123333
3333211211111111101111111101111100000000000000001000000000000000000000000000000100100000000000000000000000000000000000000000111111101111011111111111111121113333
3333312121111111111111111111111100000000000000100000000000000000000000000000000000000000000000000000000000000000000000000000111101111111111111111111111212123333
3333321121111111111111111111111110000000000000000100000000000000000000000000000000000000000000000000000000000000000000000001111011011111111111111111011211233333
3333312122111111111111111111111100000000000000000000000000000000000000000000000000000000000000000000000000000000000000000001111110110111111111111101112121133333
3333321112111110111111111111111110100000000000000000000000000000000000000000000000000000000000000000000000000000000000000011110111011111111111111111112112133333
3333331211111111111111111111111100000000000000000000000000000000000000000000000000000000000000000000000000000000000000000011111011111111111111101111112111333333
3333332112211111111111110111101000100000000000000000000000000000000000000000000000000000000000000000000000000000000000000011010110101111111101111111112121333333
3333332121211111111111111111111000011010000000000000000000000000000000000000000000000000000000000000000000000000000000000110111101111111111111111111121121333333
3333333111211111111111111111111001001010000000000000000000000000000000000000000000000000000000000000000000000000000000001011101110111111111111111111121213333333
3333333212121111111101111111110000001010000000000000000000000000000000000000000000000000000000000000000000000000000000001110110111111111111111111111211123333333
3333333311121111111111111111110010001010000000000000000000000000000000000000000000000000000000000000000000000000000000011010001001111111011111111111121213333333
3333333332122111111111111111111000000100000000000000000000000000000000000000000000000000000000000000000000000000000000111101010001111111111111111111211133333333
3333333331112111101111111101111000100100000000000000000000000000000000000000000000000000000000000000000000000000000001010100000101111111111111111112121333333333
3333333332121211111111111111111000000010000000000000000000000000000000000000000000000000000000000000000000000000000001100010101001111111111111111112112333333333
3333333333111211111111111111111001001000000000000000000000000000000000000000000000000000000000000000000000000000000000010100010011111111111101111112113333333333
3333333333212121111111101111110000000000000000000000000000000000000000000000000000000000000000000000000000000000000010100010100111111111011111111121123333333333
3333333333311211111111111111110000100000000000000000000000000000000000000000000000000000000000000000000000000000000100010100010001111111111111111121233333333333
3333333333321122111111111111110010000100000000000000000000000000000000000000000000000000000000000000000000000000000010001001000111111111111111111211133333333333
3333333333332112111111111111110000000000000000000000000000000000000000000000000000000000000000000000000000000000010001010000101011111111111111112121333333333333
3333333333332121221110111111110000100100000000000000000000000000000000000000000000000000000000000000000000000001000100000101000111111111111111122112333333333333
3333333333333211211111111111110010000000000000000000000000000000000000000000000000000000000000000000000000000010000000000000101011111111111111121113333333333333
3333333333333121121111111111110000001000000000000000000000000000000000000000000000000000000000000000000000000100010000000101000111111111111111211213333333333333
3333333333333312112111111111100000100000000000000000000000000000000000000000000000000000000000000000000000010000000010010000101111111111011111211233333333333333
3333333333333331212211111110101000000000000000000000000000000000000000000000000000000000000000000000000001000000000000000010000111111111111112112133333333333333
3333333333333332111211111111100010001000000000000000000000000000000000000000000000000000000000000000001010000001001000000100101111111111111121211333333333333333
3333333333333333321121111111100000100000000000000001000100010101010000000000000000000000000000000101010000001000000001000001000111111111111211123333333333333333
3333333333333333312121111111100100000010000000000011111011011111110100100100100100100100100100101000001010000000000100001000101111111111111212133333333333333333
3333333333333333331112211111000000001000000000000011101101011010111001001001001001001001001001000101010000100010010000000010001111111111022111333333333333333333
3333333333333333332121211111000010000000101001001010111101110111101000100100100100100100100100100000100000000000000000010010111111111111121121333333333333333333
3333333333333333333211121110001000100010000000000011101110111110000101001001001001001001001001001010000010001000000001000100011111111111212113333333333333333333
3333333333333333333312122110000000001000000100100011110111010100101000100010010010010010010010010010001000000001001000000010111111111112211233333333333333333333
3333333333333333333331111220000100000000100000000011011101111110000100010100100001000100001000100100000000010000000000010101111111111121111333333333333333333333
3333333333333333333333212122000001000010000010010011110111011001010010100001001010010001010010000000100001000000100010001011111111111211213333333333333333333333
3333333333333333333333311112200000010000001000000001011101100100100100010100010000100100100100000100000100000010000000100111111111112121123333333333333333333333
3333333333333333333333332121120010000001000000100001110111100010010010000010100101001010001000010000000000000000000100011111111111121112133333333333333333333333
3333333333333333333333333112122000001000000100001001111000101001001001010100010000100000000000000000100000010000010001011111111111212123333333333333333333333333
3333333333333333333333333321121100100000100000000001011010000100100010001001001010010101000001000000000100000010000000011111111112211113333333333333333333333333
3333333333333333333333333331112220000100000100100011110001010010001001010010010001000000001000000100000000100000000010111111111212112133333333333333333333333333
3333333333333333333333333333211122100000100000001011010100001001010010000100100100000000000000010000100010000001001011111111111211213333333333333333333333333333
3333333333333333333333333333321211220000000010100111110010100100001000101001001000010010010001000000000000000100000111111111122121133333333333333333333333333333
3333333333333333333333333333331121122010010000010100100100010010100101000100010000000000000000000001001000000000001111111112121112333333333333333333333333333333
3333333333333333333333333333333211212110000011011011001001001000010000101001000000100000000100000100000000100000011111111121211213333333333333333333333333333333
3333333333333333333333333333333331111222101010101101100010010010100101000010000010000100100000100000000010000100011111112121112333333333333333333333333333333333
3333333333333333333333333333333333221112220101110110110100100100010010010100010000000000000000000000010000000001110111212112123333333333333333333333333333333333
3333333333333333333333333333333333312121122110101010101000100010100100001000000000000000001001000100000000010011101002121211133333333333333333333333333333333333
3333333333333333333333333333333333333112112120110110110111011100010001010000000010010010000000000000100010000010010122112112333333333333333333333333333333333333
3333333333333333333333333333333333333321111212110101011010110110100100000001001000000000100000010000000000001010012211211233333333333333333333333333333333333333
3333333333333333333333333333333333333333212112212111101101011000001000010000000000000000000100000010001001010012221121123333333333333333333333333333333333333333
3333333333333333333333333333333333333333331121121211101011101000010001000010000001001000010000100010100101001221211211333333333333333333333333333333333333333333
3333333333333333333333333333333333333333333311112122121101010000000000000000010000000010000001010101010001222111121133333333333333333333333333333333333333333333
3333333333333333333333333333333333333333333333211111212121000010000000001000000100000000000010010100001221211212113333333333333333333333333333333333333333333333
3333333333333333333333333333333333333333333333332212111212222100001001000001000000100000100101000011222121121112333333333333333333333333333333333333333333333333
3333333333333333333333333333333333333333333333333311212112121211000000000000000000001000000100111122212112112123333333333333333333333333333333333333333333333333
3333333333333333333333333333333333333333333333333333121121111212222211101010001100000101011122121221111211213333333333333333333333333333333333333333333333333333
3333333333333333333333333333333333333333333333333333333112121121111221222212221222222122212121211112121123333333333333333333333333333333333333333333333333333333
3333333333333333333333333333333333333333333333333333333333312111212111111121212121212121111111121211123333333333333333333333333333333333333333333333333333333333
3333333333333333333333333333333333333333333333333333333333333322111121212112111111111211212121211233333333333333333333333333333333333333333333333333333333333333
3333333333333333333333333333333333333333333333333333333333333333333321212121212212212121212133333333333333333333333333333333333333333333333333333333333333333333
3333333333333333333333333333333333333333333333333333333333333333333333333333333333333333333333333333333333333333333333333333333333333333333333333333333333333333
3333333333333333333333333333333333333333333333333333333333333333333333333333333333333333333333333333333333333333333333333333333333333333333333333333333333333333
