3333333333333333333333333333333333333333333333333333333333333333333333333333333333333333333333333333333333333333333333333333333333333333333333333333333333333333
3333333333333333333333333333333333333333333333333333333333333333333333333333333333333333333333333333333333333333333333333333333333333333333333333333333333333333
3333333333333333333333333333333333333333333333333333333333333333333333333333333333333333333333333333333333333333333333333333333333333333333333333333333333333333
3333333333333333333333333333333333333333333333333333333333333333333333333333333333333333333333333333333333333333333333333333333333333333333333333333333333333333
3333333333333333333333333333333333333333333333333333333333333333333333333333333333333333333333333333333333333333333333333333333333333333333333333333333333333333
3333333333333333333333333333333333333333333333333333333333333333333333333333333333333333003333333333333333333333333333333333333333333333333333333333333333333333
3333333333333333333333333333333333333333333333333333333333333333333333333333333333333000033003333333333333333333333333333333333333333333333333333333333333333333
3333333333333333333333333333333333333333333333333333333333333333333333333333000033333000300000003333333333333333333333333333333333333333333333333333333333333333
3333333333333333333333333333333333333333333333333333333333333333333333333300000003330003000000333333333333333333333333333333333333333333333333333333333333333333
3333333333333333333333333333333333333333333333333333333333300333333333333300000000000000000300333333333333333333333333333333333333333333333333333333333333333333
3333333333333333333333333333333333333333333333333333333333300000003333333333000000030000300000303333333333333300333333333333333333333333333333333333333333333333
3333333333333333333333333333333333333333333333333333333333300000000003330003000000000000000000000033333333000000333333333333333333333333333333333333333333333333
3333333333333333333333333333333333333333333333333333333333300000000000000000000000000000000000000003330000000000333333333333333333333333333333333333333333333333
3333333333333333333333333333333333333333333333333333333333303000000030000000000000000000000000000000000000000000333333333333333333333333333333333333333333333333
3333333333333333333333333333333333333333333333333333333333300200000000000000000000000000000000000000000000000000333333333333333333333333333333333333333333333333
3333333333333333333333333333333333333333333333333333333333300030030000000000000000000000000000000000300000000000333333333333333333333333333333333333333333333333
3333333333333333333333333333333333333333333333333333333333300000000000000000000000000000000000000000003000000000333333333333333333333333333333333333333333333333
3333333333333333333333333333333333333333333333333333333333300300000000000000000000000000000000000000000000300000333333333333333333333333333333333333333333333333
3333333333333333333333333333333333333333333333333333333333300000000000000000000000000000000000000000000000210000333333333333333333333333333333333333333333333333
3333333333333333333333333333333333333333333333333333333333300000000000000000000000000000000000000000000000300000333333333333333333333333333333333333333333333333
3333333333333333333333333333333333333333333333333333333333300000000000000000000000000000000000000000000000030000333333333333333333333333333333333333333333333333
3333333333333333333333333333333333333333333333333333333333000000000000000000003000000000000000000000000000003003333333333333333333333333333333333333333333333333
3333333333333333333333333333333333333333333333333333333333000000000000000000000000000000000000000000000000000003333333333333333333333333333333333333333333333333
3333333333333333333333333333333333333333333333333333333330000000000000010030000000000000000000000000000000000333333333333333333333333333333333333333333333333333
3333333333333333333333333333333333333333333333333333333300000000000000300000030000000000000000000000000000000033333333333333333333333333333333333333333333333333
3333333333333333333333333333333333333333333333333333333300030000000000000000000000000000000000000000000000000033333333333333333333333333333333333333333333333333
3333333333333333333333333333333333333333333333333333333000000000000000000000000000000030000000000000000000000033333333333333333333333333333333333333333333333333
3333333333333333333333333333333333333333333333333333333000000000000010003000000000000000000000000000000000000003333333333333333333333333333333333333333333333333
3333333333333333333333333333333333333333333333333333333000000000000300000000000000000000000000000000000000000003333333333333333333333333333333333333333333333333
3333333333333333333333333333333333333333333333333333330000300000000000000000000000000003000003000000000000000003333333333333333333333333333333333333333333333333
3333333333333333333333333333333333333333333333333333330000000000003000030000100000000000000000000000000000000003333333333333333333333333333333333333333333333333
3333333333333333333333333333333333333333333333333333330003000000000000030000100000000003300000300000000000003003333333333333333333333333333333333333333333333333
3333333333333333333333333333333333333333333333333333330003000000000000030031030003000003000000000133000000003003333333333333333333333333333333333333333333333333
3333333333333333333333333333333333333333333333333333330003000000000000330000000001000000013000000333333000000303333333333333333333333333333333333333333333333333
3333333333333333333333333333333333333333333333333333330033000000000033330031003000000000000300033330003330000003333333333333333333333333333333333333333333333333
3333333333333333333333333333333333333333333333333333333033000000000300030033000000300000000102003330000100000003333333333333333333333333333333333333333333333333
3333333333333333333333333333333333333333333333333333333033200000003000010333000300000000000011003103000000000030333333333333333333333333333333333333333333333333
3333333333333333333333333333333333333333333333333333333033300030003003100103300000300000200000331031000030000000333333333333333333333333333333333333333333333333
3333333333333333333333333333333333333333333333333333333033300030003000100303330000301000000003300003103000000000333333333333333333333333333333333333333333333333
3333333333333333333333333333333333333333333333333333333333330030000000103000003003010000000030000000013002003000033333333333333333333333333333333333333333333333
3333333333333333333333333333333333333333333333333333333333330000000031000000000300100013030300003000100000000000033333333333333333333333333333333333333333333333
3333333333333333333333333333333333333333333333333333333333300003000332000000000000030000300300031000010000300000033333333333333333333333333333333333333333333333
3333333333333333333333333333333333333333333333333333333333300000000130000000001030001000103000131000000000330000033333333333333333333333333333333333333333333333
3333333333333333333333333333333333333333333333333333333333000030303030000000131000000000000000101000000000000000003333333333333333333333333333333333333333333333
3333333333333333333333333333333333333333333333333333333333000000030030200000131000000000000000313000000000000000003333333333333333333333333333333333333333333333
3333333333333333333333333333333333333333333333333333333330000000003000000000303000000000000000030000000000000000003333333333333333333333333333333333333333333333
3333333333333333333333333333333333333333333333333333333330000000000000000000010000000000000000000000200000000000000333333333333333333333333333333333333333333333
3333333333333333333333333333333333333333333333333333333300000000000000020000000000000100000000000000000000000000000333333333333333333333333333333333333333333333
3333333333333333333333333333333333333333333333333333333300000000000000000000000000000100000000000000000000000000000333333333333333333333333333333333333333333333
3333333333333333333333333333333333333333333333333333333300000000000000000000000000000000000000000000000003000000000033333333333333333333333333333333333333333333
3333333333333333333333333333333333333333333333333333333000000000000000002000000000000000000000000002000002000000000033333333333333333333333333333333333333333333
3333333333333333333333333333333333333333333333333333333000000000000000000000000000000000033000000000000003000000000003333333333333333333333333333333333333333333
3333333333333333333333333333333333333333333333333333330000000000002000000000000000300000000000000030000000000000000003333333333333333333333333333333333333333333
3333333333333333333333333333333333333333333333333333330000000000000000000200000000000000000000000300000000000000000003333333333333333333333333333333333333333333
3333333333333333333333333333333333333333333333333333300000000000000000000303000000000000000000003000000000000000000000333333333333333333333333333333333333333333
3333333333333333333333333333333333333333333333333333300000000000000000000000000000000000000000000000000000000000000000333333333333333333333333333333333333333333
3333333333333333333333333333333333333333333333333333000000000000000000000000000000000000000003000000000000300000000000033333333333333333333333333333333333333333
3333333333333333333333333333333333333333333333333333000000000020000000000000000110000000000030000300000000000000000000033333333333333333333333333333333333333333
3333333333333333333333333333333333333333333333333333000002000000000000000000000010100000002101003300000000000000000000003333333333333333333333333333333333333333
3333333333333333333333333333333333333333333333333330000000000000000000000000030101012000030110300300000000000000000000003333333333333333333333333333333333333333
3333333333333333333333333333333333333333333333333330000000000000000000000012300101111133301011010300000000000000000000000333333333333333333333333333333333333333
3333333333333333333333333333333333333333333333333300000020000000000000000023001001001010110100301000000000000000000000000333333333333333333333333333333333333333
3333333333333333333333333333333333333333333333333300000030000000000000000230012000110101011200000000000000000000200000000033333333333333333333333333333333333333
3333333333333333333333333333333333333333333333333000000000000000000000000321020000001011010200010000000000000000002000000033333333333333333333333333333333333333
3333333333333333333333333333333333333333333333333000000000000000000000000220100000000010000000100000000000000000003000000003333333333333333333333333333333333333
3333333333333333333333333333333333333333333333330000000000000000000000002213000000000000000003003000000000000000003000000003333333333333333333333333333333333333
3333333333333333333333333333333333333333333333330000000000000000000000002221000000000000000030001300000000000000000000000000333333333333333333333333333333333333
3333333333333333333333333333333333333333333333300000000000000000000000022122100030000000000300012200000000000000000000000000333333333333333333333333333333333333
3333333333333333333333333333333333333333333333300000000000000000000000022212210003000000003000222130000000000000000000000000033333333333333333333333333333333333
3333333333333333333333333333333333333333333333000000000000000000000000212122122000000000030002212220000000000000000000000000033333333333333333333333333333333333
3333333333333333333333333333333333333333333333000000000000000000000000322212222200020000300001221213000000000000000000000000003333333333333333333333333333333333
3333333333333333333333333333333333333333333330000000000200000000000000201221212220003113000012222221000000000000002000000000000333333333333333333333333333333333
3333333333333333333333333333333333333333333330000000002200000000000003222212221222000300000122121213000000000000003000000000000333333333333333333333333333333333
3333333333333333333333333333333333333333333300000000022100000000000003222231222122000000001221222122200000000000003200000000000033333333333333333333333333333333
3333333333333333333333333333333333333333333300000000222200000000000001213222121221230000012212212320220000000000001210000000000033333333333333333333333333333333
3333333333333333333333333333333333333333333000000001221200000000000002222312222122120000122122221223120000000000032221300000000003333333333333333333333333333333
3333333333333333333333333333333333333333333000000222122130000000000001212300022212212001221221200022222000000000022122120000000003333333333333333333333333333333
3333333333333333333333333333333333333333330000022122212230000000000002122000002221221212212222000003123000000000021221213000000000333333333333333333333333333333
3333333333333333333333333333333333333333330000222212122120000000000001223000022122122221222220100002223000000000112212221000000000333333333333333333333333333333
3333333333333333333333333333333333333333300000222122222210002000000002210000023222121222221232200002123000000200322122122100000000033333333333333333333333333333
3333333333333333333333333333333333333333300002222220000223002000000001221312122222322212223222221001222000000300121222212200000000003333333333333333333333333333
3333333333333333333333333333333333333333000002222002121220001000000002121322222232222332323222122102123000000002220001222120000000003333333333333333333333333333
3333333333333333333333333333333333333333000002220012222221001000000001222222122122232222221212212212220000002022000000022210000000000333333333333333333333333333
3333333333333333333333333333333333333330000022201222121212102100000002212332212212121222122122123122220000002020000212121321000000000333333333333333333333333333
3333333333333333333333333333333333333330000023222121222122201200000003122222122222212222212212221222220000023000221222222123000000000033333333333333333333333333
3333333333333333333333333333333333333330000231212222122221312210000003212132212121222121221222122212230000220322122212121221220000000033333333333333333333333333
3333333333333333333333333333333333333300000122221212222122122121000002232222122212212212212212212122230003222212212122212212212000000003333333333333333333333333
3333333333333333333333333333333333333300022212122221221221223222200000212133221221221222122222222212200032221221223221222222122100000003333333333333333333333333
3333333333333333333333333333333333333000221222212122122212212121230000222222222222122121221222212122200312123122221212212221221200000000333333333333333333333333
3333333333333333333333333333333333333000222121221221221322122212213000212122222222222222222122122223303232222221212221221212222100000000333333333333333333333333
3333333333333333333333333333333333330000221222122122212212312122221300322223321222322222223112212221032122222222222122122222121200000000033333333333333333333333
3333333333333333333333333333333333330000222212212222122122122321212320022121312212122322231101222213222222222222221222212121222100000000033333333333333333333333
3333333333333333333333333333333333330000222122122222222212221212232322122222222222221222111111212122222222222232222212122222122200000000003333333333333333333333
3333333333333333333333333333333333300000322212222222222222122222212122222222331212122123101301122222232222222222222222221212212300000000003333333333333333333333
3333333333333333333333333333333333300000222122122222222222212122222212223222232122212213111113212122221212222222232212122122122200000000000333333333333333333333
3333333333333333333333333333333333300000222221222223223222232212121221221222223221221222120112332222122221212322212222212212221300000000000333333333333333333333
3333333333333333333333333333333333000000322122232222222222222221222122122212231212212312222122123122212122222132222121221221212300000000000033333333333333333333
3333333333333333333333333333333333000000222222222222322322321212212212212122232221222122322212213212122212121221222232122122221300000000000033333333333333333333
3333333333333333333333333333333333000000022222222322222223212222122122222213312122120000012122122322212221222122222222221221222200000000000003333333333333333333
3333333333333333333333333333333330000000022222322222322232122121221221212132222212220000022212222312122122122212212222222222121300000000000003333333333333333333
3333333333333333333333333333333330000000022222222223222321221222122212221233121221210000021222123222212212212122122222222212212300000000000000333333333333333333
3333333333333333333333333333333330000000022222223232223212222122212221212322212212100000022121222321221222122212221212322221222200000000000000333333333333333333
3333333333333333333333333333333330000000222232222322232122121221221212222231221220100000021222122222122121221222122122132222121200000000000000333333333333333333
3333333333333333333333333333333300000000222222323222222221222122122221213222122221000000032212221312221222212212212221222222222300000000000000033333333333333333
3333333333333333333333333333333300000002223222232222221212212212221212222312221210001011031221212331212212122122122122212212121300000000000000033333333333333333
3333333333333333333333333333333300000002222222322222212222221222122221223221212211010110122212221222222122221221221221221222212200000000000000003333333333333333
3333333333333333333333333333333300000022232223222222122122122212212122221212223010111011032122122121212221212222122212212212122130000000000000003333333333333333
3333333333333333333333333333333000000022222222222221221222221221221221212222122110101010122221222212221212222121221221221222212210000000000000003333333333333333
3333333333333333333333333333333000000122222322233122212222222122122212221212221011010301111222121221212221212222212222122121221220000000000000000333333333333333
3333333333333333333333333333333000000222322222231221222322121221221221222221230101211010102212222122221222221212122121222212222122000000000000000333333333333333
3333333333333333333333333333333000000222222223222212222222222122212212212122111211010111012121212222122121212221222122212122121222000000000000000333333333333333
3333333333333333333333333333333000002223222322212122222222121221222122222122230101101010102222221222212221222122212221221222122212000000000000000033333333333333
3333333333333333333333333333333000003222222222222223223222222122121222312212301101011101111212122223221212212212122122122212221221300000000000000033333333333333
3333333333333333333333333333333000002222232231212222222222121222222213221221110110101010102221221232212222122122212212212122122122100000000000000033333333333333
3333333333333333333333333333330000002223222222222222222222122212121222212222101011010110112212212232222121221221221221222212212212200000000000000033333333333333
3333333333333333333333333333330000002222222222222322322222212122212232222121011010111011012222122123122212222122122212212221221222130000000000000033333333333333
3333333333333333333333333333330000002222222222222222223221222212122133121220101101010101011222221222212222222222221222122122122212220000000000000003333333333333
3333333333333333333333333333330000003223222222222232222222121222212222222121010110101101101222222223322222222222222212212212221221220000000000000003333333333333
3333333333333333333333333333330000000222222222232222222212222121221222121221101011010110101222222223222222222232222222221221212212210000000000000003333333333333
3333333333333333333333333333330000000222232223222222322221212222122332212232110101110101101322223222322322322222232222122122221222120000000000000003333333333333
3333333333333333333333333333330000000322222222222232222222122121221322122122222222223101010122322222322222223222222222212221212212222000000300000003333333333333
3333333333333333333333333333330000000222222322223222222212212212212222221322222222222222223222222222332222222223222322222122221221210000000300000003333333333333
3333333333333333333333333333330000000223222222322222222221221222122312122322232322322222223332222232232232222322222222221221212222220000000000000003333333333333
3333333333333333333333333333330000000232223222222222322122122212221322212322222222222232232322223222222222232222223222222212221212120000000000000003333333333333
3333333333333333333333333333330000000222222222222232222212221221212212122222322222223222222233222222222223222222222222222221222122230000000000000003333333333333
3333333333333333333333333333330000002223222232232222221222122122221221222222222322322222222233222222322322222223222232222222121221200000000030000003333333333333
3333333333333333333333333333330000003223222222222222222121221221212212222222322222222223222223222322222222222322223222232212222122200000000030000003333333333333
3333333333333333333333333333330000002222223222222322212222122212221222123232222222222322223222322222223322232222222222222222121222200000000030000003333333333333
3333333333333333333333333333330000002222322223222222122121221221222122212222223223222222222222322223222322222222232223222222222222200000000030000003333333333333
3333333333333333333333333222322000022232222222232222212222122122132221222222322232323232222222232322222332222223222222223222222222200000000030000033333333333333
3333333333333333333333322212221212223222232232222221222121222212223212212322222222223222232233122222222232232222222232222222222222320000000030000033333333333333
3333333333333333333332221221212222221223222222222122121222212122222221232222322322222222222222313222232232222232223222222232222222220000000033000033333333333333
3333333333333333333322122122221212122121222232222212222121221221222122132222222222322223222321321222222233222222222222233323333323333232200033000033333333333333
3333333333333333332221221221212221222222121212212222121222122212222212222322222222223222222223321232222233222222323332212122121221212222121232000033333333333333
3333333333333333322122212212221212212121222221221221223122212122222221222223223223232232232322121222232223222333121212221221222122122121222212223033333333333333
3333333333333333222212122221222221221222121222122212212212132221231222222222222222222232222222213322222223322121222221212222122212212222121222122133333333333333
3333333333333332212122221212212122122122222121221222122122212122232121322322222322232222222222232132222321221222212122122121221221221212222122212212233333333333
3333333333333221222212122221221221222212121222122121221221222212212213222122332222222322322232222222322222122212122212221222122122212221212212122222223333333333
3333333333332222121222212122122122212122212212221222212222121221221221212221222222322222222222222322212121221222212122122212212212122122221222212121212233333333
3333333333322121222121222212212221221221222122122212122121222122122212221222121233222222223222332212122222122121222212212122221222221221212212122212222233333333
3333333333222222121222121221222122122212212221221222221222212212221222122121222122223223232222121222212121222212212122222212122121212212221222212221212133333333
3333333333212121222212222122212212212221221212212212122212122122122121221222122212322222222222222121222212212122122221212122212222221222122121221212222223333333
3333333332221222212122121221221221221212222221222122212122212221221222212212212122222222222212121222121222122221221212212221221212122212212222122221212122333333
3333333321212212122212222122122122212222121212212212122212221222122212122221222221222233221222212212222121221212222122122122122221221221222121221212221222333333
3333333222221222212221212212212221222121221222122122221221212212221222221212212122122221212212122122121222212222121222212212221212212212212212212222122212333333
3333333212122212122122221222122122121222122212221221212212221221212212122122122212212222221221222212222121222121222212122221212221222122122122221212212122233333
3333332222212122212212122121222212222122212122122212221222122122221221221222212122122222122122212122121222121222121221221212221222122212221221212221222212233333
3333322121222212221222122222212122121221222212212221222122212221212212212212123212221222221221222222212212222122222122212222122121221222122212222122121221233333
3333322122121221212212212121221221222122121221221212212212122122221222122221221222122122122212222221222122121221212212221212212222122121221222121221222122223333
3333212212222122221221222212212222122212222122212221221222212212122212221212222121222212221222222322122212222122121221212221222121221222122121222122212221223333
3333221222121221212222121221222121221221212212122122122212122221221221212222121222221221212222222212212122121221222212222122121222122212212222122212221212213333
3333122212223212222121222122121222122122221222221222212122221212212212221212212212222222222222321221222212222122212122121222222122212221222121221221212221223333
3332221221221221222212212212222122212212122121212212122212122122221222122221222122122222122222312222121221212221222221222121212212122122121222122122221322123333
3332122122122122221222222221212212122222212222221222212222212221212212212122122212222222212222222121222122221212212122212222122122212212222122212221222121222333
3332212212212221212212212123221222212121221212122121221212122122221221222212212122121222222232121222212212122221221221221212212221221221212212123122121222212333
3332221222122122122122122212122132222212212221222222122212212212122122212122221222212223222212222121221222212122122212212221221212222122221222221221222212122333
3332122212221221222212221221221222121331222122121212212122221222212221222212122212122121222221212222122121222212221221222122122221212213122221212212212122221333
3332212122122212212122122122122212212122131221222122122221212212122122121222212122221222222222221212212222212122122122121221221222221222212122221222122212122333
3332222212212122221222212212221221222212222132212212221212221222212212222121222212122212222221212221222222222222212212222123222122122212122212122212221222212333
3332122222222222222222222221212212212221212222222221212221222121221222121222121222212122123222221212222222222222222222222212221222212122212222212122122121221333
3332212222222322222222222222222222222122221212122122222122121222122212212212212212122212221222212223222322322223222222221221212212122212221212122212212222122233
3333222223222222222322222222222222222222222222122212121321222212212122122122122122221221212222223222222223222322222222222222221222212221212221221221221212212333
3333122322222222322222232223223223223222222222222122222122221221222212221221222212122122222232222222232222222222222222222222222222222222222222222222222222221233
3333222222232232222223222222222222222222222222222222121222222122121221222122212122212221212122222232222222232222322322322222222222222222222222222222222222122233
3333222222222222222322222232222222222232232232222222222212121222222122121221222212221212221222223222222322222232222222222222222222222223223223223223223222221233
3333232232222222232222222222232232232222222222232222222222222221212222222222222221212221222121322222232222322222222222223223223223223222222222222222222222222233
3333322222232232222222223222222222222222222223222232232222222222222222222222222222221222121222222222222222222222232232222222222222222222222222222322222322221233
3333322222222222222223222223222223222322322322222222222232232222222222232232222222222121222212132223222232223223222222322222222322222322322322322222322222222133
3333322232223222322322222222223222222222222222222322223222222232223223222222232222222222121222222222223222222222222222222322322222322222222222222222222223222233
3333322222222222222222223222222222232222232222232222322222222222222222222223222222322121222121222322222222322222223222232222222222222222232223222322223222222233
3333332223222232222222322223222232222232222223222222222223223222322222223222222232222222212221322322322222222322322223222222232232223223222222222222322222222333
3333332222223222232232222222223222222222222322222222222322222222222322322222223222222222221212222222232232222222222222222223222222222222222232223222222223222233
3333332222322222222222222232222222232222322222222322322222222232222222222223222222232222212322222222222222232222222322222322222222322222223222222222222322222333
3333332322222222222222223222222223222232222222232222222222322222232222222322222223222222222122222322222223222232232222322222222322222322322222232232232222222333
3333332222222232232232222222232222222222222322222222223222222322222232232222223222222232212212232222322322222222222222222222232222222222222223222222222222323333
3333333222322222222222232223222232223222232222322232222223222222223222222222322222223222222231122222222222222231112222223223222222322222222222222222222222223333
3333322222222322223222222222222222222223222222222222322222222223222222222222222223222222222201011111111111111101010323222222222232222322322322222322322322233333
3333322232222222322223222232223222232222222222223222222322232222222223223223222222222222322310101001001001001010101102222222222222222222222222232222222222233333
