3333333333333333333333333333333333333333333333333333333333333333333333333333333333333333333333333333333333333333333333333333333333333333333333333333333333333333
3333333333333333333333333333333333333333333333333333333333333333333333333333333333333333333333333333333333333333333333333333333333333333333333333333333333333333
3333333333333333333333333333333333333333333333333333333333333333333333333333333333333333333333333333333333333333333333333333333333333333333333333333333333333333
3333333333333333333333333333333333333333333333333333333333333000000000001333333333333333333333333333333333333333333333333333333333333333333333333333333333333333
3333333333333333333333333333333333333333333333333333333330000000000000000000033333333333333333333333333333333333333333333333333333333333333333333333333333333333
3333333333333333333333333333333333333333333333333333330000000000000000000000000333333333333333333333333333333333333333333333333333333333333333333333333333333333
3333333333333333333333333333333333333333333333333333000000000000000000000000000001333333333333333333333333333333333333333333333333333333333333333333333333333333
3333333333333333333333333333333333333333333333333300000000000010111011200000000000033333333333333333333333333333333333333333333333333333333333333333333333333333
3333333333333333333333333333333333333333333333333000000000110101001001010100000000000333333333333333333333333333333333333333333333333333333333333333333333333333
3333333333333333333333333333333333333333333333300000000110010101000010001100100000000003333333333333333333333333333333333333333333333333333333333333333333333333
3333333333333333333333333333333333333333333333100001000001010100000001100000001000000000333333333333333333333333333333333333333333333333333333333333333333333333
3333333333333333333333333333333333333333333331000100000000110100000100000000000010000000233333333333333333333333333333333333333333333333333333333333333333333333
3333333333333333333333333333333333333333333300000011000000011000000000000000000001000000000010103333333333333333333333333333333333333333333333333333333333333333
3333333333333333333333333333333333333333333100001111011000000000000000000001111111020000000000333333333333333333333333333333333333333333333333333333333333333333
3333333333333333333333333333333333333010001000000000000000000000000000000000001011010000100000033333333333333333333333333333333333333333333333333333333333333333
3333333333333333333333333333333333301100000010000000000000000000101000000000000000000010000003133333333333333333333333333333333333333333333333333333333333333333
3333333333333333333333333333333333330000110000000000000001000010010010000000000000001010100003033333333333333333333333333333333333333333333333333333333333333333
3333333333333333333333333333333333330000111000000000000001011011001010100000000000000011000003333333333333333333333333333333333333333333333333333333333333333333
3333333333333333333333333333333333331000110000000000000010100100101010000000000000000001000000333333333333333333333333333333333333333333333333333333333333333333
3333333333333333333333333333333333332000110001201000000010101010000000000000000000000000100001033333333333333333333333333333333333333333333333333333333333333333
3333333333333333333333333333333333330000000111000000000000101010111000000000000000000000000000003333333333333333333333333333333333333333333333333333333333333333
3333333333333333333333333333333333330000111100000000000000000000000000000000000000000002000000003333333333333333333333333333333333333333333333333333333333333333
3333333333333333333333333333333333333000010000000000000000000000000000000000000000000000000000000333333333333333333333333333333333333333333333333333333333333333
3333333333333333333333333333333333330100100000000000000000000000000000000000000000000000000000000333333333333333333333333333333333333333333333333333333333333333
3333333333333333333333333333333333331101000000000000000000000000000000000000000000000000000100000033333333333333333333333333333333333333333333333333333333333333
3333333333333333333333333333333333310010000000000000000000000000000000000000000000000000001010000003333333333333333333333333333333333333333333333333333333333333
3333333333333333333333333333333333310010000000000000000000000000000000000000000000000000000101000000333333333333333333333333333333333333333333333333333333333333
3333333333333333333333333333333333000100000000000000000000000000000000000000000000000000000000100000033333333333333333333333333333333333333333333333333333333333
3333333333333333333333333333333333100200010000000000000000000000000000000000000010100000000001000000013333333333333333333333333333333333333333333333333333333333
3333333333333333333333333333333333001001101000000000000000100000000000000000000100000100000001101000000333333333333333333333333333333333333333333333333333333333
3333333333333333333333333333333331001011110000000000000001000001000000000000000001101001000000000000000033333333333333333333333333333333333333333333333333333333
3333333333333333333333333333333330012011100001000010001010000100000000100000001010010100000000201000000000333333333333333333333333333333333333333333333333333333
3333333333333333333333333333333300001121000101000100010100010110000100010101010101001010100000100000000000033333333333333333333333333333333333333333333333333333
3333333333333333333333333333333310010201001011200101010200010000011201000101010000100101010000001010000000000333333333333333333333333333333333333333333333333333
3333333333333333333333333333333300111110011101001001011000101100100201010101001010101000010000000000000000000003333333333333333333333333333333333333333333333333
3333333333333333333333333333333000111100101011111010102001101000111201000100101100100101001000011010000000000000333333333333333333333333333333333333333333333333
3333333333333333333333333333333100011100110120010011012001011001000201010010102101001010100100010010000000000000003333333333333333333333333333333333333333333333
3333333333333333333333333333333001111101111001011101102101011001010101010101011100100100101010011001000000000000000033333333333333333333333333333333333333333333
3333333333333333333333333333330000101200101101102133312101010001010110101000101110101001001030011010000000000000000000333333333333333333333333333333333333333333
3333333333333333333333333333331001110201111200112333331010110010101100102111000211010100100111011000100000000000000000003333333333333333333333333333333333333333
3333333333333333333333333333331001101201012201133010131110122001010110101110101112100101010021000101010000000000000000000333333333333333333333333333333333333333
3333333333333333333333333333330010101201102201111101223111012001001100101101001033333200101010010100100000000000000000000003333333333333333333333333333333333333
3333333333333333333333333333330011000211122201111111112301111001010110101010110122010111001020201010010100000000000000000000033333333333333333333333333333333333
3333333333333333333333333333310010001100112101021201222310210010101021010100011011010100100120100101001000000000000000000000000333333333333333333333333333333333
3333333333333333333333333333310010001111111111111011111221210110101021100110032202102010010011010000100010000000000000000000000033333333333333333333333333333333
3333333333333333333333333333310000001011201121111111000000200100101021010210331011100101012010101010010100000000000000000000000000333333333333333333333333333333
3333333333333333333333333333300000001120111210111002000000310020101021101113001111100201002200010001010001000000000000000000000000033333333333333333333333333333
3333333333333333333333333333300000010111101211211011000000032101010121011110000000000200112011001010100100100000000000000000000000003333333333333333333333333333
3333333333333333333333333333000000001112010212221000000222000202010011012102200000000111021000100000010010000000000000000000000000000033333333333333333333333333
3333333333333333333333333333000000011011111111210100000111000110101101110003210000000212120110101000000010101000000000000000000000000003333333333333333333333333
3333333333333333333333333333100000001101010201211000000010000000100011110001030000000111032101010101000000010000000000000000100000000000333333333333333333333333
3333333333333333333333333333100000011111111210102010100002000001011011100000300000001101032320100100000000000000000000000000101000000000133333333333333333333333
3333333333333333333333333333100001011010101111111000000100000000000102100010000000002010122232201010100000000000000000000000001010000000003333333333333333333333
3333333333333333333333333333000000111011113310001110100000001000100011110000000000011010033232230101010000000000000000000000000310100000000333333333333333333333
3333333333333333333333333333000001101110123300110100001001000010010001101000000010011000132223223110101000000000000000000000000331000000000333333333333333333333
3333333333333333333333333333000101111011113300010110100000001000020100000001001000020110022323232230001010000000000000000000000033010000000133333333333333333333
3333333333333333333333333333000011011110333300011020001010000001130000010000000000111000022322223223100100000000000000000000000003331000000003333333333333333333
3333333333333333333333333330000111110113322200001030100000100000020101000100100010110100002232322222230010100000000000000000000000333110000003333333333333333333
3333333333333333333333333331000110111122311300010122000100001001000000000000000101220100002323232222222101001000000000000000000000333310000000333333333333333333
3333333333333333333333333331000111102232312300010123000001000000001000010001000001220100003222322221221100100000000000000000000000033331100001333333333333333333
3333333333333333333333333332001101122222232200001032210100001010000100100100001013220100001323222222222201010100000000000000000000003333100000333333333333333333
3333333333333333333333333331000112222222223100001032330000000000210000100000100122311000000222322212121220100100000000000000000000003333110000133333333333333333
3333333333333333333333333332001122222222323000011032223200101000000000000010002232320000000323232222222221010010000000000000000000000333300000033333333333333333
3333333333333333333333333331001222221222322000001123232210000010000000001000112323230100000123223212212212101001000000100000000000000333330000003333333333333333
3333333333333333333333333331022222222221322000001023223212200000100000100011111222230000000022322222222222201010100000010000000000000133333100003333333333333333
3333333333333333333333333330222222222122322000001122323230121010001010000111112233231000000023232221212122201000010000000000000000000033333310013333333333333333
3333333333333333333333333302222222222222220000001123232321111110000000011111113322321000000002223122222221221010101000001010000000000003333331013333333333333333
3333333333333333333333333022222222212222130000001123223233121111001001011111212232221000000001322222121222221001000100000000000000000003333330013333333333333333
3333333333333333333333330222222222222212210000001132322322301111210001211011212323232000000000232222222212122010101010000010000000000000333333203333333333333333
3333333333333333333333312222222222222222200000001123233232321111111120111111123223223000000000022232212222222200010000000001000000000000333333103333333333333333
3333333333333333333333332222222222212222100000001222322323221111011111110112032323233000000000022122221212122101010101000000100100000000033333303333333333333333
3333333333333333333333022222222222222212000000001222232232323111111111011102123223223100000000002222122222212010100100100001001011000000033333333333333333333333
3333333333333333333333322222222222222220000000001232222322323211110101111110232322323100000000000222221221222100010010000000010100100000033333333333333333333333
3333333333333333333331222222222222212210000000001222222223232230111111111121323232323110000000000222222222212112101001010000010010100000003333333333333333333333
3333333333333333333333222222222222222200000000001330022222232323111101101101222322333300000000000223221212223333101101000000010100020000003333333333333333333333
3333333333333333333322222222222222222000000000001301232222223232301111111113332323233301000000000232222221223332200010101000000101010100000333333333333333333333
3333333333333333333322222222222222222100000000010302222222222223230111102012232322233300000000000132221222213332230100100000001001012010001333333333333333333333
3333333333333333333322222222222222222200000000001323233222122222323011111122323222223301000000000222222121200331221101010100000101001100000333333333333333333333
3333333333333333330222222222222222322200000000010312332222222222232310121032232222333300000000000232222222100322222010001000000010101200000333333333333333333333
3333333333333333333222222222222212222200000000011222223332222222122321201123232221023210100000002232222122000122222210101000000101010110000033333333333333333333
3333333333333333322222222222222222322200000000010322222332231221222232210332322221003210100000003232221221000022122210100110000010100111000033333333333333333333
3333333333333333322222222222222222222220000000011222222223323222222222321232212223110210010000002222222220000021222121010000000000101100000133333333333333333333
3333333333333333222223222222222222231220000000011222222222322322212122222222222232310211000000012322212201000222222222010110000010101000100033333333333333333333
3333333333333330222322222222222222232220000000001222122232233323102222122222222333221211010000032222222201000122221221101001000010010011000033333333333333333333
3333333333333333222222222222222222232222000000010322222212222233012322232222333222222111000000023222212100002212222212201010100001001020100033333333333333333333
3333333333333312232222222222222222232222000000010321221222222223023233223333233222122211100000023222221011102222212122220101000000101013100003333333333333333333
3333333333333332222222222222222222322221100000001322222222222222012333233233222222222211010000323221210110121222222222121001010001010103110003333333333333333333
3333333333333132222322223222222222232222200000001322222221222222022222232222222122222211000000222222111010222222121222222100100000101010200003333333333333333333
3333333333333333232222222222222222322222200000001222212122222222322222222222212221221220100002233222101102221221222212122110000000100100110003333333333333333333
3333333333333333322222222222222222332222220000001232222222222222222122222222222222222210100003232221101022222222221222212210110000010012010003333333333333333333
3333333333333333322222222222222223223221220000000231222222122222222222222212212122221210100013223211010222121221222212221221010000101012301033333333333333333333
3333333333333033222222222222222222333222223000000123222122222122222222212222222222212210000023323210103222222222212221222222101000101002310033333333333333333333
3333333333333333012222322222222232323222213200000132222222212222222222222212212222222201000122323011122212212212222122121222210000010101311133333333333333333333
3333333333333321002222222222222232323212222210000032322221222221222221221222222222222210000232321102222222222221212222222122221000001012320033333333333333333333
3333333333033300001222222222222232332222223230000122232222222122222222222222122222221201002322310222222232221222222121212221222000010101320333333333333333333333
3333333333321310000132222222222323232222223232000013223122222222222122122122222222122110002223212222323222122212212222222122222200010101312333333333333333333333
3333333330222000000112222222222332323222123232200003212322122222222222222221222222222100032223122223232332222222122121212221222220010011321333333333333333333333
3333333332222310000012222222223233232222223233220003222232221222221221221222222212212100232232232323232223221212222222222122212222101101313333333333333333333333
3333333312322220000011222222232323233222222322221002322223222222122222222222222222221013222223223233232332222222212212122221222221210012323333333333333333333333
3333333322322233000001132222232332323222222332221001222223221222222212222221221221220132322232323322323223222122122222221222212222221101333333333333333333333333
3333333332223222210000112222233232332222222233222200322221323222222222222222222222221232222223232232323323222222221212122212122222212211333333333333333333333333
3333333022222222221000111222323233232322222323222220222223232222222222221221222122213222221233233233232323232212222222221222221212322120333333333333333333333333
3333333322322322222301111122332323232222122323322222132222233222222222122222212221222222222223232322323232323221212212122221222222222222333333333333333333333333
3333333232222222222221110113233233233222223232322222132222223322212212222212222222222222222223232332323232322222222222222122212122232222233333333333333333333333
3333332222322232222222211112323323232222222323232222222322122332222222221222222212222222122232323232323232323322221212212221222222223221223333333333333333333333
3333333232223222222222221111332323323222223232322221222222222223221222122222212222222212222323233232323232323222122222122222212212223222223033333333333333333333
3333302222222222232222223011032323233222223323232222222122222222322222222221222221221222221323232323232323232323221212221212221222223232221203333333333333333333
3333322322322232222222222311113323232322222323322222212222122122132212222222222122222222222323232323232323232322222222222222122212223232222223333333333333333333
3333332222223222222222222221112332323222223233233222222222222222223222212212222222212221212232323232323232323233222221221212221222132323222122333333333333333333
3333023232222222222222222222111323332322222332322222222222221222122222222222212221222222222323232323232323232323232122212222222221223223232222333333333333333333
3333232222322223222322222222211132233222223323232221221221222222222223212222222222222122222232332323323232323232322222222221212122223232322212223333333333333333
3333323232223222222222223222222123323222232332322222222222222212222222222212221222212222122323232323232323232323232222122122222222222323232321221333333333333333
3330222222222222222222222222222113233322233323322222222122212222212222232222122221222222223232323232323232323232323322212221221221223232323222222033333333333333
3332323232322232222222222222223312232222223232322222212222222221222212223332222222222212222323232323232323233232323222222222222222222323232322212233333333333333
3333232222222222232222222222223232233322323232222221222222221222222222322332232222221222222323232323232323232323232323212121221221222323223232222233333333333333
3302322322322322222222222222233232232222323332222122232322122222212213222333223221222222223232323232323232323232323232222222222212222322323223221212333333333333
3313222222222222222222222222232332313222233232222233233232222212222223223232322322221222223232323232323232323232323223232221212222222233232322222222033333333333
3312323232232222322222222222332323232223323222222323232323322222221232123222233222122221232323232323232323232323232323222222222122123232323233222122201333333333
3332322222222232222222222223233233323323233322323232323232323222122222232232233322222223323232323232323232323232323232332222212222213232323232322222223333333333
3332232232322222222222222233323323232323232232332323232323323232222223322223222223322322323232323232323232323232322323232322222212222323232323232212120333333333
3322222222222222222222222323232323232323233232323232332332323223222222222223212222233233232323232323232323232323232323232322212221222323232232322222222133333333
3032233323322222122122122222222222222222212212122122121212121221211101112112111111121222111111111111111111111101101110110101010000000100101001001000000033333333
3221000000000000000000000000000000000000000000000000000000000000000000000000000000000000000000000000000000000000000000000000000000000000000000000000000133333333
