3333333333333333333333333333333333333333333333333333333333333333333333333133333333333313333333333333333333333333333333333333333333333333333333333333333333333333
3333333333333333333333333333333333333333333333333333333333333333333311211233333333333321121133333333333333333333333333333333333333333333333333333333333333333333
3333333333333333333333333333333333333333333333333333333333333333212112113333333333333333111211213333333333333333333333333333333333333333333333333333333333333333
3333333333333333333333333333333333333333333333333333333333333311111212333333333333333333333111112133333333333333333333333333333333333333333333333333333333333333
3333333333333333333333333333333333333333333333333333333333331121211333333333333333333333333331111111333333333333333333333333333333333333333333333333333333333333
3333333333333333333333333333333333333333333333333333333333111111133333333333333333333333333333312111113333333333333333333333333333333333333333333333333333333333
3333333333333333333333333333333333333333333333333333333321211213333333333333333333333333333333333112112133333333333333333333333333333333333333333333333333333333
3333333333333333333333333333333333333333333333333333331111111133333333333333333333333333333333333311111112333333333333333333333333333333333333333333333333333333
3333333333333333333333333333333333333333333333333333312112113333333333333333333333333333333333333333112111133333333333333333333333333333333333333333333333333333
3333333333333333333333333333333333333333333333333333111111133333333333333333333333333333333333333333311112113333333333333333333333333333333333333333333333333333
3333333333333333333333333333333333333333333333333311211211333333333333333333333333333333333333333333331111111133333333333333333333333333333333333333333333333333
3333333333333333333333333333333333333333333333333111112113333333333333333333333333333333333333333333333112121113333333333333333333333333333333333333333333333333
3333333333333333333333333333333333333333333333332121111133333333333333333333333333333333333333333333333311111121333333333333333333333333333333333333333333333333
3333333333333333333333333333333333333333333333321111212333333333333333333333333333333333333333333333333331211111133333333333333333333333333333333333333333333333
3333333333333333333333333333333333333333333333111111113333333333333333333333333333333333333333333333333333112112113333333333333333333333333333333333333333333333
3333333333333333333333333333333333333333333331111121113333333333333333333333333333333333333333333333333333111111111333333333333333333333333333333333333333333333
3333333333333333333333333333333333333333333321211111133333333333333333333333333333333333333333333333333333311211212233333333333333333333333333333333333333333333
3333333333333333333333333333333333333333333311112112333333333333333333333333333333333333333333333333333333331111111133333333333333333333333333333333333333333333
3333333333333333333333333333333333333333333111211111333333333333333333333333333333333333333333333333333333331112111113333333333333333333333333333333333333333333
3333333333333333333333333333333333333333332121111213333333333333333333333333333333333333333333333333333333333111121112333333333333333333333333333333333333333333
3333333333333333333333333333333333333333331111111113333333333333333333333333333333333333333333333333333333333121111211333333333333333333333333333333333333333333
3333333333333333333333333333333333333333311112112133333333333333333333333333333333333333333333333333333333333311121111133333333333333333333333333333333333333333
3333333333333333333333333333333333333333112111111133333333333333333333333333333333333333333333333333333333333311111112113333333333333333333333333333333333333333
3333333333333333333333333333333333333333111121121133333333333333333333333333333333333333333333333333333333333311211211113333333333333333333333333333333333333333
3333333333333333333333333333333333333331212111111333333333333333333333333333333333333333333333333333333333333331111111211333333333333333333333333333333333333333
3333333333333333333333333333333333333321111112111333333333333333333333333333333333333333333333333333333333333331112111111233333333333333333333333333333333333333
3333333333333333333333333333333333333311112111112333333333333333333333333333333333333333333333333333333333333331211112111133333333333333333333333333333333333333
3333333333333333333333333333333333333312111112112333333333333333333333333333333333333333333333333333333333333332111211121233333333333333333333333333333333333333
3333333333333333333333333333333333333211112111113333333333333333333333333333333333333333333333333333333333333333111111111113333333333333333333333333333333333333
3333333333333333333333333333333333333111211112113333333333333333333333333333333333333333333333333333333333333333112112111113333333333333333333333333333333333333
3333333333333333333333333333333333331111111211113333333333333333333333333333333333333333333333333333333333333333111111121111333333333333333333333333333333333333
3333333333333333333333333333333333332121121111213333333333333333333333333333333333333333333333333333333333333333211211111212333333333333333333333333333333333333
3333333333333333333333333333333333331111111111113333333333333333333333333333333333333333333333333333333333333333111112111111333333333333333333333333333333333333
3333333333333333333333333333333333321112111211213333333333333333333333333333333333333333333333333333333333333333112111121112133333333333333333333333333333333333
3333333333333333333333333333333333311111121111113333333333333333333333333333333333333333333333333333333333333333111112111211133333333333333333333333333333333333
3333333333333333333333333333333333312112111121123333333333333333333333333333333333333333333333333333333333333333211211111111133333333333333333333333333333333333
3333333333333333333333333333333333311111111111113333333333333333333333333333333333333333333333333333333333333333111111121112133333333333333333333333333333333333
3333333333333333333333333333333333112112112112113333333333333333333333333333333333333333333333333333333333333333121121111211113333333333333333333333333333333333
3333333333333333333333333333333333111111111111113333333333333333333333333331111121111333333333333333333333333333111111121111113333333333333333333333333333333333
3333333333333333333333333333333333211211211211213333333333333333333333111111212111121111113333333333333333333333121121111112113333333333333333333333333333333333
3333333333333333333333333333333333111111111111111333333333333333333121121111111112111121121123333333333333333331111111211211123333333333333333333333333333333333
3333333333333333333333333333333333121121121121111333333333333333111111111211211111112111111111113333333333333331211211111111113333333333333333333333333333333333
3333333333333333333333333333333333111111111111212333333333333321112112111111111211211111211211111133333333333331111111211121113333333333333333333333333333333333
3333333333333333333333333333333333211211212111111333333333331111211111121121121111111121111111211111333333333331121121112111213333333333333333333333333333333333
3333333333333333333333333333333333111111111121121133333333112111111211111111111121112111121121112111113333333312111111111111113333333333333333333333333333333333
3333333333333333333333333333333333121121121111111133333331111121121112112112112111211111111111111121111333333311112112112112113333333333333333333333333333333333
3333333333333333333333333333333333111111111121111233333111121111111111111111111111111121121112112111211113333312111111111111123333333333333333333333333333333333
3333333333333333333333333333333333212112112111211113331111111112111211211211211211121111111211111111111211333111121121121121113333333333333333333333333333333333
3333333333333333333333333333333333111111111111111113331212112111121111111111111112111121121111211211211111333121111111111111113333333333333333333333333333333333
3333333333333333333333333333333333121121121121121211333111111121111121212111211211111111211111111111112123331111211211211211213333333333333333333333333333333333
3333333333333333333333333333333333111111111111111111133311121111121111133333333333333333311121121121111133311211111111111111113333333333333333333333333333333333
3333333333333333333333333333333333211211211211211121133331111121111113333333333333333333333111111111211333311111211211211211213333333333333333333333333333333333
3333333333333333333333333333333333111111111111112111213331121111121333333333333333333333333331212111111333111211111111111111113333333333333333333333333333333333
3333333333333333333333333333333333121121121121111111113333111121133333333333333333333333333333311121123333111111211211211211123333333333333333333333333333333333
3333333333333333333333333333333321111111111111211211111333311213333333333333333333333333333333333111133331111211111111111112111233333333333333333333333333333333
3333333333333333333333333333331111121121121121111112111133331133333333333333333333333333333333333311333211111111211211211211111111333333333333333333333333333333
3333333333333333333333333333111112111111111111121111121113333333333333333333333333333333333333333333333111212111111111111111121111113333333333333333333333333333
3333333333333333333333333321211211112112112112111211111111333333333333333333333333333333333333333333331111111121121121121112111212112133333333333333333333333333
3333333333333333333333333111111111211111111111111112112111113333333333333333333333333333333333333333111121121111111111111211111111111113333333333333333333333333
3333333333333333333333311111121121111121121121121111111121111333333333333333333333333333333333333331112111111121121121121111211211211111133333333333333333333333
3333333333333333333333211211111111112111111111111211211111211133333333333333333333333333333333333311111112112111111111111111111111112112123333333333333333333333
3333333333333333333331111112112112111112112112111111112111111113333333333333333333333333333333333111211211111112112112111211211211211111111333333333333333333333
3333333333333333333211121111111111112111111111121121111121121111113333333333333333333333333333111111111111211211111111121111111111111211111123333333333333333333
3333333333333333331211111211211211211112112112111111211111111211112133333333333333333333333312111211211211111111211211111121121121121112111111333333333333333333
3333333333333333331112111111111111111211111111112111112112111112111111333333333333333333331111121111111111211121111112112111111111111111121121333333333333333333
3333333333333333311211121121121121121111121121111121111111121111121112111133333333333311211121111121121121112111112111111112112112112112111111133333333333333333
3333333333333333121111111111111111111112111111211111211211111211111211112111113333111111111111121111111111111111211112112111111111111111111211113333333333333333
3333333333333331111112112112112112112111112111112111111112111112111111111111213333111211121121111121121121121121111211111112112112112111211112111333333333333333
3333333333333311111211111111111111111112111121111121121111121111121121211211113333121112111111121111111111111111111111211211111111111121111211111133333333333333
3333333333333311121111211211211211212111112111211111111211111211111111111112113332111111112112111121121121121112121121111111211211211111121111121133333333333333
3333333333333112111111111111111111111111211111112112111112111112112111211211113333112112111111112111111111111211111111121111111111112112111112111213333333333333
3333333333331111111211211121121121333333333333111111121111121111111121111112133333311111112111211112112112121111113333333333331121211111111211111111333333333333
3333333333311211211111112111113333333333333333333312111211111211211111112113333333333212111121111111111111111133333333333333333333111211121111211111133333333333
3333333333311111112112111111333333333333333333333333111112111111112112111133333333333311111111112112112112113333333333333333333333331112111111112121133333333333
3333333333211211211111112333333333333331111211133333333111121121111111121333333333333331121121111111121113333333311111111333333333333331111211211111123333333333
3333333333111111111211233333333333333311211111111133333331111111211211113333333333333333111111211211111333333311111112121133333333333333321111111112113333333333
3333333331121121111111333333333333333311111112111133333333111211111112113333333333333333111211111111113333333311111211111133333333333333331121121111111333333333
3333333331111111211123333333333333333311121211111133333333311112112111133333333333333333311111211212133333333311111111112133333333333333333111111211211333333333
3333333321121211111333333333333333333312111111211133333333333111111121233333333333333333311211111113333333333311121121211133333333333333333331111111112133333333
3333333311111111213333333333333333333311111121112333333333333321121111133333333333333333311111211233333333333331111111111133333333333333333333121121111133333333
3333333111211121133333333333333333333311211111111333333333333331111211133333333333333333311121111333333333333331121121111133333333333333333333311111211113333333
3333333121112111333333333333333333333311112112111133333333333333111111233333333333333333311111123333333333333311111111212133333333333333333333331121111213333333
3333333111111123333333333333333333333312111111121133333333333333311211133333333333333333312112133233333333333311211211111133333333333333333333333111121113333333
3333331112111133333333333333333333333311112112111133333333333333331112133333333333333333311111333333333333333311111111111133333333333333333333333311111111333333
3333332111121133333333333333333333333312111111111133333333333333331111333333333333333333331121333333333333333312112112121133333333333333333333333312112111333333
3333331121111333333333333333333333333331112112112133333333333333333133333333333333333333333313333333333333333311111111111333333333333333333333333331111121333333
3333331111113333333333333333333333333331111111111133333333333333333333311133333333333311133333333333333333333311211211211333333333333333333333333332112111333333
3333321121113333333333333333333333333331121121121133333333333333333333111113333333333111113333333333333333333311111111111333333333333333333333333333111111233333
3333311111233333333333333333333333333331111111111233333333333333333331111211133333311121111333333333333333333312112112121333333333333333333333333333311121133333
3333312111133333333333333333333333333331211211211113333333333333333331111111111111111111211333333333333333333111111111111333333333333333333333333333311111133333
3333321121333333333333333333333333333333111111111113333333333333333333121121211121121211113333333333333333333111211211123333333333333333333333333333331211233333
3333311111333333333333333333333333333333111211211211333333333333333333111111112111111111213333333333333333331111111112113333333333333333333333333333331111133333
3333311111333333333333333333333333333333121111111111333333333333333333112112111111211121113333333333333333331121121111113333333333333333333333333333331121133333
3333312111333333333333333333333333333333311121121111133333333333333333311111111211112111133333333333333333311111111211233333333333333333333333333333331111133333
3333111123333333333333333333333333333333311111111211133333333333333333311211211111211111233333333333333333311211211111133333333333333333333333333333333121123333
3333121113333333333333333333333333333333311211211112113333333333333333311111111211111121133333333333333333111111112112133333333333333333333333333333333111113333
3333111113333333333333333333333333333333331111111211113333333333333333321121121111121111133333333333333333112112111111333333333333333333333333333333333112113333
3333121133333333333333333333333333333333331112111111111333333333333333331111111121111121333333333333333331111111112111333333333333333333333333333333333311113333
3333111233333333333333333333333333333333333111121121211133333333333333331121121111121111333333333333333311121121111123333333333333333333333333333333333311213333
3333311133333333333333333333333333333333333112111111112123333333333333331111111121111211333333333333333211111111211113333333333333333333333333333333333311133333
3333311133333333333333333333333333333333333311112111111113333333333333331211211111121111333333333333333112112111112133333333333333333333333333333333333312133333
3333311233333333333333333333333333333333333311111121211211333333333333331111112112111121333333333333331111111121121133333333333333333333333333333333333311133333
3333311133333333333333333333333333333333333331121111111111133333333333331121111111111111333333333333311112112111111333333333333333333333333333333333333311133333
3333312133333333333333333333333333333333333333111111211211111333333333331111211211212112333333333331111211111112113333333333333333333333333333333333333321133333
3333311133333333333333333333333333333333333333111211111111121133333333332111111111111111333333333312111111211211113333333333333333333333333333333333333311233333
3333311133333333333333333333333333333333333333311112112112111113333333331121121121112112333333333111121121111111233333333333333333333333333333333333333311133333
3333332133333333333333333333333333333333333333331211111111112111133333331111111111211111333333311112111111121111333333333333333333333333333333333333333321333333
3333331133333333333333333333333333333333333333333111121121111111121333331211211211111211333331121111112112111213333333333333333333333333333333333333333311333333
3333331133333333333333333333333333333333333333333311111111211212111113331111111112111121333111111211211111111133333333333333333333333333333333333333333312333333
3333332123333333333333333333333333333333333333333311211211111111111113321121121111121111333111211111111211121133333333333333333333333333333333333333333211333333
3333331113333333333333333333333333333333333333333333111111211211112133311111111211111211133311111211211112113333333333333333333333333333333333333333333111333333
3333333113333333333333333333333333333333333333333333311211111111211133311211211112111111133311211111111211133333333333333333333333333333333333333333333113333333
3333333123333333333333333333333333333333333333333333331111211211111133311111111211121121133311111211211111333333333333333333333333333333333333333333333113333333
3333333111333333333333333333333333333333333333333333333111111112112133111211211111111111113311121111111113333333333333333333333333333333333333333333331213333333
3333333333333333333333333333333333333333333333333333333331121111111333121111111211211211213331111121111333333333333333333333333333333333333333333333333333333333
3333333333333333333333333333333333333333333333333333333333111211211333111121121111111111113331121111213333333333333333333333333333333333333333333333333333333333
3333333333333333333333333333333333333333333333333333333333331111113331112111111121121121111333111121333333333333333333333333333333333333333333333333333333333333
3333333333333333333333333333333333333333333333333333333333333312113331211112111111111111211333112133233333333333333333333333333333333333333333333333333333333333
3333333333333333333333333333333333333333333333333333333333333333133311111111121121121121111133313333333333333333333333333333333333333333333333333333333333333333
3333333333333333333333333333333333333333333333333333333333333333333311112112111111111111111133333333333333333333333333333333333333333333333333333333333333333333
3333333333333333333333333333333333333333333333333333333333333333333111211111112112112112121113333333333333333333333333333333333333333333333333333333333333333333
3333333333333333333333333333333333333333333333333333333333333333331111111211111111111111111111333333333333333333333333333333333333333333333333333333333333333333
3333333333333333333333333333333333333333333333333333333333333333331121111112112112112112111212233333333333333333333333333333333333333333333333333333333333333333
3333333333333333333333333333333333333333333333333333333333333333311111211211111111111111121111133233333333333333333333333333333333333333333333333333333333333333
3333333333333331333333333333333333333333333333333333333333333333111111111111211211211211111111213333333333333333333333333333333333333333333333331333333333333333
3333333333333311133333333333333333333333333333333333333333333331111211211211111111111112112121111333333333333333333333333333333333333333333333311133333333333333
3333333333333332113333333333333333333333333333333333333333333311111111111111211211211211111111111133333333333333333333333333333333333333333333121333333333333333
3333333333333333211333333333333333333333333333333333333333333111212112121121111111111111211112111113333333333333333333333333333333333333333331123333333333333333
3333333333333333311133333333333333333333333333333333333333331111111111111111121121121121112111121111333333333333333333333333333333333333333311223333333333333333
3333333333333333331111333333333333333333333333333333333333111211211211121112111111111111111112111211113333333333333333333333333333333333331112333333333333333333
3333333333333333333121133333333333333333333333333333333331211111111112111211112112112112112111111111111333333333333333333333333333333333311212333333333333333333
3333333333333333333312111333333333333333333333333333333121111121121111111111111111111111111112112112111113333333333333333333333333333331112133333333333333333333
3333333333333333333331111123333333333333333333333333312111121111111211121112112112112112112111111111121111133333333333333333333333333211211333333333333333333333
3333333333333333333333212111123333333333333333333332111111111211211112111211121331121111111112112112111211111333333333333333333333211111123333333333333333333333
3333333333333333333333331111111212333333333333112111112112111111111211111111113333111121121111111111111112111112113333333333332111211121333333333333333333333333
3333333333333333333333333111211111111121121121111112111111121121121111121121333333331211111211211211211211121211111112111211111121112113333333333333333333333333
3333333333333333333333333311111211121111111111112111112112111111111112111113333333333111111111111111111111111111112111121111211111111133333333333333333333333333
3333333333333333333333333333111111111211211211211121111111112112112111111333333333333331121121121121121121121112111121111121112111213333333333333333333333333333
3333333333333333333333333333331211211111111111111111211211211111111121233333333333333333311111111111111111111211121111121111111121333333333333333333333333333333
3333333333333333333333333333333331111211211211211211111111111211211113333333333333333333333121212112112112111111111121111121121333333333333333333333333333333333
3333333333333333333333333333333333311111111111111111211212111111113333333333333333333333333333111111111111121121121111111111223333333333333333333333333333333333
3333333333333333333333333333333333333311121121121121111111121221333333333333333333333333333333322121121211111111111212121133333333333333333333333333333333333333
3333333333333333333333333333333333333333333111111111121111333333333333333333333333333333333333333333331111211121121113333333333333333333333333333333333333333333
3333333333333333333333333333333333333333333333333333333333333333333333333333333333333333333333333333333333333333333333333333333333333333333333333333333333333333
3333333333333333333333333333333333333333333333333333333333333333333333333333333333333333333333333333333333333333333333333333333333333333333333333333333333333333
3333333333333333333333333333333333333333333333333333333333333333333333333333333333333333333333333333333333333333333333333333333333333333333333333333333333333333
3333333333333333333333333333333333333333333333333333333333333333333333333333333333333333333333333333333333333333333333333333333333333333333333333333333333333333
3333333333333333333333333333333333333333333333333333333333333333333333333333333333333333333333333333333333333333333333333333333333333333333333333333333333333333
3333333333333333333333333333333333333333333333333333333333333333333333333333333333333333333333333333333333333333333333333333333333333333333333333333333333333333
3333333333333333333333333333333333333333333333333333333333333333333333333333333333333333333333333333333333333333333333333333333333333333333333333333333333333333
3333333333333333333333333333333333333333333333333333333333333333333333333333333333333333333333333333333333333333333333333333333333333333333333333333333333333333
3333333333333333333333333333333333333333333333333333333333333333333333333333333333333333333333333333333333333333333333333333333333333333333333333333333333333333
3333333333333333333333333333333333333333333333333333333333333333333333333333333333333333333333333333333333333333333333333333333333333333333333333333333333333333
3333333333333333333333333333333333333333333333333333333333333333333333333333333333333333333333333333333333333333333333333333333333333333333333333333333333333333
3333333333333333333333333333333333333333333333333333333333333333333333333333333333333333333333333333333333333333333333333333333333333333333333333333333333333333
3333333333333333333333333333333333333333333333333333333333333333333333333333333333333333333333333333333333333333333333333333333333333333333333333333333333333333
3333333333333333333333333333333333333333333333333333333333333333333333333333333333333333333333333333333333333333333333333333333333333333333333333333333333333333
3333333333333333333333333333333333333333333333333333333333333333333333333333333333333333333333333333333333333333333333333333333333333333333333333333333333333333
3333333333333333333333333333333333333333333333333333333333333333333333333333333333333333333333333333333333333333333333333333333333333333333333333333333333333333
3333333333333333333333333333333333333333333333333333333333333333333333333333333333333333333333333333333333333333333333333333333333333333333333333333333333333333
