2222222222222222222222222212212121222222222222222221212212121222122122122222222222222222222222222222222222222222221222122212212121121221211212121222222222222222
2222121212121112121111121121111112121211111121121211211211212111211211211121111121121222222221222212122121221212112111211211111111111111111111112111111112111112
2212221212212212122222121211212121212122222122122121121121111212112112112122222122121212121212212122212212122212121212121212121111112212111212111122122212212212
2221212221221212211112121111111111212121112112212121212112121121211211212121112112121222222222222212122222212121211212121212111121111121121111121211211212121212
2122221122121212121212121211212112121212121221212211211211212111121212112122221212122122221212121221222121222212121211212121112111121212111112111112121212112121
2221212212212212121212121111111121212121212112122121121121111212121121212212121221212222122222222122212222212121211212121212111111112111211121112112121212121212
2212221221221212121211211121121111212121211221212112121211212121212212212222222222221222222121212212222212212212121212121211211211112121111111111211212121112121
2221212122122212121212121111111211212121121212221212121121121121212222222222222222122222222222221221222221221221212121212121112112112112121121121112112121211112
2122222212212121212121211211211121121212121212122121121112112121222222222111112222222222222221222212221222212121211211212121211121112112111111111211212111121212
2212121221221212212212111111111112121211212122212121212121221222222210000000000000001222222222212222122221221221121212122121112111121121121121121121111212111121
2222212122121121221212121212112111212121211212122112111212122222211000000000000000000002222222222122221222122121212121212121211212112112111111121111211111121112
2212122212212121212121211111211121121212121212221212121212222210000000000000000000000000012222222212222212221212121212122121121211211211211211211212111112112112
2221221221221112212121211212111112121121112121222121212122221000000000000101010110000000000122222222121222122121212121221211212121212121121111121121111111111121
2222222122121211212121211121111111112112111212121212122222200000000001010101010100100000000002222222212122212212112121212121112112111211111121121111111121212111
2121112121212111121212121121211112121211112121222121212221000000010110101100001010100100000000022222212222122121212121212112121212121112121111211211111111111121
2211211111112121112121112121111111111111111212122212222210000010001010110000000100000000100000001322221222212111112112121211121212112111112112112111111111121112
2121111211211211111212121121111112121111112221221221222000000000000101000000010000000000010000000032222221111111111212211211212112121111121111211111111112111211
1121211111111211111121211221111111111211211212222222210000010000000001100000000000000000000100000012111121212112111112121111112211211111112112111211111111121112
2211111212212121112112112121111111212111112122222222200001010100000000000000000000000000000010000000000012121111112121111211212121121111111211211111111111111211
2122211112121211111111211212111111111111121222222222000000000000000000000000000000000001101010000000000012122221111212111111121212121111212112111111111111211121
2222112112121221111112121221111112121111121220100000000000000000000000000000000000000000001000001010000022121212121212121111121212112111111111211111111111112112
2112211112121211111111111212111111111111212221000100010000000000000000001011010000000000000000101000000022121221212121111111212121211121121212111111111111111211
2222112122121221211111121212111121111211121221000111000000000000000101010100101000000000000000001000000122121112121212121111121111111111112121111111111111111121
2112211112112121111111112121121111211111221222000111000000000000001010101010010100000000000000000000000122121111121211111211111111112112121112111111111111112112
2222211212121212111211112121111111111211122222000010000101000000010101010001000000000000000000000000000122211211112121211111112111111111112121111111111111111111
2112121112121121211121111212121112121111212122000010011100000000001010101010100000000000000000000000000012221112111211112111211111211111211112111111111111111121
2222111212112122112211111121211111111112121222100011110000000000000000000100000000000000000000001000000002212111111212111111111212112121112121111111111111111112
2112211121211212111221112111111121111111212222100101000000000000000000000000000000000000000000000000000000222121211121121111122111212111211211111111111111111211
2212112112121212111211211111211121212111122222200000000000000000000000000000000000000000000000000000010000222211111111211121121221122111111111111110111111111111
2122211121112121121121111112112121211111212222000000000000000000000000000000000000000000000000000000000000022222121121112111122112121111212121111111111111111112
2121112112211212111221212111211121212111121221011000000000000000000000000000000000000000000000000000110000012222111112111111112211212111111111111212111111111111
2122121111112122121121121121211121212111212220010000000000000000000000000000000000000000000000000000101000002222121211212111211221221211212121112121111111111211
2111111211111212111212122111111121212111122210010000000000000000000000000000000000000000000000000000010000000122212112211111121212121211111111112121111111111111
2111111111121212112212121211111212121221212200100000100000000000000000000000000000000000000000000000001010000012221121211211112121212111121211121211112111111112
2111122221112121211212122121121121212121222100200111000000000000000000000000000000000000010101000000000000000000222212221111212212212211111111121212111112111111
1121111111212121122222212212111212121212222000101110000000000000000000000000000000000000001000100000000110000000022222221212121221212112121111121121111111111121
2121222212112122121221221212111121121212221001011110000100001000001000001000000001000000100101010100000010000000001222222222121122121211211112121212111111211111
2121121121212212122222212121221212121222221001111100010010010001010001010000010102000010101010010000000001000000000023222122122121212121211211212121211111112121
2121212111121212121221212121212111211212220011111000111100100101100001010001101012010101100101001010000010010000000001222222212121221212121112121121111121211111
2121121212122121222122221212212121212122220011211001010101101010100101100010101002001011010000101001000010000000000000022222212212121212211112121211211111211212
2121212121121212121221212121221212121222300012110011102011001011000101000101101011010101001010100100000010101000000000000222222221212121221121212121111112111121
2121211112122221222122221212121212121222200011110101110101001101001010100010101011100011101001010101100010010000000000000002222122212221212112121211111121212112
2112121211212122121212121212221212121222200111010110110111010101010101001010200102001011101010001000110010100000000000000000122222121212121212121211111112121211
1212112121221221222212221212122121212223100111101011010101012312101011000101101011010100210101010010011010010100000000000000001222222222122121212121121121211212
2121211121122122121212212121212121212222000110111101101111233331110102001010200100200010111001001010102010101010000000000000000012222212212121212121111121212121
2112112112122212212212121212122122122222001110101111200013211232110111001010101010111010111110100100101010010000000000000000000000222222212212212121111121211212
1211211211212122221212221212122121222222001000110102201112211123210121010101010101111010113332201010011210100101000000000000000000012222221221221211112121121212
2121121121222212122121121121212212222221001001111111100111201111311021010010110010110101023222221001001110010010000000000000000000000122222212122121211121212121
1112112112121222212112121211212122122220011000111011111111111221220110101010111010110011011101000100111010101001000000000000000000000002222222212121121212121212
2121211212222121221211212121212221222220000001111111121021111211231110110101011101110013111101010010011010000100100000000000000000000000022222122212121211211212
1112112112121222122121211211212122222220010000111111211121011100101110011010111100110132211100101012010101010010010000000000000000000000001222221212121212121212
2121121121222121221211121121122212222220000001111201111111001000000220110100111111112201011110201102110000101001001000000000000000000000000032222221212121121212
1112111212212212212112121212121222122210000001011111112121010000000122001010011010121000000010110112101010000100100000000000000000000000000002222212121212121212
2121211121221221221211212112122121222210000001111110111111000000001201211101011102111011000000021101001001000010010100000000000000000000000000222222212112112121
2111121212212212212112121211112212212200000001011111111211101000022100110110102111011111000000111121101010101000010010000000000000000000000000002222121211212122
2121211212221221222111211121221221222200000011110101111111000000021100010010102110000110000000111112100100100000000100000000000000000100000000000222221212121212
2111121121222122121212112112112121222200000010111111111111100100001000000011011110000220000000111022221010010000000001000000000000000000100000000022222121212121
2121211212212122212111211211212212222200000111010101111010100000000000001001101110000000000001100112323110101010000000000000000000000011100000000002221212112122
2111112122122212122121121121122121222100000101111112311011110000000000000000011100000000000002010113223221100100000000000000000000000001211000000001222212121212
2212112122212121221211212112121222122100001111010113310101110101000000010010001111000000010011100012322322201010100000000000000000000000222010000000122212121121
2121121212212122122111111211212112222100010110111013310010010000001010000011100000000010000011010012323232221001000000000000000000000000022210000000022221212122
2212112122122121221212121121122212122100011111111223310001120100100000010122000000100000000110100002232223232110101000000000000000000000003221100000012212121212
2211212221221212121211212112121212222100101010101332200001021000000100000011001010001000100120100002322323222320010100000000000000000000001232110000002222212122
2212121212212121221211111211212121222000111111122322200001122100100001001001000000000000000121000002232322222222100010000000000000000000000222310000001221221212
2212112222221212122112121121121212222000101101223311300001023010001000000000010001001001001230100001223223212212201000000000000000000000000023222000000222212212
2221212121212212121211121112121212122000111112222222300001122200100000100100100100000000011220100000322322222222210110100000000000000000000012232200000122212121
2211212222121212121211211212121212222000111222222322200001023230000100000111000110010010113230000000232232221212221001000000000000000000000002222211000022221221
2221212122221212121211121121121212222001112222222223200001122323200001001000000000000001223221000000123223222222121100101000000000000000000001232321000022222122
2221121221212121121121112112112121222000222222222322100001023222211000000000000001001011322330100000022322212212222110100100000000000000000000222222100012212121
2221212222122121212112121121212122222012222221221222100001122323321200100100010000000111323221000000022323222122212201010010000010000000000000023223200002222121
2221212121221212112111112111121212222122222222222232000001032232221121000001000100111121322322100000003222222221222210010000000000100000000000012222220002221212
2221212222122121211212121122112122222222222222122232000001023232322111110000000000111121232322000000002232221222212221001101000000000000000000002222221002222121
2222122122212212121111112111212122222222222122222221000001123223233111111100100111111112322232100000000232222212221221100010100000100000000000001322232002221212
2221212221221212112121211212121222222222222222221220000000123232322311111110000111111212233223000000000222222122122222110100100000010000000000000222222202222122
2222122122121221211111121121212222222222222222122210000001123232232221111111111111111113222323100000000022222222221212201010010000001000000000000222222202121212
2212212222212121212121112112122222222222222222222200000001032232323322111111111111011122332322100000000012222212122222201001001000000100010000000022222212222121
2222122212122212121112111212122222222222222212222000000001122232322323111111111101111123223223200000000000222222221212200100100100000010101000000022222221212122
2221221222212121212111212121222222222222222222212000000000132222232322211101101111111123232323200000000000123122122222110101010000000010010010000012222221221212
2122222212212212121211111212122222222222222222220000000001132222223233230111111101111132322233210000000000222222221222101010010100000001001010000002222122121221
2222121222121221212121121212222222222222222122200000000001122012222223232111101111111232233223310000000000123221222122233201001010000010101010000002222212121122
2212222221222121211211121212222222222222222222200000000001130222222223223211111101111323222333310000000000222222122223333210100101000000100102000001222212121212
2122212222121212121121112122222222222222222222200000000001211322222222232321111111112232332233220000000000123222212121332221010010000000101001100000222212121212
2222222122122122122112121222222222222222222322200000000000212333322222222322101111102323222223321000000000222321222210333222010101000000100101110000222221211212
2122122212212212121211212222222222222222222222200000000001322233222212222232311111113232222232220000000000223222212200132122101000100000010101200000222121121212
2222221222121212121212121222222222222222122222210000000001222232233222222222321120123223222123321000000000232221222100032222210101010000010100111000022222121122
2122222212212122121211212222222222222222222222210000000001322222332232122122223210132322221002220100000000223222212100021222120100100000001010120000022212121212
2212221221221212121212122222223222222222222232220000000001222222223322222222222231223222222210221000000001322212221000012222221010010000010010021000022221212122
2122222222122121221212222222322222222222222231220000000001322222222332322221222222222222223211220100000002322222121000022221222101010000001010111100022221212112
2222212212121221212121222222222222222222222232221000000001222222222223322301222222222222333222121000000003222222210000121222212110101000001001012000012212121221
2122222122121212121212222232222222222222222232222000000001222212222222223202222222222233232222220100000012322212110000212222222210001000000100102100012221212122
2212222212212121221222222222222222222222222222222000000001222222222222223102232323323333222222221010000023222222011101222221212121101010001010102201012221221212
2222212221212122121212222222223222222222222332222100000001222221222222222112233233333222222222220100000022321221010012212222222221010000000010012200012212121212
2121222121221212121222223223222222322222222223222200000000222222221222222112223232222222212222121000000223222210101122222212121222101100000101001210012222122121
2212222122122121212212233222222222222222222323221210000001132222122222222222222222222222222222220100000232222110111222122222222122210010000010111210012221221212
2222212212212121212122333322222222222222222232222220000001132212222212222222222222222212122221221000001223222011011222222121212221211010000100001220012222122222
2121221221212121212222233323222222222222222323222221000000122222222222222222222221221222222212220100002323221101122212212222222122221010000011011220012212221212
2212212212122121221222233322222222222222222323221223000000123222212221222222222222222222122222220100013232311011221222222122122221222110100001001220012222122222
2212221221212122122122233112222222222222223232222222200000023222222122221222221222122122222212220000023223110112222221222222212122212211000010101221022221222122
2121221212212212122222223001222322222222223323222222310000122232122222222222222212222221222222211000123232101222221222212121222212222221000001010221022222212222
2222122121212121221222321001222222222222232332322222321000022222222221222122221222221222222222210000232321122222222222222222212221221222100010100221122121222222
2121212212212121222222221000122222222222232323222123232000013223222122212222222222122222222212201002223211222223232221212212221222122222210001011221222222212212
2212221221212122222223220000022222222222332323222222323200002222322222222222122122221222221222110012322222222323232222222122122212221222221001000221222212222222
2221212122121212122222220000012222222222323232322222323220002222232221222222222222122222222222100032223222323232322221222222221222122212212101010221221222122212
2121222121222122222322221000001222222223233233322222232221001322222222222221221222222222122122111232222323232323232222212121222212221222222211011222222221222222
2212121221212212223223222100001122222223232322321222323222100222223222222222222212222212222222012322123232332323233222222222121222122212222222001222221222212121
2221221212221222222232222210000112222232323332322222323222200232222222222222222222221222221221123222223233232323223232122122222212221222122212210222222212222222
2122122122122222223222322221000111222233232323222222232322221122222333222212221222222222122221232221232323232323232322222221212222122212222222221322222122122121
2212212212212122222222222222200111122323323233322122323222222123222223322222122222122212222212322122232323232323232323221222222122221222122232122222222221222212
2212121221222222232232223222221111112332332323222222232322222223222223322122222212222222221222222222223232323232323232222212212221222212222222222223222122212122
2212212122122222322222322222222211112232323323222222323332222222222222232222221222212212222222222221232323232323232323222222222122121222121232321222222221222222
2121221212221222223222222222222221101232332323322222323222222222222122223222122222222222212222122122223233232323232323322221212222222212222223222222222222212121
2222122221222223232232222232222222111123232332222222232333222122222222222322222221221222222212222222232323232323232322323222222121212222212222323212222222122122
2121212122222222222222322222322222211113323232322213233232222222122221222232222122222221221222221222232323232323232332322222122222222121222123232222222222221222
2221221212122232322322222222222222221112232323322222323323212222222122222223222222222122222222122222232323323232323232323222221221212222212223223222222222222121
2122122122222223222222223222222222223111233232322223332322222222222222221221322212212222212212222212232323232323232323232322222212222212222222323232212222212222
2212212221222232232232322222222222222221132332322222323233222212212222122222222222222221222222222222323232323232323232323232221222221222122122323223222222222212
2221212122222222222222222222222222222222023232322223232322222222222212222212222322222122222222122122232323232323232323232323222222122222222222323232221222222222
2121221222222332323223222232222222322223212332322223323232222122222222222222222232122222221222222222323232323232323232323232322212221212121222323232322212222222
2112112111222222222222122212222222122222311323222223233222222222122122212221222223222222222212212222323232323232323232323232322222122222222222323232322222222222
2121221222222322222122222222222222221232332232322232332322222212222222222122222222332322222222222222323232323232323232323232323222222122212222323232232222222222
