3002213120221002203020210012210212120331333213200132031332132103200333331313100001021312013233312310320231230122302302303011030310031330211033330233100312131033
3113333200011100320232323303313000122211331031111230123110331231332120032203111023313312232102233232203203202220330123002032233213033010200011000201321202312301
1200112023133302222130023203022232122312021310111033132213110112123223000303131121231031210331100312311030322110013112020312020122002022333303323303333101232122
0130202133210202311131230132012012011230223301220312312131300033313323111031223223111110113123203013032102013231120030203011312233123212301311131101110012030321
3030220023310222011010220101212032032131122002123320013233312312331120110213213022213121333223121103320110121121330213331321333203031323130312221320012332222332
3300231210330100332332330213323313031332211231033031002003123111121230100233333120123302003101301120201210302031021301321211101112301010231001232230300110202032
1231022332023023020200112112333222022122322130000231213213012110231133313212131321110323123003213123002130321020101223212313212112232123300102102031310103312032
2220032003013122211123332231033013023310001202302333131101112021221320312231213212230001231001130131101101312303323032110321031232132010201022003233322223130030
2330320233320333311003222103101200120313313203003032102233102021020003000033311111033113000213230002302022121323312331112101321121001200003032333001301300012311
3100123322133101320202020222230303002332010030133310031330203310323331233333103312113311313231223320133122303002011132230102302312322212111131020222100123333223
2113333013003101311033332102131003212322101020011000230302001230221023231021013323001231012011211100101201113233223013103031133331003211321230323110331232303033
1120323102302211131232320013123123323322311110210203321120031131123330103112220201330131313311223023202011033321311010300232230010102230103311021030330201330210
3131030012223003003121002332331223323010032330002210221101122131013002313011233012301100311223001120102121321122020220132112223022200300012332203011322013013110
1113022231123121231202130002330012303303032211103032220302013212330321213123131330300121303103022031213002000203231320212322112122101112220230313131111213202333
1000203021203121120221312303303223302001101111113233300221111322211222110113023231131213113230122301133021032311031002031330031222013033001112220333020010231323
3113320211121101232100202023011013000111031031312001200202323313323121011220311203013303032310233211123311322231222130233010220233231123103033332023002233321030
3320010202132131123333022010322001221101122233101230322302010322220002302331311112200231131211330111120103200003312220021301111211321110211132100313230333122203
2110203333003302201320310121232002030013130303111200103211233330223220203010220230333212011132213310213132302232221223312021233301020033103332101023210333300301
0103113331333231322213002021231313122122200111120103102313210031131231311202121332000021013033232130013020320130303131312220033233313311002302100302112301222331
0212130130003011001100112232103031123332110012010111131101233120323222133223220101321132330212212130313133322210211002301131202032210131220121122020012111022300
2100221312000232103113103230331203022333333230110030211120011011212303020221221000110121022003113022031330002011301121111231100301000121032120233013330013223012
2000313021101221213013311112032102023033122312320220203302311221022303233212023232030321012200230131111001220131103221232031220230330033213031211311111233130331
1120012201023220211013301203102313133202220010232110223010002201232120302210100022002003121101031033233023130023001223123221212023303003031330203001223002200122
1333100322121012211333212100013133330131231101001013021010110020112102013230220203032012112222300332120221231300122023310101113301200030120012201321012201312121
3113033230202030203312223031133130130103222032203303202011300200122032220000111030332330221203022112010021123120311102031203332333133022002212210322211321203301
1133011332001011000313122110212200213210022133002122000020332203020302230120203320033122203201323113100101011120122310011001331031322111111102222000202200133122
3011213211332020122110300122213122002121122323110103002231200131033213120003212202001230231123201200121113211112010013201213130121322123210103111001121203320301
1333001100112301000320203132003301100202333302222130120212113212022211033223231321230000000210303322303203102223322033233202103123210310030032210202123231131302
2323331313101001021232313220212033110303313301122010022322322030332203313103112201002300101011311331200133030222222033320011131031133120220030120331033233330103
3121001211032303213033131302002300023211012233001333231233300112103333202112100003033320310310010133233211220213230300133003231203223012310031022213130312102132
1330300000111210101123322101220320021001300011100200220031321020103203202333030313103223121022111002003202200312012210120133102202123101131111203310123310123330
0013111221002332122211212213002101221313323013121302002230200130333323000321313330002333213113001002210310101001023210332230230003120300112201113320013232121002
1221010133101032321020011221121011231011013130303020113113020020320230311021303121301030322210031330011203102012123113031032233033102112301331211131212223133211
3311000232100233012122032321300200201222002032133133223102213313332231332321101001100223311233223210111202322120210330022020213111021312021030321120331023322132
0221330000002223023133003203013231110131021230112112130101120223200223113103302202311013210301330102111312300131110031201023111220023230110210333330001103120121
0301021211320111022123200313222113312022301023221333332003311310111002221100201322231203133323211202330112200311122210202213322312300212101002313010031210123210
1320023123100013131323311210330202101230310333333333333332013122003213320111012320312231112111310322313132033032202223101231202212023223230031332111313031000201
1020032022332032133220122313113131011322202333333333333333111001103123002320322313023103333022021022020303003032113010001030132102112233010320322233202033330212
1133112320301000223211120223001032031212131333333333333333303033012111211200012211311231203132023332121133103111131201031312003302101030031032122031301032100200
2321213001130201011201212012300133031031203333321302213333311013311321210021223011331122333030221331230030012113231132200213103302023030102012321012332313033332
1331311331132302333003020303012221003203103333321123221333332013001000212112331330213133233212121321332033110023331023232333032001221112022210013320210032110131
2322110211313132102332332202313132220003333332123203221233333233331013131321001221001301122000001222111133331232110220131311101011212030230231120302123200133301
1233123213320330101332131220233322331132333222323221103213330310213210123201110322001313111302233231231023223221231322223021123310103210313320130331011232033230
0302101111103233212333320011132321120113333020321021121003333203122103120110222113033333333323312131321303302312211022313123122313332020121233020012210211323013
1003202021323112301322031211102310233033333301222321103133333321320102313231003122121333333333311220321112021211130120010102223331112212121003121200112311300033
1311123223010301110122133223103330221333330013101000001333333333133322102121311002313333333333333321332113033233110112333002030101203310322311231031133001233011
0233011003311133302103221011232110301333311312233203133000133330303213021001223331333333211333333320012302301131322022120332000013013302122322113213123203302231
3333331200022130233103020312323223132333330233011202313211103333122203100111211303333333011311333333103322200222322203312201311233332300313130232231220033033313
3201122113110301000021103030000031213333202310302312303301303333121100011022033333333120202013033333330203022210232010211021033212202100223210121202022132111302
2033031332022200003110011323223000033333113032132030202030300333300030030233333333332201001122002333331031013333110213130210130301233333022031032120102201120030
0302030121222210020103011002332223233331003133221011131012010333310230012333333333333211300111030133333233101101221303012122221123022210013220131103320011113220
2320112333302001133001032003302220133330120103231223012201231133332002121333333132312100233221312013333211020302320223021033320020322313210232312223001133121313
2112222303310201221211312030320112033300220313103323003100003233312221122333333022121013303033220203333331102222333122031210202030330123021030033033033220130131
2300213332132030130330331011221300333303312012202231320100230133330310212333022013212033012233002302333012312122013133220313331010012131122100121002122230311122
1121310310122010321033201110112330333102133233032223232003102133332013331333223020112332321130302123333111111202033002002123020331033011212212031122233213321130
2030031022200031133031311330003223333121003233222111030330233023330230133333020321321312032022312333333022102113032223330002332231332121123001310332013011022202
2213033011231012033022123113200113333210310232100333133333333011333031323330300332020313203000320233330133120032233130030120233112202121320321233012031010103012
2003200132203012200230233221221223330321000201113112121120312112333111303332301010012200330202002103333312332123010302311110122020022201230203302131210033032301
3121211321000103032002203031210123333130320200220202312220031320333300121003030123130123110222120203332013130111300313210122320020023200310033002201231032133031
2033030020320232303011312332031103333313322213211321213333321333003333013332120301202030002332103123333131011003000021220023210000003300203011033120030310331102
1111103022121313222301033320113333333212311002300330013131012101133331203331113330032102211313001203331132330012211230033111230200023131000301310100103300011313
2130120001311011013330121332332333333203210102330131200230131221203333023330220103112023231110221223333222323221022300012103221002231103020231300131320313221122
3311313020002132333222333220300333332321021001233220001033030331121323111030101232100333101202303013330032202012020102110323302220133333012213230223310333201122
2232023133322212020130103332121033320101323213213302113002123212032311101221221302333231213202023222103231322232233312203200133230230133003100023220132030202233
0200033032030131012213010301122333333013310323013101131032323000202233322120212030221122003301023333101302332113011200112022032200102103330333202020202203300302
1231113100200111112232002223030033333023103313212321010103312220332033331320132131232113321222303333130312000210101101102121013032231103112101320313202233223222
0133333000230132122310212312030003333123002202202312323310231200312033333323302032133133200010233333010312323130010311010301302203212033303231233210200002110023
2103313233201022032031133322211313333001313112331302331120030233212223333333002201021300121133333333233121101233123131033130001121003132223222113213120111331013
3222233202131120011102331310323211333323220111310303210100203003333033333333333333333203333333333101031113122203302231110003011110321003210103221000112103311001
1123013323312133213201020333121001333031103130331302001111000300301033333333333333333333333333333201001312321010133012021023231221302011230013110123031012133033
3101031221303200100321123302323312333310030000302302330221002022102133233333333333333333333333332202311021230103012223023101212210201111321100003303332010032130
1320233120003230302011031231233021233313033000301223112000323212232211333310203331123333330301033130132301211120010012001133130200232132023012330000300023111232
0113223311130322120313211200311110333300323233000131103110012033200320333332000303211210301203223222322300232111101101021102203102132101302322203212213331202331
3132300010312323120232321223223021133332213010200230202213202121301220333302330022132010222203132300233030221311113322220310221133000333311122230323331201233323
3303212332030232003321001230303022103033011012003200120211200210303033333033222213102220013112200020011301301023330330122022123300011230023202302030232210110211
0220200333130102220230113323202302212322031122120232013031213112201313333300323220000311212110030003203330222110333333032330330210303020132033023002302230333201
1011302020111010120031330122333021030123000301012213103233303010132032333333212230022113101030212320230222303323230002202311110233232031030032200102010122220200
3132000311033331131003002031321320302123100132103320213200100021300211333331122021333322001100120313303212122022222333001013321030102113131012300313133023310131
2231011310323333122321103110203320001002031012333133220131300201200210213330102031233132110330312300302001331111300232213203313221101302130103123123223000331213
0330121013110003011210000113230202322333302303120113011003203212322112233333001132310233112123202121200201021010332120203231201311220100301112103032330231223212
3333012212032210333123222001311332311033310132302103303102103202323023200333131001313231321220002003300301111201201111121113301321313120121231102123221012102213
1132013011222002313020111103111201301033312333330203122333322333200130110333031123323230322231222021020313232032203211132231232021101121311310201211111032231012
3330020203222313323232303331121130123313100320032331003210132100201132130333012130322222021313312302222232322322033230310102212333313110132102330221210302222102
0010201023023230213313321102002231313002333313332232001322212223211323233333220132220222132020330002323032013121321133101323122333121130102110221210110231123010
0012212300333122010301213201102102032210333132131323203231120222100212032333023200210300021203203121231020300230103033202201202210321122311133122213230321232002
1022122322311201331332233112030310221322333322312132000212301100022210123333313210220331130202012102212311330203122112001102302120323121230103332201110122132121
2332130331113100022332212030022203102111033333002121013212110030301031333333211231220100101211120030021012103233300112133333013320220112231211101033211120311003
2301012333020330201200133103130103110332233333211020102303200301032013333331331133012332011132301310000200010103032231033323103223221002321011112010230000202313
2330303121301000333300323331331200213200113333333210320020100322033333333020210011231330123023122210030101203010021312211023330011011332101133000010223222112221
1123220221332103211031011220310211333132310333333333333333333333333333333010023210223011332231333203202100213100120311122302322212131110321110223010310210013313
1012331332203232023100011103112323030022110123333333333333333333333333312221220130321303131021230213233001133130212113213002133122301310112010101110101003103220
1002221201230011100030103032221301133002300021333333333333333333333303211012302221323312033032221032121200121101102120202200110131312022303112311030030323213032
1101110213211112300311010321001022120332333332001313303331333300023332102111311010033210013021133230220223132130003300111300320133203002131313131112123222001310
2130010101031100233013201231100321103013120133020120303023011120232130133213203311300223323301033220233201303130031230330202112121112231122321033232331101203321
3312001000311112331020122202222232013121230101312231120202000332010302313233333133002010232231332213103231130200201310013303321101231211300031322311232122211221
3201033300232223110132113302030013323302300200331202213233232012233031322213002333013233231211300321233222100310112223320100220110011033200030213301031021210231
2202032310111013113300323031000221320332131322003002122001111110110020321321103003123022110320031020000113332021101220130220212002212322323200021133013221111001
3310100020200113122202132001103112120220012123010123101330133310132130131210322322000022012110122131333300303023113331201333132300011200321110002221013301203231
1021233223221211110331131202330130013230120102021021212031203301000210222033002123120133102030103131311310121300312030232330102212030131013232202211210110310110
3100010311110131221323321202203022000310300113020031123231012311230322231230003032101121313203121130002332300110102011203230112330020321322210331001132010322011
0302123203033003233132112330231001321223302111010102123130310023001233200303221303220331311320121013000130221210020320021330120320221202202122231331122032000021
1012033300333132021022200121101312330030103220223113232013023201203332011201210320302103103232322103330111313113133021112113101330330202321333320230311332211202
1023300220211022100133012122230130012101312201303021212112230013211023022002023133111111322303122321300211123310220331002111301103231312010332310211301211132133
0232101131000100233312103102321301130313330323322120130223231002002001120232333221222302200203002332002003021111001213101230331010113331003110321121013001212201
0113230032331100222301003020213113023012223101322010233113303332020320223231122213111230321000230021323331310010311323220200032101331232202111133130302222230300
1111221132211131211211022312113323203223200123110031332233202123323301121200032220223213310220331331312000022221001013211313132200101312130100012330021123103022
1302102202003222303322123330101100120200333112030222221333320020132000011320101330301113201330302012132303103231321320111230021103210002222113202311112103020310
3113022221233013212320320320010230203330132231010122331210232303102230020321222212212210213302300130201033333011112121233212331211101231210002320021303221002101
3030000023110111322003223122101312012330221310302232302110221012001101010321031011310011030032313112022303232100331032311213211030313323332232220100313223302121
0321010311330332033212211203211320131010213221203232310022113322003312110213223111232221232011123201101221111121023120202013231121020201201202113210003122223311
0333011302320101211121230120200310221100210032021120000001001120112033031302223031311220103010103231010013230303212101202031112112130313303321102021013213020122
1213330212332113032232312323002023301203130003213020323130220010120100000132332032001122221210031203300321321303300312003333323103122113003132030110132212231023
0310211320003112011223120000330320120331101313223111231100332220213130110122221132120200332011311310002121232323111201213102332210320111232003323011332123320323
0331302132131320333232201333031312100132212113230113231030101212112311212310330132111311312330330110132030000231331131233000012223303102320111033000121302112021
2120213130330020333230331023002212130031321121132120123002020233032033013120131132333301110001021303301032033310221310200003130023110111210211332032021133002113
0003032132023323230020021332110223131120210033202202322111233010100132230233323233230133222103012221133222202032232323300333111113320120100112021012100211221200
0301003103200321320230320323303230122021030123130113100300321221310001032122033013103131210233203130333133010322231323301231112121220002131300320012200201030110
1010101332011203113133122310023231022220030100032013100103232122213212203121000221132033210030003032223202123230100111122122120230312120300302313120203202301323
2010301120002312322113331201123113111202333212202311000301313030020303010203123212331021033120123230002230233101212012112033032201123011002110311233131213331332
0021213010000103102323233100013213312203110231322211020122223222103223003000132312230101020230000122132010033212130130323203003201103023032012110122000111200101
0023230222013112303221320300121032023203312322031003030330030222021230311312131103222212013122020021031203303012222031303030003332110013121121012313230111202011
3002200020020333031113202031030013122000122021021131113122302230210102133232002333003232002132300222212331202313323001103301201103320301210221120330323132022030
0033331203030213333132301011003132333123010133132031020021113100031320222022232221321223310103330102322021322330321021332233003110233013313130010231100202003323
1301302302332022100013000200000021312111300221001221230312232231320010302231133331012200213131110311312023220212211222331211200112132022320212220010203100302132
1211313222212012222230330231122103022102123203132232021000321032202331232033312110121022330011303112212111231230023002302013300130030210302022110103203321212210
1120033031101202002322010310101203202010231110031303121310211111111020111101020012111330332322323311032112101112332102313032201023321003233113233020132002320230
3000123000201212313213131122010133101030230331121302013030010101232321103321001133222301013313112002231113223131313300202122312013202122321333132323121013310332
0033110102223322103230312313013023232013230120112022203232230012221132100232012131102232320302110021323030233032020111122303131013123103311111231133003210312331
