1131333110110030122120123202311100021130010113200132222222223313001300100223100211010323332000202021112130132312133122300200310232323110320213020032030013233032
0332212203332031100111310231132103321312102213100032133003013331030321020220222023303120100131212330031320320223022030111220011030030311211030031303220102003112
1223320031113221030333010310310003122302100130300320033212131323100313121003233303331202321003201220120001233230321103132300300113203033233022020313022010302030
3320011201002013010112213000312002311030022111103113033220010120002013211132230321210103021231120221103212102212001200122333231101212332021331110003221320011110
1010102321112310301011320220331022010220002322200311333333001012120321232323223122002101310132222203303123100331320010033300030132002311212031230300231322012120
2100321011022303122211123310033111301130330203002301310323132300332002300302311210132333202231111110222131312300301320120112113321232101023112201011122022011211
0131000211132011120113110102121300001232123023133030130221101211013310030113113030001100103013012212112330231120123230332130011313211133230310100020023000312302
2031131100131023133133300230231222233122210000301001121210330013021313133132213032211323302221213022020233202300310210123120332100212100001220310200212010001211
0122120022102111013313133030111303023112203230133020031330120322013012300312210131330333110122033220200323000000002031012003232103312032032212032112123200101022
3202221103120312103313300333220212201031213312100301222332221300001113100320301102303230010123313000112110201231323323331002023311310231202331100321011002310201
2101033332332221010021132010012233322321322302222321210102030110233303001232233332013011031230010200122031111322103311102020201321003022322330010200322311330303
1012300203112302311033230112000213020122002302203323333023331010100131110313003312210211110123331331233002331302320323013001110222131031020132330211020320232320
1020011101222222111230133100103100320302022303012123122323021330012220201303202001132330313000121003202311033132121113002103012211103312001113233201113223201303
0301100120311330210320212121330232001003113202212330221000320301022101230002013320201022031000022101110003103223100003131130311301011200122202130321033333312202
1320033232220020012002301202221103213313102102310032002300100031022130013022101213021202033032111202201302020110312112120221221102021021212112000201111321031332
0332112330012012200313011122122122330000211033230120132131203111133113021000311213331222013012320011221302022100230222123321333211110023331112233233223330333231
0321011230020033030032132121022100111221222231231212131201101121213022312221020132220032122320110012211000220210232312130023001111121122322120133210213232120003
0130021002133211200120222301001322110322230302321323031221232303022322031012001200013321220212123021122030223021330223323020222220022100330320312201123211013020
2003113221222303133200033011233133333112232311211131100310123102131133212032311230031203230231323231320330303002012110110220231211201221010320322310001110323313
0010012102012000200120102132100220331222130211011331010101020330230100310020221230232131313120021301213110112201201310221310110020101321011302332312120301230131
1003023120301131201323202000013010211123223021212210131123331103322022330113331200113010211231033221320121102102302031131023021233030013322100320011012230132310
2201302132333100223022011131332021233033213233320011030101032001233310222221212003222031213231103110023100113033320110001202302310230010211331000122230102313123
1002123101100210030331120132212012333102301300322220021323310322022210232311222232030003320210002211112032322002303330212213021002233101311320332322201001133332
0322013122313021212100031221231333201231103010302012320213233232022121333222330023323102230232322020112223110123121310000113212303032103132021122221212100202000
3213000213002232313310201233000123133010021133233331003001310031223300133311001030122123302103213100332003020112033203312200203303301122013022310121002100030003
3201021030000112003013020130330110112203201112231201123003013100030330112113233321113120003310201012203220312011233220301010220010101100023002130220303222333213
1210310131310220223133320310123003111203213330010232322232313113213130010213322020220030301131303120013030201203233113331122211103102311211320112132032202130003
0311321022222002233023310231222230211120332312320101311112220231222311311300201021203333122321110223103312002321221020220310330300103310310232233323021002231333
2232223122010212020021222332120132210032031231200103331303023213201223301333012311132331000301320223221101003310321022333310222100213032113303021023221202322231
3121013022332111021012113221003003111131121113200232102201131301322302300212332030311133231333021302003020130100122211010332200333010211103223331020213022220103
2220321131011301313221021013311322011030300332001232113131011100112103110302021322313021111000120122003311213301033022231212113232333210120031301032011211310010
2011303022333121212213110003310310320311311200123320132103202331120033222030200133233312131330002022333102112110221223022220113002201330022103012201313312220112
3030133311101323111223303111103233310211120023102011013202020231002211010120101000000120131101103232123330120110120102033000230113233210110333131110021031221033
2111201321021321111000313113221232200321230330233112312210033331303213312111213133011013002312132000130110333022332031331033231201232012320201002213311130201021
2221332230031222213112303233310113021300132010022001130220123103033111232103102210332121130113213023100002221200210120332120102011220223221322211031110222221031
0230012012100033121012003100111020031323203113122220132010011121331221110220113023222032032121102102101303131220330010231002310202233211213031000002302031213312
2013013102332032310012003132211103122101230132121123031113102210031112303110003101303200031323212122212333321233323202031010132203332031222212020301310222311122
2030131031002122122302320232321103320133133110121130020010322021111222333110130030111231330220202323122321333232122211322113103033013301002201103302012002211023
2323213302330332300132322020210213023023100330131013003311021112331231010103020031020222311300321002132333103200220022231001211313113231023200031202321121032321
3021222002211211121301032033200213211123302212223103300111303023112312122231331313003232322122110230210213100222013121011311300020301110030032032212130100103013
0002003212222331103231102310211103120133000110102220212212232213001232333120100303133213230102122122212132020202123023001211033130033033121122020330012030332000
0032133120003011002123031030020031320332003131001111031203211001012201001001100110322132012333223131001230120303221122101112112122031302231112110113331323133300
0200012022112032000220020301010202012110001021012020332121211011110130021232313120321032202101300201021003023101030233001313101013231221320131011321333313200030
1010220010121020302321000111200003010031321100220203331011320021211231102112210220011122111230211310031222233000313111120123301130330113012131133022120113021113
3030222322131231302102200331320312021233021321101233112102010203211102220033221221003312221302201020020310210011031230312111033103103013120120233131302021020223
2130303233223033332212232133012122302312103022311120101100013323122001211323012222032202020221102320112103001213010112133232312201202332023112013310133223300122
1233113001130333300313201220311230101121321120001103010211000323121103111102322120313101232002102021313102120301302011121003230022121121203330112213321102333230
3323102011100303133200013201003333022210233000201310010023233230323320230310032330133303313111202213320312200300112320010020221201232130303331320303232330133121
0113221313231302200220003003132122332332201122102312022330111303323203133020032123312012203302113101333300023323020213223033333133201312030213231202233301121131
1013012133032231123032323021333232102100323230002132031112231130303123020313122111013300231132133301230130321033133331330302320302300221202100322110011033010310
3332222022002111033101313132201121131122222233232333202133013002030312223102121203011221031121332033311213131001030120122112020212313031213222321101230231033333
2203322122021020120012111213112133330132100233302003231330322101020122120333222033320313121003323122130102210003202321332113121311213311202322131333030002010332
2322333312001100333013101122131001012301212233033101232022233312202212123010220310232311120001323111022011220113323322013300221232122220122200331310232323201032
1112122311121132333020012003221210001331213130302220312313333333120020221000303311222311313032322012112230303001133331222221201310303113113311332300013230203322
2133120001023313200220322231010011202303001000323001311030211333331123002212202333230303222123230133301030123200220101230201302120031233322022013203103022001000
0203012121003201022110121021112013102121213012020010033002321333320320121122002002031202130203230021021133322212000013002112030321222102001130032003321300302113
3033313201233313313023201220303310010021231020212222111013232231020112103300312021213322210003310300212111313130110001312201320230013113223311130032013131331203
2023200023011133111001122000110231021013101112221021101013121220322130303332301231012103030210211220003301300201100133100213202312230300022120210233232030313312
0001233220322031011303223011010331322210021222013200200032023023202230123232130003030320103303100100333131312332002200120030303111022133202100011230220223020002
0333311320020102311201231202122320011212131103022321321102232011323300321002223321000332303111112002122100230001313302233213313233132103321213122111220303210101
2121323032303123330023133130301323001323221330210211030330231013133212302320333100010203133233231013212312033210332102023221120302322020012232212132013213112331
1303112121232222330211301013310311310022303112301211022223213221230210013310213221102002030131112323202222111221030120333322002201111201132022321332003302032023
0230030122133330133231031333021013003002010001300231220211220020232030112200202223103000110123233003023232120321032313032102000320013323012233011032020013101111
1030001210303210112322032313121303330130230320232002330010220033320003030302003022000013102321102320033212300021313332020000322312110211333231201030322020121120
3100211101012002202311310012302023321002230123203103120010121001210323122310331303021110121220331213333121011103330002210303032101011010112001200012222220200201
0313313111323120123022232030311330220002212331021122322030330313232213002331130223031123232232121301021113112012220331212133201312323323132132020112002002200230
1231112020232121202120021130031210020200102200201221322120102031112203013013213233331220300323230300201322210011013020000231303031320220232100011332320131200011
0303302132222312032321001020221003003302221330030022131221313220130211010022003333200232130220123332301102310333133100001031022330110023212021312131312310010120
0001210311221101012130002122321221030233330310213333011212133333333333333121103210002133303003312202310320023310011301001200222000332102202120313033200200222100
0112203103231310013112302211321132020201133100020130321122323333333333333310231132320003101320011313110122101311320120123020020100333102333200211203311121302312
2310230312023322032202303311030321133022222010213322233323103333333333333332133202131320101213011112201233120100310101032002133213330201001233003220000230313230
2222123011311031001300021303003132212311323000230000002323323333013333333333230132112230233123312202220220321123333223101303203011332002312233322020303113221003
3221210333223320223131003311301312233302303031201323312003303333321333313333331211021212213102032122211233030223131120213330101121213322213313021313230030320010
1101132131131333332223211331303311103123312100221331030122313333333333333333300113200113012310033310321231201310111202212123301103123121011220131303213133313001
3023201322202010122100300123300332323011122011013221322123313333333333333333333012033002123110221311231023201021022130011032033321101031000202003323332121132130
1310121303232030011202132102212032232131021132303223303012010223333333333333333330310110201311302113212233010310021220303103003013300013311330220210001331121103
1313030120100312202200110200312322002121220111033020320010203333333333333333333331323210331133310312313131320332220133223300311202021022011021113203330032022033
2132033120132210213310303200110313110233122011233102313332333333333333313333333333331113302230113313033112201121322020111321020102220331331122112023130232000200
2100213133223221232321231133100130302310301120133012113333333333333330233133333333331210033030100131303301123232323212311231320020212110221220333301223333230211
0221231022023233311032303311223010120332331003011220213333333333333323123313331333333313102011112101300230210233322033133012020021211101021010110232201002230133
3021332010323111111031021230033223000233223223122130133333333233333201001333332003333132112200330021311123030322221210333221003103303011000013312221022011311322
2103022032012223110100013120212310113111121122110003200333333333330303223333333320333322203313202012312322210120021330011213033213222101233113103132121112201203
1013320113001312023233023032022312223113132233132101031033333333333230300233333300333310312223231000322012102100031003113111332013311303121103001131201121323020
1023122203330201202020232332222010013221232313012213132212333333332332301123333303133303000310201031230021310132223113203233313010022310302033300031231202323223
3223001211013223312312321021322113113032132300003023320022123212221030311310333331333333321220300322212102020310000111020013220103301123123312011200302220211312
1123101030332022030133101131100322203131323333113011302022121102321230031313033331033333223331110020303312222212303201120223030211200230231133210123103223232320
1210012100022301212300030132320200322300300331313132200213301133313212321020133333323333210221130012223113102312012111320222302132202330333031113221101300112122
2122303011030221311102011301313120333131320323133011101113110220300001110122103333310333321231211010222001301010132002213132200013022133032022220130122222012113
2031310211300022331120323010203220130010131212223033023021220030212211313022323333330333333032212031331132210231122022112331312211320032222101320301202221230121
1133321130332200223122311012002013133330321030203211012212321130003000113231221333330133333011200001322221112033221022200211023232301030313002101131333020233120
1202021223113100222223101310321102031312022002311202210332021010213023333312003333333133333332133111120003112203201001322300213110132133221220312332210002333013
0320322003023313112301201000023113030202123200011333333212133030030213333333132333330321333313322231121123102011002322003311000133100231102322201020000311032330
2103303223322131000102011302322210232300221001333333333333301023033333333333323333330332033313333010132311230221320300101223030120021220203111303332002123101301
0311303101232113102100330202001222322212000203333333333333333333333333333333333333333131033330130231201131012032131012120201320330121203032002133211131321031210
2103000011133012333333201210223120233102233033333333233333333333333333333333333333330232333331000122232202232311332203122300303103031011112220012332302103031120
3032000032113331202200313110103003210030203333333103333333333333333203333333330303333333333331220212303022001010303312001102233032301123111110033301200222231333
2310223111131133100313122311231322333121321333332033333333333333333001333313330233333333333331010033101220210311221331201010023332331023023101033333221002101001
1201301301103321010110112323211021121012133333331333330333333333333312133333333333333333332003311223013023030022102311123131030131111100232211030131320220320120
2230221312202220223133303212201212232203333333333333331233333333333333003333333333333313111222211331313322311032031012330331331001010210020012020032300031101223
3221211322222011023200113013320002303233333333333333300033333333333333333333333333331103213330302123220022022200130203112202201233310330021010310110031213213201
1333302120321123021230011111103101123333333313333330111003333333333333333333333333331012012320110102202021231033231031300022300323103032332010010311021013130311
1212002203311313213202321230321032323033333333333331201313333333300233333333333333332300231001230220200212230322031111210112310033301021021213313313020113023030
3001301113113311311012130032002131323123333333333323103103333333333333333333333333311202123331300101232232233022123200121122311220002232130012230221102131223302
3222011332030212203022102230013200201201333333333030233333333333333333333333333330310220330111031311332323303002020033300130011312032100221312331211313203332010
2013300100111002321303120220132111012101230303333231133233333333333333333333333300311201133001230323111112111012103003303302000022233302002222232202030102231223
1101022112303221110033111121123331101030130223332120120323330333333033333130031302211223301012030203231313210020301101330321033103000230301231220113032110102330
3320320013210303030133000021200103211020031303332230133331223333333333333322221110310032312123200233130321332310102230300302111200302212010120332222110013130123
1203331031233100220233301033202003122103223011022003212011213333333333233311010233311121111303202110223033321120212122020320030302131033000332201331003103223120
1010320123023213202211231102020001103023332232201020000222333333333333133321210333330231223131211003230130110332003323030211121023221332111133023220231232210011
0130023213212023303112130313321132103111332330333333333333333333333320200210013210021311310202102022200203311111022221333123213120132333310211200332310103311122
2332202132220300113212331002000132310012202210333333333333333333331301103220303011213220100311001213023020030330101110101001123013203001233323331121200000333020
3303002130131222010132031230003222231011022321333333333333333323332222310013000132033032322102032111013122212031302300110030203112030100123011201220100221322323
3200003302232133113213101233202221332220120333333333333300333323331103233101131132330013331202231100132330111001113320001223201002103210332312200130220010030323
3101302323011030102102010133303131301321131333333333333330033333331213130320113200323130321230121022012203122323212110220312110130001101312233223131300011111112
1333322122322221113303111030012202333132032323333333333332331233313113010030200301022203032303002013220101202121302223131120320213022123123331002120120002231120
1002331001303113112212331220103020101113322223330333333331303333320202021320011022211313002001122011220132322320333211210201312320002321322320110212121211323303
2212313302102020301021322211210033233101131233333113220201133333232312032200031213201123003023020322301132210202013212322002013211313312302330021202011333232231
3211130103220001222103222303303002033111312333333233303203333332202211003020023122222033120211300333002122210302312312233012032021000301212133202233210000212031
0211030333033311322003023000300131133023323033333333333333333303023103222202110321201121323230101222121202221123232013313201121231032010122013122321023131101303
1301312032023232021022221323213200120000033333333333333333333003303010012311020233012310323312121002011222301320121133100131232232311121031303012033132331230231
2030003120220032331122030130022231133211233013233333333333330332011022223112310231122112301131113311311332133312222233031221012202022103202311221010231311200211
0031110030122103033231232201102133301031002333321120233211133333001330323013001110023223301121320122001233020323222220020312232230132331210210032131221103001010
1100110222223301230123022211210302111212001023222211112120320311003232311020131323012233301113213132102012033122110031313131300103230102132023222122300133233002
0231303022000332203211033203113002000232201101320031000000131321311101221320230103130201013212013120003003333111032310200321300232020200221211112313023020302131
2031011310313002003233230011233311330101132331210203332321113222000013303030002021122223001003100213020231203120213321310101311132021201110233201330020100020022
1113123011110330310333022012121311112331301223331310232230010113202200323200002313120330023202221123033101231031011013112002213001200013232013011030202331222233
3313323011003032113111033022113333030202011303333023331021033001313320111210132220230220023111313020120011321300102020212232302002111212212330122220220221012101
1123101330023222313233121110012133022101112233330112033023001303322102123120310021222213231002002100012123213013030303120022300322023330220200303321232023222033
