1113022121233111231023020222220230302130123330120012002211123220222233010121100303011100230121213223131301113022311123130332032123031102102220221220121210330000
3133002222321002332131001002233311020212331330210013231131002221332201100231001303113122212210021313323202301311012201222011110010000213201032212002101113330120
3132131212120030032021221210300203100211300211023301102303112033332312311332210303123000013332102021003023010132003323213001020103331033203212303100131230321220
1233301120231302302213113303220233202100120010013303020022211330021221230323000111011110101222331101100200320012011011330311231310212113331201311001102111100230
0311120221103213313110030320221012123120131123132211032023021110310131001110122213300221011210211220011300023231031300200132332020130310211132002001120231223203
1332332220313033223013310221131301321312101312320023202111023102231312013110223111120130013232103220120302302330120003231202113110330021210233102011003112311213
2331123013011203131321213001133100331101221322223230033110130032313220033001231021033103130333201311231302103321223000002011113123030021213032123003131101233330
3122313233231233331001130131133021332113133211223132220221200113201223030302110111123010212032301231132102132021100311002001322102013212123102103223013220033030
3023031230331132321321210021133003000100030223032103202023032331102003202111113111320113012312020123322113313031312112312333210223030323012202020322231332031212
1331122230012311200032130002033021123110120001101313302300121012331312323222233231031310313222133213111201132121210313033022023122311223131202303323031121212001
3333301012311211331333332202212213121110022321310201122020302121313212200310111002100103110201003303321000120221320211312202121133310321102013111303102022330312
1321212012032010231023330302332323112100200122131320203302110332310131332112102001123320033110033011020220131210313232111111211033113201001203121000312320331033
3122201321202300201201110123101220202120232123323232203122330200131112012211100310331131122231202320210211032331131320131103322130302231321032233203222223032133
0322222222311332013122333331121020112310310000212202000313323210232113211010320133212031123122003210110000300102210032031133131233121221332312223111301321011330
3000113022113130322210302210011220302313031221100310011021111322000302213002322211311221130102230112011303031222212022213220220212201322122313302323230030302003
2021233132231022101101222022120302101210020223112110121233101021323221021131113033021303102103132023300313232303033113111020311112101001111103010301320122203213
1213221013230303010333222103013301131033123232001201130031003112201223320122301002213231331011200011011111120210000302030131001033333123321001002300133201013311
1011002301100332330100002111122233220320231311301123023122110231302003312131210121201030130200020112233332212113220000220103131130100211322100200333132213001310
1212233113223032322213122223020033022110203103212331210222323110121111330201323021112202330221221103320023203221132112110332330312113302200201230031330103112032
0122133230030133331312001322203031302022212120330130010332033200132123012330023133330101000013100102110113231002023113031002230011331030002131312133310030312003
0033022030332013000233032203323032203230120022102231122300300203202330221212122001122310112030120303301033022232103103032101210131102302200321300212111213312201
3321311213012133123103322331321332211303002132311032323223003131022332223111111210311021302122301211021100102000220310323012102000200322330300300130011021001133
2121030330021213120230033333323320131022220203200201232020202210000303200301032320012331232333010200023223200212323302330330230013203321012232312130123210010332
2012132330112203322020213112311330121033313023100313331332232303200301112100010111132221101231210131232013201333112232232103111100000333002212221210321031210302
3030300233122232010331311333122211020311230302111100111310133130312013332323110123202112130123330033332303013112113323100131221200120203210210011132200233033220
3131223012232100100302200333331303322333223302013303101303122310123213100223031313221023011030303223332313123100102021010001110101111112101013222230132203330313
1203132222310322330130221322010102320031031313221303113112213211122212101103130131131111221112333201312330010122030320220302322021111320310132321220232302220222
0230110202200300000111320220223001221103113021313103333230131113123323333333333223333320333022233321033333303333333333303102112123203331222330130332133213213223
1312122122320310230000221012001023223112121320003212221002002323300313333333333123333330333310233302033333313333333333333130000212230221220331223132022312212020
3333120311012111001131223133001111013202322333213231020100032003120033333333333023333321333103133312133333323333333333310020203000110103203220022001301022132121
1202030203301003113012032233323203321323321000200013330320322200223122011233301000301012201233332220223021213000302233313013333023332111203222212203010130111303
1210020132133102133222333102232300113200120301110330120133333333333333333223322130031112220200231331000202201131023333333112021110331131211130113001202123130321
3330113030321232132022033310131010013200120303202002202233333333333333332321030032130123113332303231131210130311333333310111331021222322120013310003302333011211
2121323022313330131012123313133300232322011302312231203033333333333333333331213130113101013032201212320102032332133332110032320103313311231100322112301132222011
2233211101112021130101213232303313123202020111312203312133330103330233333333230002013212112133133122300131120302033330212033312102230232102102213201113221132121
1222203000133031131200323022112220020003302333132311333333203123333233333333333311212320013020030120023111130112333310112232013101113222111311233101023113111023
3130223101100011001003120311023200113201303012223201333333333210222031301333333103331101310103002020201323213221333301100130221201333133312232003232233123110211
0030210332322202311103322323300312122023211210333133333333333003213212230333333333000112330300101322023201231133333010213110102232101123102333213303031203120132
3010232200332021303122220031113030102132232332101020333333333202032210303320133333020321011103333021301103033333333312200013123300113320121312321333311323223030
1303022332213100013330212011201212102303220322221233333333032113210332100021333333320231020102120223321210032333331002132222101312210023312102012230321222030332
3222312220332210122202122130321111312032320112002033333301233321321231021303202333011231302212210110012033333333221222011131013102012110231100222323030200231211
3221001310120202122133100303333202203230330310311233333321320122023231333111033023030301223222311222013333333012330010301012120112323322220322031221010001120032
0331110230123012112110221022310213222010101112031021001110123300311021033231010333133312321202000203333333333123100123303321022112200013330111332333023103130001
0311022120033100021100221121113121022011321011023333222222222221131011102320102002033311123232202101013333220321132321333110123311301033030020032131023211330300
0311103210331011121031120213130100123013021102203333222222222221030000222212103110333313330202320103333333121020232232221120330233213221011203321311102031013203
2212123102110123320103021313201130130213302312223333222222222222222310133111002013231103331320122113333333302011010133003000230213322321011112123231321221010300
1002312131020312000212010100013302220130100133110323021130020222222222203002310112132313331101200233331332130020220020100310020330130031122110132003001032201200
3021301002110120321123303020133303301302312133333232022000120222222222200302023313122231110131232333330230130230030212221232100100230033031101211203201221133330
1131131101211100321231322001312011302120123233333330122202003210232222201303212110212200201133333333331211201211200211331231231303123230101122310201323020210131
2201113212122232133301103123323033213310021333333230231223013203321233232220110111313232010333333333300223100313321231210330201131211010313111013233221233030102
2320331101210023023100032001122130323002331313333333031122022132222222212223101011032100202233333323001122312323001000103332300112122300132312221000032213223121
3011332232313132331231320301010122112303333133332333310113231203333101132222222201310323331133333333013100101302013311103032002212310001003210020100300220301230
1112000012333121220121020031213120121311333233331332320302203102300110303232220031133323331112213333330220211232000231210210133031323112012101030320232130110313
2221130321223122021201021002122002120302333233320022011322023031131200211102223202333333333012003333330001300313211322231123132122123201102013203322100012023113
3300101022032313313232112231213323021301331333333002100302233310331033222231123323333311020013101023333220333021032201022100312033211012013313301022011113203111
3011122002322221100301212112031221012131031333313310311001012121011212112232022223330321233302332323330131310112202022322311330221312100233321311203331220032222
1322023020222010131300222232221210001321302333213332002003121130312023330132122223333222222100120233333200330022101003203031111202202330301232211211231002013333
2102220232110201321113022010203203000113033313210013202132033030000313201102222220312130220023102333330300303312123232132232023021021232033213033021311000202113
3203330022100101100120101213300201123010333301131211220330300321223323033332230322213220320233001103333301211333030333133003223032021020012323330020220321032202
3301113003322313130221330131331233201113333332322000001122111100330020313333333333322002300102101123330113330111330121230312033231133321210110201300031020122313
2303113110232311101312332232202202312233333020002221313212302123012301113333333333322232033102231123331220323000112103113333122030000323002331221113122220311230
1322111122223320012222011030101120000333333222220033001132032233220333333333333333333333333333333303330310320233310013013003331101023023101312011123223231200300
0212110323021222322132231233101232020333312020213002000020212233313333333011003122333333333333333332301231330010000001020100132123301311202133003100021003223122
1131313310103132332002212323331111033333023132130231102032323223312333333211330323333333333333333333330000302120033311220133333210012131213210203032232021210033
1201312033012113220001031200021022333333112131003222120013330132113333332012322313222312032303013333332300021222313020223232021022001100002133301210132130211222
1021233332023122233231013101010023333333032123220021201213121330213332213311113112222113110323210313332122023122021032333322001013110231233032032220200030223323
0210231300130102030012001001203133331230103322100113010030012332223330031130310302130331303312010333112102332121303230301002201012112123100010211120200110002311
3210321331120120102201123323023333333011301030220221222200310333232320312130002220221311220110033333330103011302200233103212211112022020303330132101110111220100
2121130130223123133121021002313333332022200211030121033121313313333320010121033303233120131122110333330200300331023320222312001030130202022212001220201122331213
2023212030300123331033010330003333102132011110213021111121021033333130000311132132332101300233330133332122120201201203230013212311032223032221021322111323002011
3121221310301031033202310023313331201332300101101222020103032033333312211233201011230300121120302203333133111122221003022021001113110313223022312123102232213332
0322230021233323210031321210233331010120302032221333301333233333333203131321012100222111310103023133330123203100231330303222031133110000123022113001300002210320
0203101301023231311303323203133333223020101001011133331320303123333010223131303112222332320112312333332131330330001002111100220012211003132233003031211133313310
1022133111321030222212332110233310232233002030011133310321133333332322132101120311222132220312121133311333233201323311303210312201322210132113222032023202331302
0231032012220200322333133212333330130112031333323300323032322103333021130233222002323001332302310310010210013230031130112103210202311313320211003013020110221202
3132320322023132033303111022333200003223322333312333230133021023333031321131200203312022031211301033303101130211003000322312012002322101222020002130230130220221
1213332211300310211121230003333203330002331333200333002022023303330122122113110311332001313223231333300103310332200300332212303023211222201213102301023101203100
3122320201211132012012013213330331133030101010211333112200133023333101221333223103201203103333310333333323021331331022133323223301312130110012210011001221331121
1302330123313013001032012333332311123332220303211333213211121233330220122010303331320132201332323333333133022023223032023101122311301113231121331200231013122330
0130023302000331132331213033331022333330020223233333322031021023331111321130331213222302132023333333333330110333121113110113110002223310022123123003132303132011
0230112023202000012332020333302033323332112130212333231210133323332220101001321221222121233333333330333203102023323010310132000131333313022000223301211103110323
2123033221031033103111013333031233321121320031231303032122030203333301121131012013222222233333333320333120110222311103230222202100332322200211213231010130000323
2021121230022220010002203333313333311021123112011222222013211221333333333333112000333203333333322012333010311013011312001112113302332301332023232233320221322120
0303232311123021211202113333303122013101111201333331023023131202133333333333233301333123333102021020210103122013112130333001121032212313132200132221312032032202
0211313011200131311323313333112213113321212012103333232321100002010133333333211231333113333102031113333302222202222123203010031010312232330112122213321330322312
0103030202303023123130303333013121301200100013332333121123132100333230233311000200222212212221032312333331331320302210120320312030010221102010311200200001111332
2213023033120000300032000311100133002110323020130333112013012202131010200232322022222000321121232330333233321100203232112013222122333221200113331112022022112002
0322201220102123220111320222020302001001003301030331320310120000223103033202002222222033133310110122120332130301313321322021032032100122202010310112302002102030
3013302000032030311010223023210112233303220201122302312203331001112200210300020322223233111020111310021310321230213121021103100310331303333010201013110011122331
3320122303100003213121231303320033301211221303211333100003121330312300022000322222223220312132303230333132010232023331221331003231223110111113322002231301022321
1012302321222003320322121233212033020100012032001333321322123130230331222101222222212132030331212002333003200103220021110202013213302012121021000122103303230303
0032303212233102100211200103231212130333211033113333211031033330102202002212222221031110320231332230333023310023122102030211010001301111223101301120101322210310
3313310100332221001000212221121210321332122001230032223130211113130032211132222302203002002203013121231113233123320020223001002013221321121233121310110031132222
0212212123103333202322033231202122120032101132013333110300330013330320001322221133213222311200130300101233001110310300020013010012011031003111221032330232230030
1000200113010033212213103122131110102010332232012333001113230000321111333222222233110203100212102021312033231032330032102333001112302313020300022021002301221013
2311223202212002123032310312210013330220322002302333320023202323110021233222213232021311132132200023310032203231213013012223112301122301122311211000203103112023
1102030313013132213301122111103213012102110202211333330033021330112133323222133233011323130011320202333122122033110011001302023010021030123022121321133230123303
2233003102220202021301233321121320122021000320130333331302322223101222220222010230001130103013302320333133132333133123033332013000303021010322021003330230101333
0303021002101231220111130210330223310300030302231123333333232201120201311222232113202101332213001303333000201210332323323233031330113330020100220003121302300300
3311332312103332110331011300012202222223232111030210133330333133320023330222230021110122012310011013331022102031110232120020202210123102201131012110320321100022
3301200330111222023101322233111303222300202303202313203333333200313231333222312103000012123202230113330103021201100230133321023332133010231113112302221333212122
2130011322301123211223302120021322103030213323102032222120333211032322222222320011213303300303032323333200101223210211222113001202313023321333230133100323212232
3122003223022100222222311220323010100021133221212233210332222323333322222222203013331131233321122003321213032223330311131233003101200333332212111133012100022122
0212120130013332102202101000100002002201332312130231332103102133333322222222322022020322321311022332112212112200301311011230211201113032133101013201330133313132
1203020000103011011120123113302220111101303000013322331310120113333323332132010101203201103121230113322103011113120233121301101033333021211221030103132202200321
0103113032010312212310320330311331111100330200302230310131131200222233332313130210203100003222230233322011201001233333110320322222200031013232330301303013120333
0233220220302223113001313030222322212032210233012013100101332011322213333032201121323030102020110233333211220302202321100230021010101212321032011022200223312020
0311210301203030123310133210020021030200021231132312013220133310010312222000123302300303113330103333330003203112111203231010201231003022321002210230131102130202
3032333110033020332320031121002323020030201000021110003022002202122133211333332013333310011000133333220221203113021230213023203220033021210321032302320300300210
0121031032111310213333030030333100001232223011213121202323031030120203132333212333310312230211333332331033321132301300030110231111000133113300020210312200111113
2222303130120332033032223030202213101001032102120201003000121120300110222333333313022112230113333332203313110213231230012203132031210321023220131322103133302121
3103223012332232323003012133230020330030033020213201003203020010201311112113333020003031133333333332001123113020121133111221101001101021212300012332101210033023
0110023103123311331300010003123201322210222221302202003302232323000232133113333333333332233333333212233322123320032210320322212333113230132121122332300321021121
2131001221033210030231221111233102022123011322102221033102321020233022230233303333333332333333331103300120103123113031332131321313110133102030120132011020311033
3113201213000311330332303211302210230101121100121310322301000001101322133001213333333333003221010003110222010110011310310313230010103333311000312122230100103122
3123130002010121002313231031202120132223213213100213020211010131311010232303012323202132023130123223023103032231033212321232021211033022333022332131113232233110
2123220231010122012032123321323232222020023113103230320100002300023322121032302130120213311031301331031002222300211303010232033001332031210130313330302220111123
2103202003032333212323122101233031300320220130112333301002121103002211022023311320303112220331233130212221122302331211033023023303321110002130212312010300310231
2301230033302210000100031223212210033221132320300003303003323210023131002201032312220111133300130003300210233201102300301230102313001310210301000030231201300330
0010333102100201221021301012323032320330020311101313232033222203231010110322112132323331311312221213023223211003112300122210223210310332333331213102002031233312
2132302020121232212013233330312311013032033202033213303001010233013112320110112122011130330322000303012202022122132221022022203113102202100211122310112231123101
0333130213113000023310101011313033112102333101022122210133003112100222010110010213201132322210011300211101302321123131301031323100332332002332131001121133113013
0121012220212333131200332000032300013123101012201032303003221210223133003232103302322021021212010220021130300230111330131110100010012113333222202203001023200130
1001331121212210033333201203000112022001133213311200122320010211100331101220211002232030212111320203001122311000113111113310113311300132032100111120103301211211
3130000333013121212300330121002020012212221120111121130231201110032112031130322210023002110301111300323313331003321101203032332332120023300003133200222120230322
2023202112201333212300131113223120003010320012031130130110201130023121010200213020012111031212010100112321030110002130112312311130213330333132103221300331223010
2211203013233003130311022202333322320031003101121310233123021303323013301022233301210221323320101231203020022002201003010211103100023110103203023031120323223201
1130300231220230313303320012132120232110113202311312100330212201333332213311302002312113312033031113303120102112013000331133221121132021322222323322121131101211
