0000000000000000000000000000000000000000000000000000000000000000000000000000000000000000000000000000000000000000000000000000000000000000000000000000000000000000
0000000000000000000000000000000000000000000000000000000000000000000000000000000000000000000000000000000000000000000000000000000000000000000000000000000000000000
0000000000000000000000000000000000000000000000000000000000000000000000000000000000000000000000000000000000000000000000000000000000000000000000000000000000000000
0000000000000000000000000000000000000000000000000000000000000000000000000000000000000000000000000000000000000000000000000000000000000000000000000000000000000000
0000000000000000000000000000000000000000000000000000000000000000000000000000000000000000000000000000000000000000000000000000000000000000000000000000000000000000
0000000000000000000000000000000000000000000000000000000000000000000000000000000000000000000000000000000000000000000000000000000000000000000000000000000000000000
0000000000000000000000000000000000000000000000000000000000000000000000000000000000000000000000000000000000000000000000000000000000000000000000000000000000000000
0000000000000000000000000000000000000000000000000000000000000000000000000000000000000000000000000000000000000000000000000000000000000000000000000000000000000000
0000000000000000000000000000000000000000000000000000000000000000000000000000000000000000000000000000000000000000000000000000000000000000000000000000000000000000
0000000000000000000000000000000000000000000000000000000000000000000000000000000000000000000000000000000000000000000000000000000000000000000000000000000000000000
0000000000000000000000000000000000000000000000000000000000000000000000000000000000000000000000000000000000000000000000000000000000000000000000000000000000000000
0000000000000000000000000000000000000000000000000000000000000000000000000000000000000000000000000000000000000000000000000000000000000000000000000000000000000000
0000000000000000000000000000000000000000000000000000000000000000000000000000000000000000000000000000000000000000000000000000000000000000000000000000000000000000
0000000000000000000000000000000000000000000000000000000000000000000000000000000000000000000000000000000000000000000000000000000000000000000000000000000000000000
0000000000000000000000000000000000000000000000000000000000000000000000000000000000000000000000000000000000000000000000000000000000000000000000000000000000000000
0000000000000000000000000000000000000000000000000000000000000000000000000000000000000000000000000000000000000000000000000000000000000000000000000000000000000000
0000000000000000000000000000000000000000000000000000000000000000000000000000000000000000000000000000000000000000000000000000000000000000000000000000000000000000
0000000000000000000000000000000000000000000000000000000000000000000000000000000000000000000000000000000000000000000000000000000000000000000000000000000000000000
0000000000000000000000000000000000000000000000000000000000000000000000000000000000000000000000000000000000000000000000000000000000000000000000000000000000000000
0000000000000000000000000000000000000000000000000000000000000000000000000000000000000000000000000000000000000000000000000000000000000000000000000000000000000000
0000000000000000000000000000000000000000000000000000000000000000000000000000000000000000000000000000000000000000000000000000000000000000000000000000000000000000
0000000000000000000000000000000000000000000000000000000000000000000000000000000000000000000000000000000000000000000000000000000000000000000000000000000000000000
0000000000000000000000000000000000000000000000000000000000000000000022222222222222200000000000000000000000000000000000000000000000000000000000000000000000000000
0000000000000000000000000000000000000000000000000000000000000000222222222222222222200000000000000000000000000000000000000000000000000000000000000000000000000000
0000000000222000000000222000000000000000000000000000000000000022222222222222222222200000000000000000000000000000000000000000000000000000000000000000000000000000
0000000000222000000002222000000000000000000000022200000000000022222222000000002222200000000000000000000002222220000000000000000000000000000000000000000000000000
0000000000222000000002222000000000000002222222222200000000000022222000000000002222200000000000000000002222222220000000000000000000022220000000000000000000000000
0000000000222000000002222000000000002222222222222200000000000022200000000000022222000000022222000022222222222220000000000000000022222222222222222000000000000000
0000000000222000000002222200000000002222222222222200000000000022200000000000222220000000022222222222222222220000000000000000222222222222222222222000000000000000
0000000000222000000002222200000022202222000000000000000000000022200000000000222220000000022222222222222000000000000000000000222222222222222222222000000000000000
0000000000022200000000222200000022200000000000000000000000000222200000000000222000000000000222222220222000000000000000000000222220000000022222000000000000000000
0000000000022200000000222220000022200000000000000000000000000222200000000002222000000000000000000000222000000000000000000000000000000000022220000000000000000000
0000000000022222220022222220000022200000000000000000000000000222200000000002222000000000000000000000222000000000000000000000000000000002222200000000000000000000
0000000000222222222222222220000022200000000000000000000000000022200000000222220000000000000000000000222200000000000000000000000000000002222200000000000000000000
0000000000222222222222222220000022200000000002222000000000000022220222022222220000000000000000000000222200000000000000000000000000000022222000000000000000000000
0000000000222200022222202220000022200000000222222000000000000022220222222222200000000000000000000000022200000000000000000000000000000222220000000000000000000000
0000000000022200000000002220000022200002222222222000000000000022220222222222000000000000000000000000002220000000000000000000000000002222200000000000000000000000
0000000000022220000000002220000022222222222222200000000000000022220222222000000000000000000000000000002220000000000000000000000000002222000000000000000000000000
0000000000022220000000002220000022222222222200000000000000000002222022222220000000000000000000000000002220000000000000000000000000022220000000000000000000000000
0000000000022220000000002220000002222222222200000000000000000002222002222222000000000000000000000000002220000000000000000000000000222220000000000000000000000000
0000000000002220000000002222000002222000000000000000000000000002222000022222222000000000000000000000002220000000000000000000000000222200000000000000000000000000
0000000000002222000000002222000002222200000000000000000000000002222200002222222200000000000000000000002220000000000000000000000022222000000000000000000000000000
0000000000002222000000000222200000222222222000000222000000000002222200000022222222000000000000000000002220000000000000000000002222200000000000000000000000000000
0000000000000222000000000222200000022222222222222222000000000002222200000000222222222000000000000000002222000000000000000002222222200000000000000000222000000000
0000000000000222000000000222200000002222222222222222000000000000222220000000002222222222000000000000002222000000000000000222222222000000000000022222222000000000
0000000000000222000000000022200000000000022222222222000000000000022220000000000022222222220000000000000222200000000000222222222222222222222222222222222000000000
0000000000000000000000000000000000000000000000000000000000000000022220000000000000022222220000000000000222200000000000222222222222222222222222222222222000000000
0000000000000000000000000000000000000000000000000000000000000000002220000000000000000022220000000000000022200000000000222222222222222222222222222200000000000000
0000000000000000000000000000000000000000000000000000000000000000000000000000000000000002220000000000000022200000000000000000000000000000000000000000000000000000
0000000000000000000000000000000000000000000000000000000000000000000000000000000000000000000000000000000000000000000000000000000000000000000000000000000000000000
0000000000000000000000000000000000000000000000000000000000000000000000000000000000000000000000000000000000000000000000000000000000000000000000000000000000000000
0000000000000000000000000000000000000000000000000000000000000000000000000000000000000000000000000000000000000000000000000000000000000000000000000000000000000000
0000000000000000000000000000000000000000000000000000000000000000000000000000000000000000000000000000000000000000000000000000000000000000000000000000000000000000
0000000000000000000000000000000000000000000000000000000000000000000000000000000000000000000000000000000000000000000000000000000000000000000000000000000000000000
0000000000000000000000000000000000000000000000000000000000000000000000000000000000000000000000000000000000000000000000000000000000000000000000000000000000000000
0000000000000000000000000000000000000000000000000000000000000000000000000000000000000000000000000000000000000000000000000000000000000000000000000000000000000000
0000000000000000000000000000000000000000000000000000000000000000000000000000000000000000000000000000000000000000000000000000000000000000000000000000000000000000
0000000000000000000000000000000000000000000000000000000000000000000000000000000000000000000000000000000000000000000000000000000000000000000000000000000000000000
0000000000000000000000000000000000000000000000000000000000000000000000000000000000000000000000000000000000000000000000000000000000000000000000000000000000000000
0000000000000000000000000000000000000000000000000000000000000000000000000000000000000000000000000000000000000000000000000000000000000000000000000000000000000000
0000000000000000000000000000000000000000000000000000000000000000000000000000000000000000000000000000000000000000000000000000000000000000000000000000000000000000
0000000000000000000000000000000000000000000000000000000000000000000000000000000000000000000000000000000000000000000000000000000000000000000000000000000000000000
0000000000000000000000000000000000000000000000000000000000000000000000000000000000000000000000000000000000000000000000000000000000000000000000000000000000000000
0000000000000000000000000000000000000000000000000000000000000000000000000000000000000000000000000000000000000000000000000000000000000000000000000000000000000000
0000000000000000000000000000000000000000000000000000000000000000000000000000000000000000000000000000000000000000000000000000000000000000000000000000000000000000
0000000000000000000000000000000000000000000000000000000000000000000000000000000000000000000000000000000000000000000000000000000000000000000000000000000000000000
0000000000000000000000000000000000000000000000000000000000000000000000000000000000000000000000000000000000000000000000000000000000000000000000000000000000000000
0000000000000000000000000000000000000000000000000000000000000000000000000000022220000000000000000000000000000000000000000000000000000000000000000000000000000000
0000000000000000000000000000000000000000000000000000000000000000000000000000222220000000000000000000000000000000000000000000000000000000000000000000000000000000
0000000000000000000000000000000000000000000000000000000000000000000000000000222220000000000000000000000000000000000000000000000000000000000000000000000000000000
0000000000000000000000000000000000000000000000000000000000000000000000000002222220000000000000000000000000000000000000000000000000000000000000000000000000000000
0000000000000000000000000000000000000000000000000000000000000000000000000002222220000000000000000000000000000000000000000000000000000000000000000000000000000000
0000000000000000000000000000000000000000000000000000000000000000000000000002222220000000000000000000000000000000000000000000000000000000000000000000000000000000
0000000000000000000000000000000000000000000000000000000000000000000000000002222220000000222000000000000000000000000000000000000000000000000000000000000000000000
0000000000000000000000000000000000000000000000000000000000000000000000000022222222000000222200000000000000000000000000000000000000000000000000000000000000000000
0000000000000000000000000000000000000000000000000000000000000000000000000022220222000000222200000000000000000000000000000000000000000000000000000000000000000000
0000000000000000000000000000000000000000000000000000000000000000000000000222200222000000222200000000000000000000000000000000000000000000000000000000000000000000
0000000000000000000000000000000000000000000000000000000000000000000000000222200222000000222222200000000000000000000000000000000000000000000000000000000000000000
0000000000000000000000000000000000000000000000000000000000000000000000002222200222000000222222200000000000000000000000000000000000000000000000000000000000000000
0000000000000000000000000000000000002222222222000000000000000000022222222222000222000002222022220000000000000000000000000000000000000000000000000000000000000000
0222000000000000000000022222220022222222222222200000000000022222222222222220000222000002222022222000000000000000000000000000000000000000000000000000000000000000
0222222000000000000222222222222222222222222222222222200022222222222222222200000222200022222022222222222222222202222222222222222000000000000000000000000000222222
0222222222222222222222222222222222222222200222222222222222222222222220000000000222200022220002222222222222222222222222222222222222222222222222000000002222222222
0222222222222222222222222222222222200000000222222222222222222220000000000000000022200222200000022222222222222222222222222222222222222222222222222222222222222222
0000222222222222222222222222000000000000000000222222222222222200000000000000000022220222200000000000000000022222222200000000022222222222222222222222222222220000
0000000000022222222222200000000000000000000000022222222222000000000000000000000022220222000000000000000000000000000000000000000000000000000222222222222200000000
0000000000000000000000000000000000000000000000000022222200000000000000000000000002222222000000000000000000000000000000000000000000000000000000000000000000000000
0000000000000000000000000000000000000000000000000000000000000000000000000000000002222222000000000000000000000000000000000000000000000000000000000000000000000000
0000000000000000000000000000000000000000000000000000000000000000000000000000000002222222000000000000000000000000000000000000000000000000000000000000000000000000
0000000000000000000000000000000000000000000000000000000000000000000000000000000000222222000000000000000000000000000000000000000000000000000000000000000000000000
0000000000000000000000000000000000000000000000000000000000000000000000000000000000222222000000000000000000000000000000000000000000000000000000000000000000000000
0000000000000000000000000000000000000000000000000000000000000000000000000000000000222222000000000000000000000000000000000000000000000000000000000000000000000000
0000000000000000000000000000000000000000000000000000000000000000000000000000000000222222000000000000000000000000000000000000000000000000000000000000000000000000
0000000000000000000000000000000000000000000000000000000000000000000000000000000000022200000000000000000000000000000000000000000000000000000000000000000000000000
0000000000000000000000000000000000000000000000000000000000000000000000000000000000022200000000000000000000000000000000000000000000000000000000000000000000000000
0000000000000000000000000000000000000000000000000000000000000000000000000000000000000000000000000000033300000000000000000000000000000000000000000000000000000000
0000000000000000000000000000000000000000000000000000000000000000000000000000000000000000000000000000033300000000000000000000000000000000000000000000000000000000
0000000000000000000000000000000000000000000000000000000000000000000000000000000000000000000000000000233322220000000000000000000000000000000000000000000000000000
0000000000000000000000000000000000000000000000000000000000000000000000000000000000000000000000000002233332222200002222222220000000000000000000000000000000000000
0000000000000000000000000000000000000000000000000000000000000000000000000000000000000000000000000002233332222200022222222222200000000000000000000000000000000000
0000000000000000000000000000000000000000000000000000000000000000000000000000000000000000000000000002233333222220022222222222220000000000000000000000000000000000
0000000000000000000000000000000000000000000000000000000000000000000000000000000000000000000000000002233333022222222220000222220000000000000000000000000000000000
0000000000000000000000000000000000000000000000000000000000000000000000000000000000000000000000000002233333302222222003333333220000000000000000000000000000000000
0000000000000000000000000000000000000000000000000000000000000000000000000000000000000000000000000002233333333332222033333333220000000000000000000000000000000000
0000000000000000000000000000000000000000000000000000000000000000000000000000000000000000000000000002233333333333223333333333320000000000000000000000000000000000
0000000000000000000000000000000000000000000000000000000000000000000000000000000000000000000000000002223333333333223333333333322000000000000000000000000000000000
0000000000000000000000000000000000000000000000000000000000000000000000000000000000000000000000000002222333333333223333333333322000000000000000000000000000000000
0000000000000000000000000000000000000000000000000000000000000000000000000000000000000000000000000002223333333333223333333333322000000000000000000000000000000000
0000000000000000000000000000000000000000000000000000000000000000000000000000000000000000000000000000223333333333303333333302222000000000000000000000000000000000
0000000000000000000000000000000000000000000000000000000000000000000000000000000000000000000000000002223333333333333333333322220000000000000000000000000000000000
0000000000000000000000000000000000000000000000000000000000000000000000000000000000000000000000000002222333333333333333333322220000000000000000000000000000000000
0000000000000000000000000000000000000000000000000000000000000000000000000000000000000000000000000002222233333333333333333222200000000000000000000000000000000000
0000000000000000000000000000000000000000000000000000000000000000000000000000000000000000000000000002222203333333333333333222200000000000000000000000000000000000
0000000000000000000000000000000000000000000000000000000000000000000000000000000000000000000000000002222223333333333333322222000000000000000000000000000000000000
0000000000000000000000000000000000000000000000000000000000000000000000000000000000000000000000000002222223333333333333322220000000000000000000000000000000000000
0000000000000000000000000000000000000000000000000000000000000000000000000000000000000000000000000000222223333333333333222200000000000000000000000000000000000000
0000000000000000000000000000000000000000000000000000000000000000000000000000000000000000000000000000002223333303333322222000000000000000000000000000000000000000
0000000000000000000000000000000000000000000000000000000000000000000000000000000000000000000000000000000023333333333322220000000000000000000000000000000000000000
0000000000000000000000000000000000000000000000000000000000000000000000000000000000000000000000000000000003333333333322200000000000000000000000000000000000000000
0000000000000000000000000000000000000000000000000000000000000000000000000000000000000000000000000000000000333333333322000000000000000000000000000000000000000000
0000000000000000000000000000000000000000000000000000000000000000000000000000000000000000000000000000000000333333333322000000000000000000000000000000000000000000
0000000000000000000000000000000000000000000000000000000000000000000000000000000000000000000000000000000000023333333220000000000000000000000000000000000000000000
0000000000000000000000000000000000000000000000000000000000000000000000000000000000000000000000000000000000022222222200000000000000000000000000000000000000000000
0000000000000000000000000000000000000000000000000000000000000000000000000000000000000000000000000000000000000222222200000000000000000000000000000000000000000000
0000000000000000000000000000000000000000000000000000000000000000000000000000000000000000000000000000000000000022222200000000000000000000000000000000000000000000
0000000000000000000000000000000000000000000000000000000000000000000000000000000000000000000000000000000000000002222000000000000000000000000000000000000000000000
0000000000000000000000000000000000000000000000000000000000000000000000000000000000000000000000000000000000000000000000000000000000000000000000000000000000000000
0000000000000000000000000000000000000000000000000000000000000000000000000000000000000000000000000000000000000000000000000000000000000000000000000000000000000000
