0000000000000000000000000000000000000000000000000000000000000000000000000000000000000000000000000000000000000000000000000000000000000000000000000000000000000000
0000000000000000000000000000000000000000000000000000000000000000000000000000000000000000000000000000000000000000000000000000000000000000000000000000000000000000
0000000000000000000000000000000000000000000000000000000000000000000000000000000000000000000000000000000000000000000000000000000000000000000000000000000000000000
0000000000000000000000000000000000000000000000000000000000000000000000000000000000000000000000000000000000000000000000000000000000000000000000000000000000000000
0000000000000000000000000000000000000000000000000000000000000000000000000000000000000000000000000000000000000000000000000000000000000000000000000000000000000000
0000000000000000000000000000000000000000000000000000000000000000000000000000000000000000000000000000000000000000000000000000000000000000000000000000000000000000
0000000000000000000000000000000000000000000000000000000000000000000000000000000000000000000000000000000000000000000000000000000000000000000000000000000000000000
0000000000000000000000000000000000000000000000000000000000000000000000000000000000000000000000000000000000000000000000000000000000000000000000000000000000000000
0000000000000000000000000000000000000000000000000000000000000000000000000000000000000000000000000000000000000000000000000000000000000000000000000000000000000000
0000000000000000000000000000000000000000000000000000000000000000000000000000000000000000000000000000000000000000000000000000000000000000000000000000000000000000
0000000000000000000000000000000000000000000000000000000000000000000000000000000000000000000000000000000000000000000000000000000000000000000000000000000000000000
0000000000000000000000000000000000000000000000000000000000000000000000000000000000000000000000000000000000000000000000000000000000000000000000000000000000000000
0000000000000000000000000000000000000000000000000000000000000000000000000000000000000000000000000000000000000000000000000000000000000000000000000000000000000000
0000000000000000000000000000000000000000000000000000000000000000000000000000000000000000000000000000000000000000000000000000000000000000000000000000000000000000
0000000000000000000000000000000000000000000000000000000000000000000000000000000000000000000000000000000000000000000000000000000000000000000000000000000000000000
0000000000000000000000000000000000000000000000000000000000000000000000000000000000000000000000000000000000000000000000000000000000000000000000000000000000000000
0000000000000000000000000000000000000000000000000000000000000000000000000000000000000000000000000000000000000000000000000000000000000000000000000000000000000000
0000000000000000000000000000000000000000000000000000000000000000000000000000000000000000000000000000000000000000000000000000000000000000000000000000000000000000
0000000000000000000000000000000000000000000000000000000000000000000000000000000000000000000000000000000000000000000000000000000000000000000000000000000000000000
0000000000000000000000000000000000000000000000000000000000000000000000000000000000000000000000000000000000000000000000000000000000000000000000000000000000000000
0000000000000000000000000000000000000000000000000000000000000000000000000000000000000000000000000000000000000000000000000000000000000000000000000000000000000000
0000000000000000000000000000000000000000000000000000000000000000000000000000000000000000000000000000000000000000000000000000000000000000000000000000000000000000
0000000000000000000000000000000000000000000000000000000000000000000000000000000000000000000000000000000000000000000000000000000000000000000000000000000000000000
0000000000000000000000000000000000000000000000000000000000000000000000000000000000000000000000000000000000000000000000000000000000000000000000000000000000000000
0000000000000000000000000000000000000000000000000000000000000000000000000000000000000000000000000000000000000000000000000000000000000000000000000000000000000000
0000000000000000000000000000000000000000000000000000000000000000000000000000000000000000000000000000000000000000000000000000000000000000000000000000000000000000
0000000000000000000000000000000000000000000000000000000000000000000000000000000000000000000000000000000000000000000000000000000000000000000000000000000000000000
0000000000000000000000000000000000000000000000000000000000000000000000000000000000000000000000000000000000000000000000000000000000000000000000000000000000000000
0000000000000000000000000000000000000000000000000000000000000000000000000000000000000000000000000000000000000000000000000000000000000000000000000000000000000000
0000000000000000000000000000000000000000000000000000000000000000000000000000000000000000000000000000000000000000000000000000000000000000000000000000000000000000
0000000000000000000000000000000000000000000000000000000000000000000000000000000000000000000000000000000000000000000000000000000000000000000000000000000000000000
0000000000000000000000000000000000000000000000000000000000000000000000000000000000000000000000000000000000000000000000000000000000000000000000000000000000000000
0000000000000000000000000000000000000000000000000000000000000000000000000000000000000000000000000000000000000000000000000000000000000000000000000000000000000000
0000000000000000000000000000000000000000000000000000000000000000000000000000000000000000000000000000000000000000000000000000000000000000000000000000000000000000
0000000000000000000000000000000000000000000000000000000000000000000000000000000000000000000000000000000000000000000000000000000000000000000000000000000000000000
0000000000000000000000000000000000000000000000000000000000000000000000000000000000000000000000000000000000000000000000000000000000000000000000000000000000000000
0000000000000000000000000000000000000000000000000000000000000000000000000000000000000000000000000000000000000000000000000000000000000000000000000000000000000000
0000000000000000000000000000000000000000000000000000000000000000000000000000000000000000000000000000000000000000000000000000000000000000000000000000000000000000
0000000000000000000000000000000000000000000000000000000000000000000000000000000000000000000000000000000000000000000000000000000000000000000000000000000000000000
0000000000000000000000000000000000000000000000000000000000000000000000000000000000000000000000000000000000000000000000000000000000000000000000000000000000000000
0000000000000000000000000000000000000000000000000000000000000000000000000000000000000000000000000000000000000000000000000000000000000000000000000000000000000000
0000000000000000000000000000000000000000000000000000000000000000000000000000000000000000000000000000000000000000000000000000000000000000000000000000000000000000
0000000000000000000000000000000000000000000000000000000000000000000000000000000000000000000000000000000000000000000000000000000000000000000000000000000000000000
0000000000000000000000000000000000000000000000000000000000000000000000000000000000000000000000000000000000000000000000000000000000000000000000000000000000000000
0000000000000000000000000000000000000000000000000000000000000000000000000000000000000000000000000000000000000000000000000000000000000000000000000000000000000000
0000000000000000000000000000000000000000000000000000000000000000000000000000000000000000000000000000000000000000000000000000000000000000000000000000000000000000
0000000000000000000000000000000000000000000000000000000000000000000000000000000000000000000000000000000000000000000000000000000000000000000000000000000000000000
0000000000000000000000000000000000000000000000000000000000000000000000000000000000000000000000000000000000000000000000000000000000000000000000000000000000000000
0000000000000000000000000000000000000000000000000000000000000000000000000000000000000000000000000000000000000000000000000000000000000000000000000000000000000000
0000000000000000000000000000000000000000000000000000000000000000000000000000000000000000000000000000000000000000000000000000000000000000000000000000000000000000
0000000000000000000000000000000000000000000000000000000000000000000000000000000000000000000000000000000000000000000000000000000000000000000000000000000000000000
0000000000000000000000000000000000000000000000000000000000000000000000000000000000000000000000000000000000000000000000000000000000000000000000000000000000000000
0000000000000000000000000000000000000000000000000000000000000000000000000000000000000000000000000000000000000000000000000000000000000000000000000000000000000000
0000000000000000000000000000000000000000000000000000000000000000000000000000000000000000000000000000000000000000000000000000000000000000000000000000000000000000
0000000000000000000000000000000000000000000000000000000000000000000000000000000000000000000000000000000000000000000000000000000000000000000000000000000000000000
0000000000000000000000000000000000000000000033000000000000000000000000000000000000000000000000000000000000000000000000000000000000000000000000000000000000000000
0000000000000000000000000000000000000000000033000000000000000000333333333003330000000000000000000000000000000000000000000000000000000000000000000000000000000000
0000000000000000000000000000000000000000000000000000000000000333333333333003333333333333000000000000000000000000000000000000000000000000000000000000000000000000
0000000000000000000000000000000000000000000000033000000000003333333333333003333333333333300000000000000000000000000000000000000000000000000000000000000000000000
0000000000000000000000000000000000000000000000033000000000033333330000000000003333333333333300000000000000000000000000000000000000000000000000000000000000000000
0000000000000000000000000000000000000000000000000330000003333330000000000000000000000033333333330000000000000000000000000000000000000000000000000000000000000000
0000000000000000000000000000000000000000000000000330000003333300000000000000000000000000333333333300000000000000000000000000000000000000000000000000000000000000
0000000000000000000000000000000000000000000000000000330033333000000000000000000000000000000333333330000000000000000000000000000000000000000000000000000000000000
0000000000000000000000000000000000000000000000000000333333300000000000000000000000000000000000333333000000000000000000000000000000000000000000000000000000000000
0000000000000000000000000000000000000000000000000000003333300000000000000000000000000000000000003333000000000000000000000000000000000000000000000000000000000000
0000000000000000000000000000000000000000000000000000000333333333000000000000000000000000000000000333000000000000000000000000000000000000000000000000000000000000
0000000000000000000000000000000000000000000000000000000333333333333333000000000000000000000000000033300000000000000000000000000000000000000000000000000000000000
0000000000000000000000000000000000000000000000000000000333000000333333333000000000000000000000000033300000000000000000000000000000000000000000000000000000000000
0000000000000000000000000000000000000000000000000000003333000000000000333300000000000000000000000033300000000000000000000000000000000000000000000000000000000000
0000000000000000000000000000000000000000000000000000003330000000000000033333000000000000000000000000000000000000000000000000000000000000000000000000000000000000
0000000000000000000000000000000000000000000000000000003330000000000000000033300000000000000000000000000000000000000000000000000000000000000000000000000000000000
0000000000000000000000000000000000000000000000000000003330000000000000000003300000000000000000000000333000000000000000000000000000000000000000000000000000000000
0000000000000000000000000000000000000000000000000000003330000000000000000003300000000000000000000000333000000000000000000000000000000000000000000000000000000000
0000000000000000000000000000000000000000000000000000033330000000000000000003300000000000000000000000333000000000000000000000000000000000000000000000000000000000
0000000000000000000000000000000000000000000000000000033330000000000000000003300000000000000000000000033300000000000000000000000000000000000000000000000000000000
0000000000000000000000000000000000000000000000000000033300000000000000000033000000000000000000000000033300000000000000000000000000000000000000000000000000000000
0000000000000000000000000000000000000000000000000000033300000000000000000033000000000000000000000000033300000000000000000000000000000000000000000000000000000000
0000000000000000000000000000000000000000000000000000033300000000000000000000000000000000000000000000003330000000000000000000000000000000000000000000000000000000
0000000000000000000000000000000000000000000000000000033300000000000000330000000000000000000000000000003330000000000000000000000000000000000000000000000000000000
0000000000000000000000000000000000000000000000000000033300000000000000330000000000000000000000000000003333000000000000000000000000000000000000000000000000000000
0000000000000000000000000000000000000000000000000000033300000000000000000000000000000000000000000000000333300000000000000000000000000000000000000000000000000000
0000000000000000000000000000000000000333300000000000033330000000000000000000000000000000000000000000000333333333000000000000000000000000000000000000000000000000
0000000000000000000000000000000000003333330000000000003333000000000000000000000000000000000000000000000033333333300000000000000000000000000000000000000000000000
0000000000000000000000000000000000003300330000000000003333000000000000000000000000000000000000000000000003333333333300000000000000000000000000000000000000000000
0000000000000000000000000000000000000000000003300000000333000033000000000000000000000000000000000000000000000033333333000000000000000000000000000000000000000000
0000000000000000000000000000000000000000000003300000000333330033000000000000000000000000000000000000000000000000333333300000000000000000000000000000000000000000
0000000000000000000000000000000000330000000000000330330003333330000000000000000000000000000000000000000000000000000333300000000000000000000000000000000000000000
0000000000000000000000000000000000330000000000000330330333333333000000000000000000000000000000000000000000000000000033330000000000000000000000000000000000000000
0000000000000000000000000000000000000000000000000000000330033333333330000000000000000000000000000000000000000000000003330000000000000000000000000000000000000000
0000000000000000000000000000000003300000000000000000000000000333333333333333000000000000000000000000000000000000000003330000000000000000000000000000000000000000
0000000000000000000000000000000003300000000000000000000000000003333333333333333330000000000000000000000000000000000000033300000000000000000000000000000000000000
0000000000000000000000000000000000000000000000000000000000000000000333333333333333333333000000000000000000000000000000033300000000000000000000000000000000000000
0000000000000000000000000000000000000000000000000000000000000000000000000003333333333333333300000000000000000000000000033330000000000000000000000000000000000000
0000000000000000000000000000000000000000000000000000000000000000000000000000000033333333333333300000000000000000000000003330000000000000000000000000000000000000
0000000000000000000000000000000000000000000000000000000000000000000000000000000000000033333333333000000000000000000000003330000000000000000000000000000000000000
0000000000000000000000000000000033000000000000000000000000000000000000000000000000000000000333333330000000000000000000000000000000000000000000000000000000000000
0000000000000000000000000000000033000000000000000000000000000000000000000000000000000000000003333333300000000000000000000033300000000000000000000000000000000000
0000000000000000000000000000000000000000000000000000000000000000000000000000000000000000000000003333300000000000000000000033330000000000000000000000000000000000
0000000000000000000000000000000000000000000000000000000000000000000000000000000000000000000000000033333000000000000000000033330000000000000000000000000000000000
0000000000000000000000000000000330000000000000000000000000000000000000000000000000000000000000000000333300000000000000000003333300000000000000000000000000000000
0000000000000000000000000000000330000000000000000000000000000000000000000000000000000000000000000000333330000000000000000000033300000000000000000000000000000000
0000000000000000000000000000000333000000000000000000000000000000000000000000000000000000000000000000033330000000000000000000033333000000000000000000000000000000
0000000000000000000000000000000033300000000000000033033333033000000000000000000000000000000000000000003330000000000000000000000333000000000000000000000000000000
0000000000000000000000000000000003333303333000333333033333033000000000000333300000000000000000000000000000000000000000000000000333000000000000000000000000000000
0000000000000000000000000000000000333303333000333300000000000000000000000333303300000000000000000000000000000000000000000000000003330000000000000000000000000000
0000000000000000000000000000000000000000000000000000000000000000000000000000003300000000000000000000000000000000000000000000000003330000000000000000000000000000
0000000000000000000000000000000000000000000000000000000000000000000000000000000000000000000000000000000000000000000000000000000003330000000000000000000000000000
0000000000000000000000000000000000000000000000000000000000000000000000000000000000000000000000000000000000000000000000000000000000000000000000000000000000000000
0000000000000000000000000000000000000000000000000000000000000000000000000000000000000000000000000000000000000000000000000000000000000000000000000000000000000000
0000000000000000000000000000000000000000000000000000000000000000000000000000000000000000000000000000000000000000000000000000000000033300000000000000000000000000
0000000000000000000000000000000000000000000000000000000000000000000000000000000000000000000000000000000000000000000000000000000000033300000000000000000000000000
0000000000000000000000000000000000000000000000000000000000000000000000000000000000000000000000000000000000000000000000000000000000033300000000000000000000000000
0000000000000000000000000000000000000000000000000000000000000000000000000000000000000033330000000000000000000000000000000000000000000000000000000000000000000000
0000000000000000000000000000000000000000000000000000000000000000000000000000000000000033333000000000000000000000000000000000000000003330000000000000000000000000
0000000000000000000000000000000000000000000000000000000000000000000000000000000000000000033000000000000000000000000000000000000000003330000000000000000000000000
0000000000000000000000000000000000000000000000000000000000000000000000000000000000000000000000000000000000000000000000000000000000003330000000000000000000000000
0000000000000000000000000000000000000000000000000000000000000000000000000000000000000000000000000000000000000000000000000000000000000000000000000000000000000000
0000000000000000000000000000000000000000000000000000000000000000000000000000000000000000000000000000000000000000000000000000000000000000000000000000000000000000
0000000000000000000000000000000000000000000000000000000000000000000000000000000000000000000000000000000000000000000000000000000000000000000000000000000000000000
0000000000000000000000000000000000000000000000000000000000000000000000000000000000000000000000000000000000000000000000000000000000000000000000000000000000000000
0000000000000000000000000000000000000000000000000000000000000000000000000000000000000000000000000000000000000000000000000000000000000000000000000000000000000000
0000000000000000000000000000000000000000000000000000000000000000000000000000000000000000000000000000000000000000000000000000000000000000000000000000000000000000
0000000000000000000000000000000000000000000000000000000000000000000000000000000000000000000000000000000000000000000000000000000000000000000000000000000000000000
0000000000000000000000000000000000000000000000000000000000000000000000000000000000000000000000000000000000000000000000000000000000000000000000000000000000000000
0000000000000000000000000000000000000000000000000000000000000000000000000000000000000000000000000000000000000000000000000000000000000000000000000000000000000000
0000000000000000000000000000000000000000000000000000000000000000000000000000000000000000000000000000000000000000000000000000000000000000000000000000000000000000
0000000000000000000000000000000000000000000000000000000000000000000000000000000000000000000000000000000000000000000000000000000000000000000000000000000000000000
0000000000000000000000000000000000000000000000000000000000000000000000000000000000000000000000000000000000000000000000000000000000000000000000000000000000000000
