3002213120221002203020210012210212120331333213200132031332132103200333331313100001021312013233312310320231230122302302303011030310031330211033330233100312131033
3113333200011100320232323303313000122211331031111230123110331231332120032203111023313312232102233232203203202220330123002032233213033010200011000201321202312301
1200112023133302222130023203022232122312021310111033132213110112123223000303131121231031210331100312311030322110013112020312020122002022333303323303333101232122
0130202133210202311131230132012012011230223301220312312131300033313323111031223223111110113123203013032102013231120030203011312233123212301311131101110012030321
3030220023310222011010220101212032032131122002123320013233312312331120110213213022213121333223121103320110121121330213331321333203031323130312221320012332222332
3300231210330100332332330213323313031332211231033031002003123111121230100233333120123302003101301120201210302031021301321211101112301010231001232230300110202032
1231022332023023020200112112333222022122322130000231213213012110231133313212131321110323123003213123002130321020101223212313212112232123300102102031310103312032
2220032003013122211123332231033013023310001202302333131101112021221320312231213212230001231001130131101101312303323032110321031232132010201022003233322223130030
2330320233320333311003222103101200120313313203003032102233102021020003000033311111033113000213230002302022121323312331112101321121001200003032333001301300012311
3100123322133101320202020222230303002332010030133310031330203310323331233333103312113311313231223320133122303002011132230102302312322212111131020222100123333223
2113333013003101311033332102131003212322101020011000230302001230221023231021013323001231012011211100101201113233223013103031133331003211321230323110331232303033
1120323102302211131232320013123123323322311110210203321120031131123330103112220201330131313311223023202011033321311010300232230010102230103311021030330201330210
3131030012223003003121002332331223323010032330002210221101122131013002313011233012301100311223001120102121321122020220132112223022200300012332203011322013013110
1113022231123121231202130002330012303303032211103032220302013212330321213123131330300121303103022031213002000203231320212322112122101112220230313131111213202333
1000203021203121120221312303303223302001101111113233300221111322211222110113023231131213113230122301133021032311031002031330031222013033001112220333020010231323
3113320211121101232100202023011013000111031031312001200202323313323121011220311203013303032310233211123311322231222130233010220233231123103033332023002233321030
3320010202132131123333022010322001221101122233101230322302010322223333333333333332200231131211330111120103200003312220021301111211321110211132100313230333122203
2110203333003302201320310121232002030013130303111200103211233333333333333333333333333212011132213310213132302232221223312021233301020033103332101023210333300301
0103113331333231322213002021231313122122200111120103102313233333333333333333333333333321013033232130013020320130303131312220033233313311002302100302112301222331
0212130130003011001100112232103031123332110012010111131133333333333222133222222233333332330212212130313133322210211002301131202032210131220121122020012111022300
2100221312000232103113103230331203022333333230110030211333333333212303020222222220133331022003113022031330002011301121111231100301000121032120233013330013223012
2000313021101221213013311112032102023033122312320220203333333321022303233222222222033333312200230131111001220131103221232031220230330033213031211311111233130331
1120012201023220211013301203102313133202220010232110223333002201232120302222102222003333321101031033233023130023001223123221212023303003031330203001223002200122
1333100322121012211333212100013133330131231101001013023333110020112102012220220222032033332222300332120221231300122023310101113301200030120012201321012201312121
3113033230202030203312223031133130130103222032203303233331300200122032222220112222332333331203022112010021123120311102031203332333133022002212210322211321203301
1133011332001011000313122110212200213210022133002122033320332203020302232220202222033123333201323113100101011120122310011001331031322111111102222000202200133122
3011213211332020122110300122213122002121122323110103033331200131033213122223212222001233333323201200121113211112010013201213130121322123210103111001121203320301
1333001100112301000320203132003301100202333302222130333212133312022211022223232221230000033330303322303203102223322033233202103123210310030032210202123231131302
2323331313101001021232313220212033110303313301122010333322333330332203322203112221002300133331311331200133030222222033320011131031133120220030120331033233330103
3121001211032303213033131302002300023211012233001333333233333312103333222212122223033320313333010133233211220213230300133003231203223012310031022213130312102132
1330300000111210101123322101220320021001300011100200220031333022222222222233022213103223123333111002003202200312012210120133102202123101131111203310123310123330
0013111221002332122211212213002101221313323013121302002230333122222222222221322230002333213333301002210310101001023210332230230003120300112201113320013232121002
1221010133101032321020011221121011231011013130303020113113333022222222222021303121301030322333331330011203102012123113031032233033102112301331211131212223133211
3311000232100233012122032321300200201222002032133133223102213313222221332321101001100223311233323210111202322120210330022020213111021312021030321120331023322132
0221330000002223023133003203013231110131021230112112130101120223200223113103302202311013210333330102111312300131110031201023111220023230110210333330001103120121
0301021211320111022123200313222113312022301023221333332003311310111002221100201322231203133333311202330112200311122210202213322312300212101002313010031210123210
1320023123100013131323311210330202101230310333333333333332013122003213320111012320312231112133310322313132033032202223101231202212023223230031332111313031000201
1020032022332032133220122313113131011322202333333333333333111333333333302320322313023103333333321022020303003032113010001030132102112233010320322233202033330212
1133112320301000223211120223001032031212131333333333333333333333333333333300012211311231203333023332121133103111131201031312003302101030031032122031301032100200
2321213001130201011201212012300133031031203333321302213333333333333333333333223011331122333333221331230030012113231132200213103302023030102012321012332313033332
1331311331132302333003020303012221003203103333321123221333333313001000333333331330213133233333121321332033110023331023232333032001221112022210013320210032110131
2322110211313132102332332202313132220003333332123203221233333233331111133333301221001301122333001222111133331232110220131311101011212030230231120302123200133301
1233123213320330101332131220233322331132333222323221103233330310111111113233330322001313111333233231231023223221231322223021123310103210313320130331011232033230
0302101111103233212333320011132321120113333020321021121033333211111111110133333113033333333333312131321303302312211022313123122313332020121233020012210211323013
1003202021323112301322031211102310233033333301222321103133331111111111111233333122121333333333311220321112021211130120010102223331112212121003121200112311300033
1311123223010301110122133223103330221333330013101000001333311111111111111121333302313333333333333321332113033233110112333002030101203310322311231031133001233011
0233011003311133302103221011232110301333311312233203133333111111111111111111233331333333213333333320012302301131322022120332000013013302122322113213123203302231
3333331200022130233103020312323223132333330233011202313331111111111111111111133333333333013331333333103322200222322203312201311233332300313130232231220033033313
3201122113110301000021103030000031213333202310302312333311111111111111111111133333333120202013033333330203022210232010211021033212202100223210121202022132111302
2033031332022200003110011323223000033333113032222030333311111111111111111111133333332201022222002333331031013333110213130210130301233333022031032120102201120030
0302030121222210020103011002332223233331003132221011333311111111111111111111333333333222222222230133333233101101221303012122221123022210013220131103320011113220
2320112333302001133001032003302220133330120122221223333211111111111111111111333333312122222222222013333211020302320223021033320020322313210232312223001133121313
2112222303310201221211312030320112033300220322203323333111111111111111111111333033321022222022222203333331102222333122031210202030330123021030033033033220130131
2300213332132030130330331011221300333303312222202231333111111111111111111111122333312022212233222222333012312122013133220313331010012131122100121002122230311122
1121310310122010321033201110112330333102133222032223333011111111111111111111123333312332321130322223333111111202033002002123020331033011212212031122233213321130
2030031022200031133031311330003223333121003222222111333311111111111111111111123333321322232022222223333022102113032223330002332231332121123001310332013011022202
2213033011231012033022123113200113333210312222100333333311111111111111111111103333020322203022222233330133120032233130030120233112202121320321233012031010103012
2003200132203012200230233221221223330321002221113112333111111111111111111111103330012222230222222103333312332123010302311110122020022201230203302131210033032301
3121211321000103032002203031210123333130322220220202333211111111111111111111133333130123222222220203332013130111300313210122320020023200310033002201231032133031
2033030020320232303011312332031103333313322223211323333333111111111111111111133331202222222222103123333131011003000021220023210000003300203011033120030310331102
1111103022121313222301033320113333333212322202300333333333111111111111111111133330032222222213001203331132330012211230033111230200023131000301310100103300011313
2130120001311011013330121332332333333203222202333333333333111111211111113111233303112222221110221223333222323221022300012103221002231103020231300131320313221122
3311313020002132333222333220300333332321022201233333333333311111111111111111133332102222101202303013330032202012020102110323302220133333012213230223310333201122
2232023133322212020130103332121033320101322213333333113333331111011111111113333302332221213202023222103231322232233312203200133230230133003100023220132030202233
0200033032030131012213010301122333333013310323333331131333333111111111111113332030221122003301023333101302332113011200112022032200102103330333202020202203300302
1231113100200111112232002223030033333023103313333321010333333111111111111113332131232113321222303333130312000210101101102121013032231103112101320313202233223222
0133333000230132122310212312030003333123002203333312323310333311111111111333332032133133200010233333010312323130010311010301302203212033303231233210200002110023
2103313233201022032031133322211313333001313113333302331120333331111111333333302201021300121133333333233121101233123131033130001121003132223222113213120111331013
3222233202131120011102331310323211333323220133330303222220203003333033333333333333333203333333333101031113122203302231110003011110321003210103221000112103311001
1123013323312133213201020333121001333031103333331302022222200300301033333333333333333333333333333201001312321010133012021023231221302011230013110123031012133033
3101031221303200100321123302323312333310030333332302322222222022102133233333333333333333333333332202311021230103012223023101212210201111321100003303332010032130
1320233120003230302011031231233021233313033333301223112222222212232211333310203331123333330301033130132301211120010012001133130200232132023012330000300023111232
0113223311130322120313211200311110333300333333300131103112222223200320333332000303211210301203223222322300232111101101021102203102132101302322203212213331202331
3132300010312323120232321223223023333333333330200230202213222222201220333302330022132010222203132300233030221311113322220310221133000333311122230323331201233323
3303212332030232003321001230303023333333333332003200120211222222203033333033222213102220013112200020011301301023330330122022123300011230023202302030232210110211
0220200333130102220230113323202303333333333122120232013031213122222313333300323220000311212110030003203330222110333333032330330210303020132033023002302230333201
1011302020111010120031330122333023333323000301012213103233303010222032333333212230022113101030212320230222303323230002202311110233232031030032200102010122220200
3132000311033331131003002031321320302123100132103320213200100021222211333331122021333322001100120313303212122022222333001013321030102113131012300313133023310131
2231011310323333122321103110203320001002031012333133220132222222222210213330102031233132110330312300302001331111300232213203313221101302130103123123223000331213
0330121013110003011210000113230202322333302303120113011002222222222212233333001132310233112123202121200201021010332120203231201311220100301112103032330231223212
3333012212032210333123222001311332311033310132302103303102222222222223200333131001313231321220002003300301111201201111121113301321313120121231102123221012102213
1132013011222002313020111103111201301033312333330203122333322333200130110333031123323230322231222021020313232032203211132231232021101121311310201211111032231012
3330020203222313323232303331121130123313100320032331003210132100201132130333012130322222021313312302222232322322033230310102212333313110132102330221210302222102
0010201023023230213313321102002231313002333313332232001322212223211323233333220132220222132020330002323032013121321133101323122333121130102110221210110231123010
0012212300333122010301213201102102032210333132131323203231120222100212032333023200210300021203203121231020300230103033202201202210321122311133122213230321232002
1022122322311201331332233112030310221322333322312132000212301100022210123333313210220331130202012102212311330203122112001102302120323121230103332201110122132121
2332130331113100022332212030022203102111033333002121013212110030301031333333211231220100101211120030021012103233300112133333013320220112231211101033211120311003
2301012333020330201200133103130103110332233333211020102303200301032013333331331133012332011132301310000200010103032231033323103223221002321011112010230000202313
2330303121301000333300323331331200213200113333333210320020100322033333333020210011231330123023122210030101203010021312211023330011011332101133000010223222112221
1123220221332103211031011220310211333132310333333333333333333333333333333010023210223011332231333203202100213100120311122302322212131110321110223010310210013313
1012331332203232023100011103112323030022110123333333333333333333333333312221220130321303131021230213233001133130212113213002133122301310112010101110101003103220
1002221201230011100030103032221301133002300021333333333333333333333303211012302221323312033032221032121200121101102120202200110131312022303112311030030323213032
1101110213211112300311010321001022120332333332001313303331333300023332102111311010033210013021133230220223132130003300111300320133203002131313131112123222001310
2130010101031100233013201231100321103013120133020120303023011120232130133213203311300223323301033220233201303130031230330202112121112231122321033232331101203321
3312001000311112331020122202222232013121230101312231120202000332010302313233333133002010232231332213103231130200201310013303321101231211300031322311232122211221
3201033300232223110132113302030013323302300200331202213233232012233031322213002333013233231211300321233222100310112223320100220110011033200030213301031021210231
2202032310111013113300323031000221320332131322003002122001111110110020321321103003123022110320031020000113332021101220130220212002212322323200021133013221111001
3310100020200113122202132001103112120220012123010123101330133310132130131210322322000022012110122131333300303023113331201333132300011200321110002221013301203231
1021233223221211110331131202330130013230120102021021212031203301000210222033002123120133102030103131311310121300312030232330102212030131013232202211210110310110
3100010311110131221323321202203022000310300113020031123231012311230322231230003032101121313203121130002332300110102011203230112330020321322210331003333333322011
0302123203033003233132112330231001321223302111010102123130310023001233200303221303220331311320121013000130221210020320021330120320221202202122231333333333000021
1012033300333132021022200121101312330030103220223113232013023201203332011201210320302103103232322103330111313113133021112113101330330202321333333333333333211202
1023300220211022100133012122230130012101312201303021212112230013211023022002023133111111322303122321300211123310220331002111301103233333330332333333303333132133
0232101131000100233312103102321301130313330323322120130223231002002001120232333221222302200203002332002003021111001213101230331010333333333333333331013333212201
0113230032331100222301003020213113023012223101322010233113303332020320223231122213111230321000230021323331310010311323220200032101333333333333333130333332230300
1111221132211131211211022312113323203223200123110031332233202123323301121200032220223213310220331331312000022221001013211313132203333313333333012330333333103022
1302102202003222303322123330101100120200333112030222221333320020132000011320101330301113201330302012132303103231321320111230021103333003333313202333333333020310
3113022221233013212320320320010230203330132231010122331210232303102230020321222212212210213302300130201033333011112121233212331213331233333302320333333221002101
3030000023110111322003223122101312012330221310302232302110221012001101010321031011310011030032313112022303232100331032311213211033333323333232220333333223302121
0321010311330332033212211203211320131010213221203232310022113322003312110213223111232221232011123201101221111121023120202013231123330203333333333333303122223311
0333011302320101211121230120200310221100210032021120000001001120112033031302223031311220103010103231010013230303212101202031112113330313333333333333313333020122
1213330212332113032232312323002023301203130003213020323130220010120100000132332032001122221210031203300321321303300312003333323103332113333333333333333333331023
0310211320003112011223120000330320120331101313223111231100332220213130110122221132120200332011311310002121232323111201213102332213333133333333333331333333320323
0331302132131320333232201333031312100132212113230113231030101212112311212310330132111311312330330110132030000231331131233000012223333333333331333330121333332021
2120213130330020333230331023002212130031321121132120123002020233032033013120131132333301110001021303301032033310221310200003130023333333333311333332021133332113
0003032132023323230020021332110223131120210033202202322111233010100132230233323233230133222103012221133222202032232323300333111113333333333112033312100213331200
0301003103200321320230320323303230122021030123130113100300321221310001032122033013103131210233203130333133010322231323301231112121223333331300333312200233330110
1010101332011203113133122310023231022220030100032013100103232122213212203121000221132033210030003032223202123230100111122122120230312333300302333330203333331323
2010301120002312322113331201123113111202333212202311000301313030020303010203123212331021033120123230002230233101212012112033032201123333302110333333333333331332
0021213010000103102323233100013213312203110231322211020122223222103223003000132312230101020230000122132010033212130130323203003201103333032012133333333333200101
0023230222013112303221320300121032023203312322031003030330030222021230311312131103222212013122020021031203303012222031303030003332110013121121012333333331202011
3002200020020333031113202031030013122000122021021131113122302230210102133232002333003232002132300222212331202313323001103301201103320301210221120330323132022030
0033331203030213333132301011003132333123010133132031020021113100031320222022232221321223310103330102322021322330321021332233003110233013313130010231100202003323
1301302302332022100013000200000021312111300221001221230312232231320010302231133331012200213131110311312023220212211222331211200112132022320212220010203100302132
1211313222212012222230330231122103022102123203132232021000321032202331232033312110121022330011303112212111231230023002302013300130030210302022110103203321212210
1120033031101202002322010310101203202010231110031303121310211111111020111101020012111330332322323311032112101112332102313032201023321003233113233020132002320230
3000123000201212313213131122010133101030230331121302013030010101232321103321001133222301013313112002231113223131313300202122312013202122321333132323121013310332
0033110102223322103230312313013023232013230120112022203232230012221132100232012131102232320302110021323030233032020111122303131013123103311111231133003210312331
