0000000000000000000000000000000000000000000000000000000000000000000000000000000000000000000000000000000000000000000000000000000000000000000000000000000000000000
0000000000000000000000000000000000000000000000000000000000000000000000000000000000000000000000000000000000000000000000000000000000000000000000000000000000000000
0000000000000000000000000000000000000000000000000000000000000000000000000000000000000000000000000000000000000000000000000000000000000000000000000000000000000000
0000000000000000000000000000000000000000000000000000000000000000000000000000000000000000000000000000000000000000000000000000000000000000000000000000000000000000
0000000000000000000000000000000000000000000000000000000000000000000000000000000000000000000000000000000000000000000000000000000000000000000000000000000000000000
0000000000000000000000000000000000000000000000000000000000000000000000000000000000000000000000000000000000000000000000000000000000000000000000000000000000000000
0000000000000000000000000000000000000000000000000000000000000000000000000000000000000000000000000000000000000000000000000000000000000000000000000000000000000000
0000000000000000000000000000000000000000000000000000000000000000000000000000000000000000000000000000000000000000000000000000000000000000000000000000000000000000
0000000000000000000000000000000000000000000000000000000000000000000000000000000000000000000000000000000000000000000000000000000000000000000000000000000000000000
0000000000000000000000000000000000000000000000000000000000000000000000000000000000000000000000000000000000000000000000000000000000000000000000000000000000000000
0000000000000000000000000000000000000000000000000000000000000000000000000000000000000000000000000000000000000000000000000000000000000000000000000000000000000000
0000000000000000000000000000000000000000000000000000000000000000000000000000000000000000000000000000000000000000000000000000000000000000000000000000000000000000
0000000000000000000000000000000000000000000000000000000000000000000000000000000000000000000000000000000000000000000000000000000000000000000000000000000000000000
0000000000000000000000000000000000000000000000000000000000000000000000000000000000000000000000000000000000000000000000000000000000000000000000000000000000000000
0000000000000000000000000000000000000000000000000000000000000000000000000000000000000000000000000000000000000000000000000000000000000000000000000000000000000000
0000000000000000000000000000000000000000000000000000000000000000000000000000000000000000000000000000000000000000000000000000000000000000000000000000000000000000
0000000000000000000000000000000000000000000000000000000000000000000000000000000000000000000000000000000000000000000000000000000000000000000000000000000000000000
0000000000000000000000000000000000000000000000000000000000000000000000000000000000000000000000000000000000000000000000000000000000000000000000000000000000000000
0000000000000000000000000000000000000000000000000000000000000000000000000000000000000000000000000000000000000000000000000000000000000000000000000000000000000000
0000000000000000000000000000000000000000000000000000000000000000000000000000000003333333330000000000000000000000000000000000000000000000000000000000000000000000
0000000000000000000000000000000000000000000000000000000000000000000000000000000003333333333330000000000000000000000000000000000000000000000000000000000000000000
0000000000000000000000000000000000000000000000000000000000000000000000000000000003333333333333000000000000000000000000000000000000000000000000000000000000000000
0000000000000000000000000000000000000000000000000000000000000000000000000000000003330003333333300000000000000000000000000000000000000000000000000000000000000000
0000000000000000000000000000000000000000000000000000000000000000000000000000000003330000000333300000000000000000000000000000000000000000000000000000000000000000
0000000000000000000000000000000000000000000000000000000000000000000000000000000003330000000033333000000000000000033333333300000000000000000000000000000000000000
0000000000000000000000000000000000333000000000000000000000000000000000000000000003330000000000333000000000003333333333333330000000000000000000000000000000000000
0000000000000000000000000000000000333300000000000000000000000000000000000000000003330000000000333300000000033333333333333330000000000000000000000000000000000000
0000000000000000000000000000000000333300000000000000000000000000000000000000000003330000000000033300000003333333333000033330000000000000000000000000000000000000
0000000000000000000000000000000000033300000000000000000000000000000000000000000003330000000000033300000003333330000000003330000000000000000000000000000000000000
0000000000000000000000000000000000033300000000000000000000000000000000000000000003330000000000033330000333333300000000003330000000000000000000000000000000000000
0000000000000000000000000000000000033300000000000000000000000000000000000000000003330000000000033330000333330000000000003330000000000000000000000000000000000000
0000000000000000000000000000000000033300000000000000000000000000000000000000000003330000000000003330003333300000000000003330000000000000000000000000000000000000
0000000000000000000000000000000000033300000000000000000000000000000000000000000003330000000000003330033333000000000000003330000000000000000000000000000000000000
0000000000000000000000000000000000033300000000000000000000000000000000000000000003330000000000000333033330000000000000003330000000000000000000000000000000000000
0000000000000000000000000000000000033300000000000000000000000000000000000000000003333000000000000333333300000000000000003330000000000000000000000000000000000000
0000000000000000000000000000000000033300000000000000000000000000000000000000000000333300000000000333333300000000000000003330000000000000000000000000000000000000
0000000000000000000000000000000000033300000000000000000000000000000000000000000000333300000000000333333000000000000000003330000000000000000000000000000000000000
0000000000000000000000000000000000033300000000000000000000000000000000000000000000333330000000000033300000000000000000003330000000000000000000000000000000000000
0000000000000000000000000000000000033300000000000000000000000000000000000000000000003330000000000000000000000000000000003330000000000000000000000000000000000000
0000000000000000000000000000000000033300000000000000000000000000000000000000000000003330000000000000000000000000000000003330000000000000000000000000000000000000
0000000000000000000000000000000000033300000000000000000000000000000000000000000000003333300000000000000000000000000000033330000000000000000000000000000000000000
0000000000000000000000000000000000033300000000000000000000000000000000000000000000000033330000000000000000000000000000033330000000000000000000000000000000000000
0000000000000000000000000000000000033300000000000000000000000000000000000000000000000033330000000000000000000000000000333300000000000000000000000000000000000000
0000000000000000000000000000000000033300000000000000000000000000000000000000000000000003330000000000000000000000000000333000000000000000000000000000000000000000
0000000000000000000000000000000000033300000000000000000000000000000000000000000000000003333300000000000000000000000003333000000000000000000000000000000000000000
0000000000000000000000000000000000033300000000000000000000000000000000000000000000000000033330000000000000000000000033333000000000000000000000000000000000000000
0000000000000000000000000000000000033300000000000000000000000000000000000000000000000000033330000000000000000000000333330000000000000000000000000000000000000000
0000000000000000000000000000000000033300000000000000000000000000000000000000000000000000003333300000000000000000033333300000000000000000000000000000000000000000
0000000000000000000000000000000000033300000000000000000000000000000000000000000000000000000033330000000000000000333333300000000000000000000000000000000000000000
0000000000000000000000000000000000033300000000000000000000000000000000000000000000000000000033333000000000000003333330000000000000000000000000000000000000000000
0000000000000000000000000000000000033300000000000000000000000000000000000000000000000000000003333300000000000033333300000000000000000000000000000000000000000000
0000000000000000000000000000000000033330000000000000000000000000000000000000000000000000000003333330000000003333333000000000000000000000000000000000000000000000
0000000000000000000000000000000000003330000000000000000000000000000000000000000000000000000000333330000000033333330000000000000000000000000000000000000000000000
0000000000000000000000000000000000003330000000000000000000000000000000000000000000000000000000033333000000333333000000000000000000000000000000000000000000000000
0000000000000000000000000000000000003330000000000000000000000000000000000000000000000000000000003333000003333330000000000000000000000000000000000000000000000000
0000000000000000000000000000000000003330000000000000000000000000000000000000000000000000000000003333000033333300000000000000000000000000000000000000000000000000
0000000000000000000000000000000000003330000000000000000000000000000000000000000000000000000000000333000333330000000000000000000000000000000000000000000000000000
0000000000000000000000000000000000003330000000000000000000000000000000000000000000000000000000000333303333300000000000000000000000000000000000000000000000000000
0000000000000000000000000000000000003330000000000000000000000000000000000000000000000000000000000333333333000000000000000000000000000000000000000000000000000000
0000000000000000000000000000000000003330000000000000000000000000000000000000000000000000000000000033333333000000000000000000000000000000000000000000000000000000
0000000000000000000000000000000000003330000000000000000000000000000000000000000000000000000000000000033330000000000000000000000000000000000000000000000000000000
0000000000000000000000000000000000003330000000000000000000000000000000000000000000000000000000000000000000000000000000000000000000000000000000000000000000000000
0000000000000000000000000000000000003330000000000000000000000000000000000000000000000000000000000000000000000000000000000000000000000000000000000000000000000000
0000000000000000000000000000000000003330000000000000000000000000000000000000000000000000000000000000000000000000000000000000000000000000000000000000000000000000
0000000000000000000000000000000000000000000000000000000000000000000000000000000000000000000000000000000000000000000000000000000000000000000000000000000000000000
0000000000000000000000000000000000000000000000000000000000000000000000000000000000000000000000000000000000000000000000000000000000000000000000000000000000000000
0000000000000000000000000000000000000000000000000000000000000000000000000000000000000000000000000000000000000000000000000000000000000000000000000000000000000000
0000000000000000000000000000000000000000000000000000000000000000000000000000000000000000000000000000000000000000000000000000000000000000000000000000000000000000
0000000000000000000000000000000000000000000000000000000000000000000000000000000000000000000000000000000000000000000000000000000000000000000000000000000000000000
0000000000000000000000000000000000000000000000000000000000000000000000000000000000000000000000000000000000000000000000000000000000000000000000000000000000000000
0000000000000000000000000000000000000000000000000000000000000000000000000000000000000000000000000000000000000000000000000000000000000000000000000000000000000000
0000000000000000000000000000000000000000000000000000000000000000000000000000000000000000000000000000000000000000000000000000000000000000000000000000000000000000
0000000000000000000000000000000000000000000000000000000000000000000000000000000000000000000000000000000000000000033300000000000000000000000000000000000000000000
0000000000000000000000000000000000000000000000000000003330000000000000000000000000000000000000333300000000000000033300000000000000000000000000000000000000000000
0000000000000000000000000000000000000000000000000000033330000000000000000000000000000000003333333300000000000000033300000000000000000000000000000000000000000000
0000000000000000000000000000000033300000000000000000033330000000000000000000000000000000333333333330000000000000033300000000000000000000000000000000000000000000
0000000000000000000000000000000033330000000000000000033330000000000000003333000000000333333333303330000000000000033300000000000000000000000000000000000000000000
0000000000000000000000000000000033333330000000000000033330000000000000333333333333333333333330003330000000000000033300000000000000000000000000000000000000000000
0000000000000000000000000000000003333333300000000000033330000000000333333333333333333333330000003333000000000000333300000000000000000000000000000000000000000000
0000000000000000000000000000000000003333333000000000033330000003333333333330333333333300000000003333000000000000333330000000000000000000000000000000000000000000
0000000000000000000000000000000000000033333333330000333330000333333333330000033333333000000000003333000000000003333333000000000000000000000000000000000000000000
0000000000000000000000000000000000000000333333333333333330333333333303330000000000333000000000000333300000000003333333300000000000000000000000000000000000000000
0000000000000000000000000000000000000000003333333333333333333333300003330000000000333000000000000333333333333333330333333333333300000000000000000000000000000000
0000000000000000000000000000000000000000000000033333333333333300000003333333333333333000000000000033333333333333330033333333333300000000000000000000000000000000
0000000000000000000000000000000000000000000000000033333333330000000003333333333333333000000000000003333333333333300003333333333300000000000000000000000000000000
0000000000000000000000000000000000000000000000033333333333000000000003333333333333333000000000000000000000000000000000000000000000000000000000000000000000000000
0000000000000000000000000000000000000000003333333333300333000000000000000000000003333000000000000000000000000000000000000000000000000000000000000000000000000000
0000000000000000000000000000000000000000033333333300000333000000000000000000000000000000000000000000000000000000000000000000000000000000000000000000000000000000
0000000000000000000000000000000000000000333333330000000333000000000000000000000000000000000000000000000000000000000000000000000000000000000000000000000000000000
0000000000000000000000000000000000000003333330000000000333000000000000000000000000000000000000000000000000000000000000000000000000000000000000000000000000000000
0000000000000000000000000000000000000003333000000000333333000000000000000000000000000000000000000000000000000000000000000000000000000000000000000000000000000000
0000000000000000000000000000000000000003333333333333333333000000000000000000000000000000000000000000000000000000000000000000000000000000000000000000000000000000
0000000000000000000000000000000000000003333333333333333330000000000000000000000000000000000000000000000000000000000000000000000000000000000000000000000000000000
0000000000000000000000000000000000000003333333333333000000000000000000000000000000000000000000000000000000000000000000000000000000000000000000000000000000000000
0000000000000000000000000000000000000000000000000000000000000000000000000000000000000000000000000000000000000000000000000000000000000000000000000000000000000000
0000000000000000000000000000000000000000000000000000000000000000000000000000000000000000000000000000000000000000000000000000000000000000000000000000000000000000
0000000000000000000000000000000000000000000000000000000000000000000000000000000000000000000000000000000000000000000000000000000000000000000000000000000000000000
0000000000000000000000000000000000000000000000000000000000000000000000000000000000000000000000000000000000000000000000000000000000000000000000000000000000000000
0000000000000000000000000000000000000000000000000000000000000000000000000000000000000000000000000000000000000000000000000000000000000000000000000000000000000000
0000000000000000000000330000000000000000000000000000000000000000000000000000000000000000000000000000000000000000000000000000030000000000000000000000000000000000
0000000000000000000000000000000000000000000000000000000000000000000000000000000000000000000000000000000000000000000000000000030000000000000000000000000000000000
0000000000000000000003000000000000000000000000000000000000000000000000000000000000000000000000000000000000000000000030000000030000000000000000000000000000000000
0000000000000000000003000000000000000000000000000000000000000000000000000000000000000000000000000000000000000000000030000000330000000000000000000000000000000000
0000000000000000000003000003000000000000000000000000000000000000000000000000000000000000000000000000000000000000000000000000330000000000000000000000000000000000
0000000000000000000003000003000000000000000000000000000000000000000000000000000000000000000000333333300033330000003333033300330000000000000000000000000000000000
0000000000000000000000000003000000000000000000000000000000000000000000000000000000000000000000033300000030003300000030000000330000003303330000000000000000000000
0000000000000000000003000000000000000000000000000000000000000000000000000000000000000000000000000033300030000300000030000000330000003000030000000000000000000000
0000000000000000000003000003000000000000333333300000000000000000000000000000000030000300000003300000303330333300000030000003030000003000000003000000000000000000
0000000000000000000003000003000303033003300000300000000000000000003333330000000030000330000003000000030030000000000033000030033030003000330033000000000000000000
0000000000000000000000000003030000003003000000000333333333000000003333033000000000000333000030000000330033000000000003333300030030003003300033000030000000000000
0000000000000000000003000003300000003003333333003300300000000000033300330330000333000300000300000033300000333000000000000000000030003033000033000030000000000000
0000000000000000000003000000000333333000033333333003330303333333333000300030333303300300333000033330000000003333300000000000000030000333333303033330000000000000
0000000000000000000003000000000000000000000000000000000000000000003333300000000000333300000000000000000000000000000000000000000033333000000000000030000000000000
0000000000000000000000330000000000000000000000000000000000000000000000000000000000000000000000000000000000000000000000000000000000000000000000000030000000000000
0000000000000000000000000000000000000000000030000000000000000000000000000000000000000000000000000000000000000000000000000000000000000000000000000000000000300000
0000000000000000000000000000000000000000000000000000000000000000000000000000000000000000000000000030000000000000000000000000000000000000000000000030000003300000
0000000000000000000000000000000000000000000030000000000000000000000000000000000003000000000000000033000000000000000000000000000000000000000000000030303330000000
0000000000000000000000000000000000000000000030000000000000000000000000000000000030000000000000000003000000000000000000000000000000000000000000303000000000000000
0000000000000000000000000000000000000000000030000000000000000000000000000000000030003000000000000000300000000000000000000000000000000000000003000030000000000000
0000000000000000000000000000000000000000000030000000000000000000000000000000000330003000000000000000000000000000000000000000000000000000000030000000000000000000
0000000000000000000000000000000000033303300330000000000333300000000000000000000000000303330000000000003000000000000000000000000000000000000033333300000000000000
0000000000000000000000000000000000000000000333000000003000030300000000000000003300033330000000000000000300000000000000000000000000000000000000000000000000000000
0000000000000000000000000000000000030000000030000003303000000300000303333300003000000300003003030300000300000000000000000000000000000000000000000000000000000000
0000000000000000000000000000000000030000000333333300003000000300000330000300000000000033000030000000000300000000000000000000000000000000000000000000000000000000
0000000000000000000000000000000000033000000300000000003000000300000330000300000000000333330330000000000300000000000000000000000000000000000000000000000000000000
0000000000000000000000000000000000000033333000000000003000000300000300000300000000000000000000000000000300000000000000000000000000000000000000000000000000000000
0000000000000000000000000000000000000000000000000000003303033300000300000300000000000000000000000000303000000000000000000000000000000000000000000000000000000000
0000000000000000000000000000000000000000000000000000000000000000000000000000000000000000000000003330000000000000000000000000000000000000000000000000000000000000
