2030220203303210111013121122213033102212302223132220021322121231022213300331010123021103033011032220210002100133033022200002101311312223200200032010122012132022
3331322011003103301120120312210213322003312300300320100311213031302213121123311211311130332003321003311102022300301301221312300201132321303122220201033331103110
2320330332020002321030333002030102233202321223213332022202321321213220110320213133123011031022100100320322021200110113011120303231033131023312322133212332113002
2122122112012122211023001132111111023223323312022232023201311113331111003200012301003031002202301032030231122033332113120210321013332311300100202223122130331323
2001200032112221103200032001122111211311221011110120100322210111300023022320111321002310022222002223202002323300132031022330222131030021002121021021300033121120
3310101210100331313001111211310020330331332310212101300010332113233003111020101012200101122222312112133201110023001102122032023210100330202233002202330231203103
0113013322322103032310100320313101331130223233211020310333112013033312030232020320121301101122112112001102320211021223332123030211321022233130132332112032312223
2330020223232322231321332000012333000333230220232113100220300102103232312120121221203302233123301332220200012102130322123220201103100330120322022211332303010122
3102222221220212321102313030001121131331310222232201303300200213330320020232120032323120233000133310131131213200302313000301030010110233300212032331301230232330
3111123010222031303222110213111023213121312312200003203002231032002311030101220130232021323112322210223120131033021310032331302001000213100133103120122131023023
3202013303030022212203330132013203113132131030012302313321230311333113321120011301130133132221213233330220330002130221021110001331232122312121131130302301133013
2210111312010102003021121130213201020201330323133330212103130013312330131331210001133131021320001022232223021012232313102202223113212111133122123131120222203121
0101031001202022331303031203111021120030103330301120020200312203023023002323213331112021101313103310321321120210103102230310320323002310113303310312121031022301
1300230112223131122301033322223230103121022211132120112023013230102203330230021113121211310030031330331111322111111300131331000021020123003331301020033233103023
2230111323111120020331322102313322020112122032232203030113101002033331230231101000032132230231113110202330311011332300112032223231202113032103103133220112330220
0012301322000310223201310012121200012011322102112001001223223120023231000231202011132222322300300113301231012130231322133122303301133210000302112030132213203323
0202022223122312311311330320031220032300030233211013310113011003130310203131310130023322313021030231211031210002323320032332313233111001011331210132313031201323
1311311220101202111110232323133020331302131111110003003223131222312102100313321231322322030102321323330210313012021002301311332120100021313220032321221011023012
1111031333110002130333323301113012111001230223200002230121132011110130212310003003001123211033310201132232222231013112310211313131330111203021013120213011231213
2002210112002033022022002231231113102031211233122231303330012100121030331020120102111320303132023021010021302000312230010120302033032010302201103320123000021120
1300030020310201110101200221031021311120212031101303233132322012332030102320000022001301311112010233101302210221021023033320022010223112122313322011133030132322
1333323020210323132020202123200223021202233220012122220131333222303011221301110122100031203313333310200033201220031311101333230122331110023033000132223300131200
0110000123321212031322213110220320213123030221333023023122223002130120223000002323310301331121101113000220330110232111301310231132031223101333030201120010132200
1212330302122030220023333333032203221030112021232201320021101212201113031113022211332310131133121202101300010021331123100120003011330031133231130220001023331330
3203313222103311021311302303102021323031120121221320320130331302212000211112221200123031210103021112313311031201310001321002322012002003033331103003200002322110
1110233100332222233011211002010120221310211031133310210220110012000301321102322033310101310310102020110212231312213200203330211101131011313131022302200013030102
0001330311223301223101030312300303011231121013130123230031223110323320212232010330322001333232202311310010331203230100011223032021133303110021110103013121203103
3203332013323022322130000313131311012113303212321031012232113023132122110231010122003101322310033032001202323221323021031032322100210221013033022033101023320013
1102022232013130201321100101030112230220223332032332033110130111121303322313110020213200333110211321300211021230110130323003212220023310111122100201331113301113
0000231221312230331233211102223323222032122311000303122231320201303320003231331203333133123313003103123120222230120122021103132101230231203203311130223031100132
1031111003120111022110303122322310133222332112103000311331312113111233011020330220001211333210003013001330331031032211130333003011002021302220103133201333233310
1301120020300023123220032111230101021123013102203120011123302302330021002003212021131112112301212213130022313110300203302002310131110333120331120231201213123112
0222320011030033322323220311220122302311133022013111111120000122312213102101023203033031111132233123201220213312111322103230020323212001013213110213003000223022
2300313222210123010332022111131332013313010110132211230211121332212010312321201032332223310330131100303030100103320320232332202020222022201202113333310211333010
0123123033210013220032332133003000320312011231131133230021231013223131030100333313231311111212033022030302133022222011131212010102333000311013033031331013231332
1013201310230202101313201202310200300331133031020111001302120323032332300030121023232203132012323301122213000313103232123030330001220030313101111122101011323013
3330223121303032031202120321013121223201220100312033111221033212210102200310002333232002112020123202021133030010122212322203220003013012000213213303113202211100
1331033032121232030123103203223311123020033001321030313032302020303313310100231203021222113333100320023011013031033221303022133212303032031013002003002300013230
2211231010333131023023300122323031123131103011332323222130113001333123313212330132010101230013011120022121120002313301311203310112023203320110201011003232133111
2213311123330333330130231100201210023013121120222103013333012003130022302302112330302301131333131330311033131122202022310233132300010333132030032033100031033132
0120003323131032120023003200323131320332131100221310301211012100120003121322212330033100312012223030131322030310000131012323111013301120332001332210321330111203
3201030330331012220320001030211333221100232020012120330011102211110103032131301310332223310002210203323002311023212030011210311101133203123012203320222011202303
0223111322013323331203000221023103122001201023113220310330211113202103103320012222033201122011202033102132330110130223010021200223102123003221313003111200321232
3021200011032100330300211003122013332131021003321323022100003122122312123020320213022021203220002220223023210320132201210301222303310301111130001221130013202113
3032011302120132323310222321123301203113003202210323013331311300230031220322322301330132021331220022122031023023020020131133320321122320131033323112211110132132
2103332103322003332211330211301212313302032330003232333320021032021013311200212000202121111332023232213013222200330030022310303313003121100312202011310132121212
0213032303300132200032233332230002211031130333213210003012211211303030112010001001112012320122332032100220112120200313203002033231013233210001122332033013313231
2130200302230232121110021012000100300300312222031010232202303322322130202023011132320202310033130210102320013103103011302300203201302001002130312323310223310021
2201312313030302001020311312312322010320021312202001101203000321212221022100231200032023123202120123122131303100310012322232210032132322331302200132323320303320
2012130202303100322100013313023110101111022000210102110233113101303132323001233110012320031231222310132001200000121313302321303231312120332103130322323220020130
2233023232103123001223002211032312002001301230020010131020100221110123202223300021003113021111122103310331323322100023003022110133013332203003131212023023322132
2300313000213011211132110001121001232231003323100030301111332231311231303311320221012021313023110221103011232102301002002301002011321132131133030230322210211001
3302333202010023100220333131312312210111210202303012023210012311312313121000212122111322321332312200300120123333021312102322003122101002022302331012301202302322
0232323230110013121013213022130201301022113222202020112103000013330213010122112122313122100303103231222130333010032120220230302022031010210012120020122323300100
0000032201102011323332303122122222210110211002333123313223102332011102003112230201021310301002211022320321302201223330033032023001032133110102110202231012311011
3211033232313132113201013303210302123231211302202230101301321330130031023030213202021203130023031133232130213323331021322212203103013011101313130301032002231000
1231130103331000300220112001011031303130122131021201102133021200313123330031211120302332030320200101101111003132033102013132020031020330222310311032013012323223
0221101000132300310211202223303223003221020203332111223102320302000223222110232202210000231021110221202231032333230211303131310221022131132103032023011203232031
0102232123233330110210031133101233213200322212121020102203023111013230223300111223020100312120230212223102111102112133031302003200330122002012320202203202003213
3112323220301330213320222323001120213022213312332111201003111320322101210310122030230122003313000122022113130022000232030211333112221213132022332212303202021131
0232021222021133111010332320021012101233033120221212232021332020300100323123121021312131023112001302103310113012312000030301211122200103110102000331021021021030
1100220320310111231031231233231021320230322000213312331110010232013232221103223303032233202232302133011332002212101230002300211222321332231110310120123230303213
3302302112012330113231300112132100230012003113311110031233122200002223202331310210123211321212200130133212302331032203132000303301130031323303010220002333120323
2030112112123211120102322111130023313120202202111331323213113010112331032110102102021310311231301201311311111100220102333020123021220102133331310311030030113033
1013130131221210220032100103111021000120022200220312303212320211103203312331323311301323100322000103130223000001330333312000201312102120010232210200111002123321
0130233331010001022322322021001102021133021200331303000311221302121221122111001032333011302313310011122110003130130001303311122121210110020131033203003312310011
0110210100130113320133232030031310320113210221110303211230331131033003102303100011231100121002010010112023112233110033031003203330211022013333332331123300231101
1201031300020310302210002030121213131222212120133121222012213112120230212312032033210331110113331100310102113302321033300023131101221123011210310222030221123310
0211032111000112331132133211321113120232231102031321101111120010331113323113320213011333301031331333230011102120221113022200132012103222300310332101120203002313
3321311121120131210033123212223232200030232320022333102022102000030323011232023121221322103111202333302231030221223311330302003223220112002300113120031133313231
0320032312313123210332010222302000233111012333132233221013200223210101212021100222321303020220322201302202122321032222222121112113130201030303312002100102213222
3303213231002303232101002020232100213010111233212323001310303022032012111303211330033222032003331102230223021030323233230210232000212122002000002132221303232130
0210222031103131230300313113203131232311300002103113231323001101030333302233120310231112321223033031301011133123132222311120011133333022221102313313101300211120
3210200200121012312033120112001003112200101003031210202020032323312202030133333003332311300102101221312133312330322213033310013021210131000121012213321213313223
0000022202331212320331023122222231203011333021033230201113331010221223310122300310333031310312310031220001110312002113033111003331320113201033123201313313110021
2113011222231021323003331333030203201133333301121002231122221230220121103131322311002303110332331323203132300301302030220111123122303230101301322102321003313120
1203331323113121133100211331133322213312031332010113030030322030001313210320311012223200231230010313301132123220322331131322120210111303132031020012333112211310
2111202210221330022213331022313103033303300121021200101123131201103033302223032033130013022333130133202211102200110203000122103120332003202112212121223023013113
0210121220330133302033033233200322300123301321222312222333032202012013230330211012100033221033231211132333211100013002010220022022300300212322120020103101313333
1133202030213030013030112032301020320011111211300120133002102021331022320131301031303220233010032122311132000021031312021100233100230331110302212122001303230030
3220110131320210221332210103003223113110311111322322200331203321110220221321312333122003122010203230000212232302210113031320002232030121020322112033112003322103
1003032102132301300112303021230030003212110331233312313231331100321233211003012032031300111333332213302110003210201002031011122321021131222302023003100332001033
3011210211111330300120311333120102303220330320132302011110231213320302110203112021113003332230022123110221233323213212223333320331113303310021031001033033012322
1302213100113211211131001202130003222221130113102133301113130201021321213313030322003320103032231331323102300211321031313001311000131110220001211230131202110300
2100313102211322332211002011110131121120031330302020123132122303302112321033231230213322122302212302220222030101220001301012302210320120302201132301212031332232
1331213032000331332100323222213103331020311223011120120323313002110310013321020222230023120020312132311002130123211230022320012331030213110222111120132300310322
0133110222303233033301332200102131223303303022001030110233303021232030120113231332331133120330110133311313121202332302110132330301233210222020223311012220012303
1131003312030332011210122202122023113013021021223012322312032232300010002223232030012011021323311233112101123213222222010230112013022202100100200112133011300220
1120021113032023020131100010000020312103132313202020300213302002011001001123121230333222302221023230033310301323330220302031311030001102321030132330010130122001
1301133330031312302100012333013012113233131322002121033322033101200203310011233111033022222330330030223233023103133312030000333323233213312233232331211301201312
1021302122113330102302231023010232311203300130312123021021312220323113130330301002331030330013113012213310110100122212123223023333112113001300310113031110331310
0030122212112012300021302330303032230202021020303210010310033220202220331130111030321132002323313220101213101223103020122213103203023102313031000331232131222201
2301311103011331312023132221113303103200013101203133320210230322033023001103131202021201301223113223333003002303213012021123213203201312022311102232301121213112
0131111133232202033302212211011320121212301323210312130303022332333013111212200111000032332222112222211111303020200312203231022123020120330213211220323211100233
2303113111201332120021123000000102203001323332133010023200103101033332232030310110202110302312010103202000011220301300012301022202313330201202331200200100022210
2121212013113131230212101133030230111320022320232303101332213232310220122120012011313213022110023213000323323102201203323010112022010001133331300133012030210222
1202203121133200113312330112220211000010011232320130332022231002220301233123313011201202232320230112103111021222012132020321210202112211020211302013231323003030
2313003212112331333303210300330232300111021010313032030121111223012132022120013331031320022220120121020331212021302103210130112001000321331020232210120021201300
3131211312013031232313030132033101122311110212021032000222113111321222120233131021012202202330031022003023300121233023110020223313311321100123100031311121220323
0103300013000103201202013013133000020310222121211112000313333112123201031212111212312013302120223202013112030133120202213022320121133221030012101213212221103202
3122031010133313100203220020021200022110020333030000200332133301322110100201111322120322303210301230213110123322223320030133001021020230232320220113212233103211
1213200021213303323103032031013000122031320200221230323110222220231001011233022232212322233331133220001312000231300112020113011310322213131031123010320313100011
1303013211210131013033121021012301230331301232221122112110120101203132101120110002211200013001201102102203132020320232301303101300312100030123000213331033033321
2330233200321010303223231020010310231212223002313210123102203301223010313211112330313003112001320011112231121320032102311120322200100300203222001331102211302211
1321133102002310310201333311110302031313121123232021102310220001032130331233133132133201113311201023110121130303111013223210313301220001033211223131210021120012
1230300032213302311232132133021021002303122231113330100212202301313222313323103231021203220213221323012032312312301210322103110300123031021213300233130013111030
1032120310223030322021231233012033212002201202133212231331023313323230110311303210223102322220032213200223133211030311030031031201032321223301232101321301211103
3110202023121303201202123303223220301320111003300311031312003321002200121201313110000230211302002021230202333321121222130321323021211120310221312320020223012030
1021010112330221301121132123321232011333230310200331210300131121031211133130021013212323123332321203101200310230212320320323101313333113111110211113010020310103
3120001203310233331310232202102130333320220312001111232013131231221332210210113133300033330203210220000123120132012113100023032131232023211322313130230021102202
1000003032110002231120223010210032300032120120011122013011122023102331201303021100112030112012103333302133202221330330211113111023332303232132120302310003123132
1121011121232022002323032023211023210003103022011022311112102132212021221301212021230300310332032022133333012103313110032030012212310120120012023222200312313301
2321211221012320320301302332021010312121122011320220231012132011203003330321302133332321031231310331200201202303033011321302100203210330112111230332323001200333
3100332012230330213020100120310222320112212110022103300202301032230311213202120012003203301230211102001221011330212302112121010232021323230010032021031230231210
2333220113000332123203022011310103120213022133230021232302210302030103201033321233130311330020011332212123320123133010322111301133202022230113220301023312123322
2003303011120033223033313102221131220203312333210303312203312032001200130132303002231022302020331120311130300311221210231321331022321323013202302002102223232223
2333213331331323301301010211321122220232300013111012221321230112121331312101133313011200331312032133110122101220032000001203331003303320122203002201211301211321
1112312011033330323301302333230120230130333100322210001022312222313103320310300130200011223221300011230120200310121000302130330022101021323103233220300103032200
3322031100102203032031232032021122223320312002111101112221212113303110232031321033331122212202130211011122112313013123002321130103130021222120013031311033000302
1101303111221103002020112023302300023130231230202011003202320021211211131110133202232030212010201203312320102020030020031232300021001211122020000330323233132300
3123132111200210202230203103100322101230230133113210332221020130133133111122121131030330030320321221102223333322233033103020002033200130321003010003101031031001
2321112113112231003023333023131001123131302020232103012222230001133011122312030321113300012303012123302112101113232102323300311131332332133231212310303333031232
1222302120021030011211102111133210031310232330122031122032330200032020333321013303300013113310310221013002220321303032311023311113130012133010230001012203232032
1322323000200103112211211102102112000012301010103033231331000020131313012221022321003111003223330321111203211233031323021221312230220332201330233012302203312130
0230011010312202013130121121231102222320221031231303112012221213133301210212200200021201132020100310322223322333033223101013102001311332222303101032202121201310
2100222002322133120031101311002112213301133203223202131222333022211300131012213021233210033302102103320011201030232200322103310030101323032313213031120010003012
3221021012013312021103132220123030002201133012323223031121000222232120322112021132111032030330010022110323021232002122222312320110031010003110122022101231231212
3303110210210102131002113102131201200013313330211032323230201101311110103323330212333223011202203132022213210222202112203233130020330121022011223031100301303031
