1111111111111111011100000010000000011111111111111111111111111222111111111111111111111000000001000000000000000000000110133311111000000000000000001122223333333333
0111111111111111011000000010000000011111111111111111111111111121100100000000000000000000000001000000000000000000011000133311111000000000000000001122222122333333
0111111111111111000000000010000000011111111111111111111111100001000000000000000000000000000001000000000000000000100000123312111100000000000000001112221110123333
1111111111111111000000000001000000011111111111111111111111100000100000000000000000000000000001000000000000000011000000123312100000000000000000001122211110000123
0111111111111111001111100001000000001111111111111111111111100000000000000000000000000000000001000000000000000100000000223322222221111000000000000112211110000001
1111111111111111101111111111000000000111111111111111111111100000000000000000000000000000000001000000000000001000000001223322222222333333222221111111111111100022
1111111111111111100000000001000000001111111111111111111111100000000000000000000000000000000000000000000000000000000000223322222222333332222233333333222222111233
1111111111111111100000000000000000001111111111111111111111100000000000000000011111111000010000000000000110000000000000223322222222333333222233333223333333333232
1111111111111111100000000000000000000111111111111110021111110000000000000000010000000000000000000000000100000000000000223322222222333333332233322233333333333331
1111111011111111100000000000000000000011111111100000011111111111110000000000010000000001120000000000010000000000000002123322222222233333333333233333333333333333
1111111111111111101100000000000000000011111100000000011111110000000000000000010000000111120000100000100000000000000021123322222222233333333333333333333333333333
1111101111111111100000110010110000001111000000000111011111110000000000000000010000000100010000100010000000000000000022123322222222233333333333333333333333333322
1111111101111111100000000000000000001000000001111111001211110000000000000000010000110000011000000000000000000000000222133322222222223333333333333333222211111000
1111100011111111100000000000000000000000001100000011001222110000000000000000000000010000001000000000000000000001000232212333332222223333332221111000101100111111
1111101000100001110011100010000000000011111100000011001221110000000000000000000000000011121000000000000000000002010333101123333322222111000000000011111111111111
1111101100000000010001000010000000000010001000000001001221110000000000000000000000000001111000000000000000000012121322110011111100000000000111111111111111111111
1111110000000000010000000000000000000001000000000000001222110000000000000000000000000000000000000000000000111112111110000000000001111111111111111111111111111111
1111111010000000000100100000000000000001000000000000001222111000000000000000000000000000000111000011111212121100000000000011111111111111111111111111111111111111
0111110000000000000000000000000000000001000000000000001222111000000000000000001100000000000000000011122212100000001111111111121111111111111111111111111111111111
0111111100000000000000000000000000000001000000000000000222111001000111111000001100000000000000000010221211001111111111112111111111111111111111111111111111111111
0111111111111111111011000000000000000001000000000001100222111111000000000000001110011000000000000010122210011111111111111111111111111111111111111111111111111111
1111111111111111111010100000000000000001000000000001100132111000000000000000001000011110000111000011121111111111111111111111111111111111111111111111211111111111
2111111111111111111001011100000000000001000000000001100121111000000000000000001100011111112100010000121101111111111111111111111111111111111111111111111111111111
2111111111111111111001111100000000000000111110000001101112221000000000011000001000001110112100010000122111111111111111111111111111111111111111111111111111111111
1210111111111111111001111110000000000000111100001101101122221100000000111000001000000100002100000000222111122222222221111111111111111111111111111111111111111111
2210111111111111111100100110000000000000111000001101101122221100000000111000001110111100002100000000122111122223332211111111111111111111111111111111111111111111
2121111111111111111101100010000000000000100000001100100222222100000000011000001100001211122111000000121111111222233221111111111111111111111111111111111111111111
2111111111111111111101010000000000000000100000001100100111222100000001111000001211112111111100000000121111111221133321111111111111111111111111111111111111111111
1211111111111111111100111000000000000000100000001110100011111200000112111000000111000000000000011111211111111232233321111111111111111111111111111111111111111111
1211111111111111111101111000000000000000000000001010110011111200000112111000000000000001111112222221111111111133333221111111111111111111111111111111111111111111
1121111111111111100001111000000000000000000000001010110011111210000112111000011122222333333222221000111111111123332211111111122222222221111111111111111111111111
1012001111111111100001211000100000000000000010011000110001112220000111000000023333332221111111111111011111111111111111111112222222222222221111111111111111111111
1112111111111111110000111000100000000000000000111000110001112220001110000111112221111111222222211100011111111111111111111112222222222222222221111111111111111111
1101111111111121110000111000000000000000010001111110010000111221002110011111112222222222222122211000011111111111111111111222223333333333222222111111111111111111
2111111111111111210000111110100000000000010000110110000000111221111001122222222222222111111111111000011111111111111111112223332222223222332222211111111111222222
2211111111111111211000100100000000000000000000011000000011111111122222222222222211111112222111111100011111111111111111122332222222322223333222222222221222222222
2211100111111111111000000100000000000000000000001111111122222222222222222222122222222222222111111110011111111111111111223332222222322223223322222222222222222222
2111111111111111121000000100000000000000000000011222221112222211122222222221122222222222222111111110111111111111111111222222222222333333322222222211111111122222
1111011111111112121001000000000000000000000000001221111111122222222222221222222222221111111111111111111111111111111112223222222222332222222222222111111111111111
1111001111110011110000000000000000000000000000001122221111222222222222222222222111111110100111111111111111111111111122322222223332222222232222222111111111111111
1111000000000000000000000000000000000000000000011122222221122222222222111111111100000000000000111000001111111111111122322222222222222222233223222111111111111111
0000000000000000100000001000000000000000001000001122222222111111111112111000000100000000000000000000001111111111111222322222222222233222233332222111111111111111
0000000000111111110011111000000000000000001000001122222222111122333333332222221110000000111112332211121111111111111222322232222222222223322332222111111111111111
0000001111111111111011111100000000000000001000111112222222222333322222222333333333222222322233332222221111111111111222222222222233333333333322222111111111111111
0000111111111111111001111100000000000000000001111222222221121111111111222333222333322222222222322222221111111111111122333333333333333323333322222111111111111111
0011111111111111111100111111111100000000000000000122222111111111111112222222222223322222332322222222211111111111111122333322222233222222232322222111111111111111
1111111111111111111100000000011100000000000000000122221111101011111122222222222223322222333322222222221111111111111122223333333333233333332232222111111111111111
1111111111111111111111111111011100000000000000000122111111011110011122222222222233332222333322222222221111111111111122322322222323222222232232222111111111111111
1111111111111111111122221112011110000000000100000111111111111101112222222222222333332222222222222222221111111111111222322332223322333333332332222111111111111111
1111111111111111111111111112111110000000000000000110100001111111111222222223333333332222222222222222221111111111111222332223333222233333222332222111111111111111
0000000011111111112221221112101210000000000000000111111111112111111222222333333333332222222222222222221111111111111122223222223322232222223232221111111111111111
0000001111222222222222222222101210000000000000000122222222222211111122222333333333332222222222222222221111111111111122223222222333332222223232221111111111111111
1111112222222222222222222222101210000000000000000111222222222111111122222332322222222232222222222222221111111111111122223222222222222222223322221111111111111111
2222222222222222222222222222102110000000000000000111122222222221222111111112222222222232222222222222221111111111111122222222333333222223223222211111111111111111
2222222222222222232222222222112210000000000000111111111111111111111111112222222332222233222222222222221111111111111122222222222222223332223222211111111111111111
2222222222222222222222222222112210000000000001222222222222222111111111222222223322222223222222222222221111111111111222222222222222222222223222211111111111111111
2222222222222222222222222222112110000000000000222222222222222211111111122222223322222223222222222222221111111111122222222322222233222222232222222111111111111111
2222222222222222222222222222112110000000000000222222222222222211111111122222223322222223222222222222221111111111122223333232322223222222332222222211111111111111
2222222222222222222222222222112110000000000000222222212222222211111111122222223222222223222222222222221111111111222322222223322222222323322223222221111111111111
2222222222222222222222222222112110000000000000222222222222222211111111112222233333333323322222222222222111111111223222222222322222222332222222222222111111111111
2222222222222333333332222222112110000000000000112222222222222211111112222232233333333323322222222222222111111111222222222222233322233222222222222222111111111111
2222233233333322222222222222212111000000000000112333332222222211222233333332333333333322322222222222222111111111222222222222223333333222222222222322211111111111
2222223322222233333322222221112211000000000013222223333333333322333333333323333333333333332222233232222111111111222222222222223333333222222222222322211111111111
2222223222222333333332222221102211000000000013333333333333333333333333333333333333333333333333223223332111111112222222222222222222222222222222222322211111111111
2223333333333333333332222221102211000000000013333333333333333333333333333333333323333333333322222233333111111112222222222222222222222222222222222322221111111111
2222333333333333333322222221101211000000001113333333333332233333333333333333322223323333332223333222333111111112222222222222222222222222222222222322221111111111
3222233333333333332222222221111211000000000013333333333332233333333333333332222222223333322333332222123111111111223222222222222222222222222322222322221111111111
3222223333333333222222222221111221100000011113333333333332233333333333333332223222333333333333333333332111111111222322223222222222222222222222222222221111111111
2222223233333332222222222221111222100111111112233333333333233333333333333332221112333333333333333332221111111111222232223222222222222232222232222232222111111111
2222222223332222222222222221111221111110000011233333333333333333333333333332221112233333333333333321111111111111222222333222222222222233222222222232222111111111
2222222222222222222222222221111222112110000012223333333333333333333333333333333323333333333333333331111111111111222222223222222222222333222222222332222111111111
2222222222222233222222222222111222223332110002222222333333333333333333333333233333333333333333333331111111111111222322223222222222222232222222233322222111111111
2232233333333222222222222222111222223333333211112222222333333333333333333332222223222233333333333331111111111111222322223222222222223232322232222222222111111111
3333333222222222222222222222111222222333333333321112222222222232233333333222222222333333332223333331111111111111122322223222222222223232322232222232222111111111
3332222222222222222222222222111222222333333333333322111222222222222222222322222133333222222222333331111111111111122322222222222222222222222332222232222111111111
3333233222222222222222222222211233323333333333333333332211112222222222222222223222222222222222111121111111111111122322222222222222222222222222222232222111111111
3333333322232222222222222222221233323233333333322333333332211112222222222222111222222221111111122221111111111111112222232222222222222222222223222322222111111111
3333223333333222222222222222221122322233333333333222323333333322112222222222111211111111222222222222111111111111112222232222222222222222222223223222221111111111
2221113333333222222222222222222122221223333333322323333333333333322111222111112222221111223322232222111111111111112222232222222222222222222223233222221111111111
1111123333333222222222222222222122222223222233222223333333333333333311211221112221221112222222233222112111111111111222232222222222222222222223332222221111111111
1111233333333222222222222212222122223333222222222223333333333333333312322112122122212211122223332222233111111111111222232222222222222222222223222222211111111111
1111233333332222222222222112222122223333333232222233333333333333333312322112222111111222233222212333333111111111111122232222222222222222222222322222211111111111
0012333333332222223333221122222122223333333332222333333333333333333213321011222221111112332333333333333111111111111122232222222223222222222222322222111111111111
1113333333332222333321111122222112223333333333333223222223333333333212211011122211111223333333333333333111111111111112222222222222322222222222322222111111111111
2333333333332333322111122333222122223333333333333332222223332333332211111111121110123333333333223333333211111111111122223222222222222222222222322222111111111111
3333333333333332222223333333222222223333333333333333332333222333322211111111112212333333323333333333333211111111111122223222222222222222222222232222111111111111
3333333333333333333333333333222222223333333333333333333332222222333211111111112212333333233333333333333211111111111122222322222222222222222222322222111111111111
3333333333333333333333333333222222223333333333333333333333332222332221111111122212333333333333333333333211111111111122232233222222222222222222322222111111111111
0013333333333333333333333333222222222333333333333333333333333333233211111011112212333333333222333333333211111111111122223333332222222222222233322222111111111111
0013333333333333333333333333333322222333333333333333333333333333222221121111112222333333333333333333333211111111111122222223333333322223333333322222111111111111
0012333333333333333333333333333322222333333333333333333333333333333211111111122222333333333333333333333211111111111122232232223333333333333333322222111111111111
0013333333333333333333333333333222222333333333333333333333333333333111111111222222333333333333333333333211111111111112222232222223333323333222322222111111111111
0112333333333333333333333333222222222333333333333333333333333333331112111111222222322222333333333333333211111111111112222322222222222222222322322222111111111111
1112333333333333333333333333222222222333333333333333333333333333321122221222222222232222222333333333333211111111111112223322222222223222222322322222111111111111
2222333333333333333333333333222222222333333333333333333333333333311222222222223222222222233333333333333211111111111112223222222222223222222322322221111111111111
2222333333333333333333333333222222222333333333333333333333333333112122222222233212222221123333333333333211111111111112223222222222223222222322322221111111111111
2212333333333333333333333333222222222333333333333333333333333332121222222222222212222210112212223333333211111111111112223222222222223222222233222221111111111111
2212333333333333333333333333222222212333333333333333333333333331222222222222223222212100011111122333333211111111111112223222222233323222222233222221111111111111
2212233333333333333333333333222222211333333333333333333333333311212222222222233222212211111111123333333211111111111112223222222222233222222223222221111111111111
2212233333333323333333333333222222211333333333333333333333333212222222223222232222212333222223333333333211111111111111223222222222232222222223222211111111111111
2212233333333233333333333333222222221333333333333333333333333122122222222222232222122333322223333333333211111111111111222222222222232222222233222211111111111111
2212222333233333333333333322222222221333333333333333333333331122222222222222222222122333322222222222322211111111111111222322222222232222222232222211111111111111
2222222223333333333333332222222222221333333333333333333333321222222222222222222222122233211212212212223211111111111111222322222222232222222232222211111111111111
2222222333333333333333222222222222221233333333333333333333311222222222222222222222222221112222222222222111111111111111222322222222232222222232222111111111111111
2221223333333333333222222222222222221233333333333333333333212222221222222222222222122211112112112112122111111111111111122222222222232222222322222111111111111111
2221223333333333322222222222222222221233333333333333333333122222222222222222233332222111221222222222221211111111111111222232222222232222222322222111111111111111
2221223333233322222222222222222222222233333333333333333331122222222222222222333333221111222221221221221111111111111112222232222222232222223322222111111111111111
2221223332322222222222222222222222222233333333333333333321222222222222222222222223221112222212222221321111111111111112222223222222232222223222221111111111111111
2221223333222222222222222222222222222233333333333333333211222222222222222222222222222123222222322222211211111111111222222333222222232222233222221111111111111111
2222222222222222222222222222222222222233333333333333333112222222122222222222222222222222122122222212212211111111112222233333222222232222232222221111111111111111
2222222222222222222222222222222222222233333333333333332122222223223332222222222222121222222122122222112111111111112223333333332222233222332222211111111111111111
2222222222222222222222222222222222222233333333333333331122222222222222222333322222111122222100011011011111111111122233333333333333333323333222211111111111111111
2222222222222222222222222222222222222233333333333333321222222222222222222222233333322233322211111000000011111111122332233333333333333333333222211111111111111111
2222122222222222222222222222222222222233333333333333312222222222222222222221112233332222222222223333333211111111122323223333333333333333333322221111111111111111
3222222222222222222222222222222222222233333333333333112222122222122221121211111222233222222222222223333311111111122332332233333322333333333332222111111111111111
3222222222222222222222222222222222222233333333333332122221122221222211121112111111121221112222222222222211111111112233222333233222233333333332222211111111111111
3222222222222222222222222222222222222233333333333330122221222221222211212112211111111111110001111122222211111111112223333333332222223333333333222211111111111111
3332222222222222222222222222222222222333333333333310222211222212222211212122111111111101112100000000111111111111111222233333322222222333333322232221111111111111
3322222222222222222222222222222222222233333333333201222212222212222122222110000111100000011221000000000011111111111112222222222222222233333222232221111111111111
3322222222222222222222222222222322223333333333333112222122222122222122221100111111110000001222210000000011111111111111122222222122222222333222223221111111111111
0000000000000000000000000000000000000000000000000000000000000000000000000000000000000000000000000000000000000000000000000000000000000000000000000000000000000000
0000000000000000000000000000000000000000000000000000000000000000000000000000000000000000000000000000000000000000000000000000000000000000000000000000000000000000
0000000000000000000000000000000000000000000000000000000000000000000000000000000000000000000000000000000000000000000000000000000000000000000000000000000000000000
0000000000000000000000000000000000000000000000000000000000000000000000000000000000000000000000000000000000000000000000000000000000000000000000000000000000000000
0000000000000000000000000000000000000000000000000000000000000000000000000000000000000000000000000000000000000000000000000000000000000000000000000000000000000000
0000000000000000000000000000000000000000000000000000000000000000000000000000000000000000000000000000000000000000000000000000000000000000000000000000000000000000
0000000000000000000000000000000000000000000000000000000000000000000000000000000000000000000000000000000000000000000000000000000000000000000000000000000000000000
0000000000000000000000000000000000000000000000000000000000000000000000000000000000000000000000000000000000000000000000000000000000000000000000000000000000000000
