0000000000000000000000000000000000000000000000000000000000000000000000000000000000000000000000000000000000000000000000000000000000000000000000000000000000000000
0000000000000000000000000000000000000000000000000000000000000000000000000000000000000000000000000000000000000000000000000000000000000000000000000000000000000000
0000000000000000000000000000000000000000000000000000000000000000000000000000000000000000000000000000000000000000000000000000000000000000000000000000000000000000
0000000000000000000000000000000000000000000000000000000000000000000000000000000000000000000000000000000000000000000000000000000000000000000000000000000000000000
1111111111111111011100000010000000011111111111111111111111111222111111111111111111111000000001000000000000000000000110133311111000000000000000001122223333333333
0111111111111111011000000010000000011111111111111111111111111121100100000000000000000000000001000000000000000000011000133312111000000000000000001122221122333333
0111011011011101010000000010000000011111111111111111111111100011000000000000000000000000000001000000000000000000100000123312111100000000000000001212212110113333
1110110110111011101000000001000000011111111111111111111111100000100000000000000000000000000001000000000000000011000000123312100000000000000000001122211110000123
0111101101101110111111100001000000001111111111111111111111100000100000000000000000000000000001000000000000000100000000223322222221111000000000000112121110000011
1111011011011011001111111111000000001111111111111111111111100000000000000000000000000000000001000000000000001000000001223322222223233333222221111111111111101122
1110110110110110100010000101000000010111111111111111111111100000000000000000000000000000000000000000000000010100000001223322222222333332222233333323222222121232
1111101101101101100000000000000000001111111111111111111111110000000000000000111111111000010000000000000110000000000000223322222222333333222233332223333333333232
1111011011011011010000000000000000000111111111111110121111110000000010000000110000001000010001000000001100000000000001123322222222233333332233322233333333333322
1110110101101110101000000000000000000111111111100000011111111111111000010000010000000011120000100000010000000000000002123322222222233333333332223333333333333333
1111011010110101101110100000000000000011111100000000011111110000000000000000010000000111220000100001100000000000000021123322222222233333333333333333333333333333
1110101101101110110101110011111011001111000000000111011111110000000000000000010000000110011300100010000000000000000022123322222222233333333333333333333333333222
1111010110110101100000000000000000111000000011111111002211110000000000000000010000110000011300000000000000000000000222133322222222223333333333333332222211110101
1111101011011011010000000000000000030000011100000111002222110000000000000000000000010000011000100000000000000001000232211333322222223333332221111001101010111111
1111110101101101101011100010000000030011101010000011001221110000000000000000000000000011121000000000000000000002011332101123333222121211000000000011111111111111
1111101110110110110011000010000000000010110100000001001221110000000000000000000000000011111000000000000000000122121322110011110100000000101111111111211212111111
1111110101011011010100100000000000000001001000000001001222111300000000000000000000000033000000100010101010111112111100000000001011111111111111212121111111111111
1111101010101101101010100000000000000001000000000000101222110000000000000000000000000003300111000111111212121110000000010111111111111111111111111111111111111111
0111110101010110110100100000000000000001000000000000101222111000000000000100011100000000000000100111122212100000101111111112121111111111111111111111111111111111
0111111010101010101010000000000000000001000000000000110222111001001111111000001100000000000000001010221211011111111111112111111111111111111111111111111111111111
0111111111111111011011000010000000000001000000000001100222111111000010000000002110011000000000100101122110111111111111111111111111111111111111111111111111111111
1111111111111111111010110010000000000001000000000001100222111000000000000000001000011110000111010011121111112121111111111111111211111111111111111111211111111111
2101111111111111111001011100000000000001000000000001100121111000000000000000001100011111122101010100121101111111111111111111121111111111111111111111211111111111
2111111111111111111011111100000000000000111110001001101112220100000000011000001000011110112100010000222111111111111111111111112111111111111111111111111111111111
1210111111111101101101111112000000000000111100010101101212221100000000111000001000000100002100010000222111212222222221111111111111111111111111111111111111111111
2211111111101111011000101011000000000000111000011101101121221110000000111000001110111100002100001000122111122223222211111111111111111111111111111111111111111111
2121011111011101110101110010000000000000101010011101100222222100000000111000001100001211222111000100221111111222233221111111111111111111111111111111111111111111
2111111111111011011001010000000000000000100000101100100111222100000001111000001121112111111101001000121111111221133321111111111111111111111111111111111111111111
1211111111011110110100111000000000000000100001011110110011112200000112111000000111000000000000011111211111111222233311111111111111111111111111111111111111111111
1211111011110101101011121100000000000000000000010110110011111200000112111000000000000011111112222221111111111233333221111111112121211111111111111111111111111111
1121111110101110110101111000130000000000000010011010110011112210000112111100011122223332323222221001011111111122332111111112121222122212111111111111111111111111
1021010111111011101011211000130000000000010010110100110001112221000121000000023333332211111111111110111111111111111111112121212212212121221111111111111111111111
1112111101010111111100111010110000000000000010101010110001112220001110011111111211111111222222211100011111111111111111121212122222222222122211111111111111111111
1101111011101121211010111011000000000000010001111111010001111221002110011111112222222222222122211000011111111111111111212121222333323232221222111111111111111111
2111111110111111211100111111100000000000010001110110010000111221111001121222222222222111111111111100101111111111111112121223322222222322322212211111111121221221
2211111101101111211010101100000000000000000000011100000011111111212222222222222111111112212111111100011111111111111121222332222222322223332221222222221222222222
2211101111011011211101000110010000000000000000011111111222222222222222222221212222222222222111111110111111111111111212123322222222222223223322212222222222222222
2111111101110111121010000100013000000000000000011222221112222211122222221221122222222222121111111110111111111111111121222221222222333233222222222111111111222222
1111010111101112121101000000000000000000000000001221111111122222222222221222222222211111111111111111111111111111112121223222222222322222222222212111111111111111
1111101111010101110010000000000000000000000000001122221211222222222222222222212111111110101111110101011111111111111212322222223232222222222222221111111111111111
1101010000000010000000000000000000000000000000111122222221222222222222111111111100000000000001111000001111111111112122321212121212122222233222212111111111111111
0010101011111101110011011000000000000000001010101122222221111111111112111010000100000000000000000000001111111111111212322122222221232222223322221111111111111111
0010101101010111110011111100000000000000001001011122222222111122333333332212221111000010111112332211121111111111112122321232222122222223222232122111111111111111
0101011011111111111011111100000000000000001010111212222222122333222222122333333332222222322233322222221111111111111212222222222323333333333322221111111111111111
0010111111111111111001111110000000000000000011111212222221212111111111212232222333222222222222222221211111111111112122333333333333232223333322122111111111111111
0101111111111111111101111111111100000000000100001122222111111111111112122222222223322222323222222222121111111111111212333322222233222222232222221111111111111111
1111111111111111111100100000011100000000000000001122211111111011111121222222222223322222232322222222211111111111112122223233232333233333332232122111111111111111
1111111111111111111111111111011110100000000100001121111111011111011212222222222233232222323222222222221111111111111212322321212322221222232222221111111111111111
1111111111111111111121221212012110010000000100000211112111111101112222222222222333322222222222222222211111111111111212322322223322323333322322212111111111111111
1111111111111111111212112121111210100000000000000110101011011111121221222223333333332222222222222222221111111111111212232223333222232322222232221111111111111111
0000000011111111212121212122102111010000000100000111111111122111112222222323333333322222222222222222221111111111111121322212123222222222223232212111111111111111
0000011112122122121212121212102210100000000000000122222222222211121122222333333333322222222222222222221111111111111212223121222333332212222231221111111111111111
1111112221212221222222222222102110000000000000000112222222222111111222222222222222222232222222222222221111111111111121223222222222222222123322211111111111111111
2222222222222222222222122122102111010000000000000111122121212121221211112122222222222222222222222222221111111111111122122212333332222222223222211111111111111111
2222222222222222222222221222112210100000000001111111111111111111111111212122222332222232222222222222221111111111111212212222222222223232223222211111111111111111
2222222222222222222222222222112210000000000011222222222222222111111112121212223322222223222222222222221111111111112121222221212122221212222222121111111111111111
2222222222222222222222222122112110100000000001222222222222222111111211212122222322222223222222222222221111111111121212122222221233222222232222221111111111111111
2222222222222222222222222222112110000000000010222222222222222211111112121222223322222223222222222222221111111111121223332232222223222222232222222211111111111111
2222222222222222222222222222112110100000000000222222212222222211111121212122223222222223222222222222221111111111212322212223321221212323222223222221111111111111
2222222222222222222222222221112110010000000001222222222222222211111111121222233233333323222222222222221111111111222212121212322212222322222222222222111111111111
2222222222222323333322222222112111001100000000112222222222222211121212222232223333333322322222222222222111111111213121212122233222233222222221222222111111111111
2222233233333222222222222222112111010000000001112333322222222212212233333332333333333322322222222222222111111112122212121221223333333222122122222222211111111111
2222223222222233333322222221112211100000000013222223333333333322333333333322333333333333232222232232222111111111222221212212223333323222222222222322211111111111
2222232222222333333332222221102211000000000013333333332333333333333333333333333333333333333332223223332111111112122212221221212222222221222222222322211111111111
2223333333333333333332222221111211000000000013333333333333333333333333333333333223233333332322222233332111111112213121212122122222122122222222222322221111111111
2222233333333333233222222221102211100000011113333333333332233333333333333333322223323333332223333222332111111112122212122212221212221222222222222222211111111111
3222233323332323232222222221111211100000000013333333333332223333333333333332222222223333322333332212123111111111222221222221212222222222222322222222221111111111
3222222232323232322222222221111221101000011113333333233332233333333333333332223222333333233333333332332111111112122322213212222122222222222222222222221111111111
2222232323232322222222222221111221100111111112233333333333223333333333333332211112233333333333333332211111111111212232223122122222122232222232222232222111111111
2222322232322222222222222221211221111110000011223333333333323333333333333332221112233333333333333321111111111111222222333221222222222233222222222232222111111111
2222223222222222222222222222111221112110000012223333333333333333333333333332333323333332333333333321111111111111212222123222221222222333222222222332222111111111
2232232232223232322222222222111222223332210002222222323333333333333332323232223232223333333333333331111111111111222221223221222222222232222223232322222111111111
2323223232322222222222222222121222122333333211112222222232333333323233232322222223222233333333333331111111111111212312223222212222223232322232222222222111111111
3323232223223222222222222222111222222333333333221112222222222222232322323222222222333333322222323331111111111111122222123122122222222232322232222232222111111111
3232223232222222222222222222121222222333333333333322111222222222222222222322222133332222222222333331111111111111121321222222222212222222222232222222222111111111
3323232222322232222222222222211233323333333333323333332211122222222222222222223122222222222222112121111111111111122222222221222222222222222223222232222111111111
3322323232232322222222222222121233322233333333322333333332211212222222222222121222222221111111122221111111111111112222222222222222222222222223222322221111111111
3323223223223222222222222222212122222233333333332122323333333222112222222222111211111112122222322222111111111111112222232212222222222222222223223222221111111111
2221122323232222222222222222221222221222333333222323333333333333322111222121112222221211223222222222111111111111112122232222222222222222222223223222221111111111
1111123232323222222222222222222122223223222223222223333333333333333311211212112211221112222222233222122111111111111222232222222222222222222223232222211111111121
1111223323232222222222222212221222223332222222221223333333333333333312322112122122212211122223332222232111111111111222232222222222222222222222222222211111111111
1101233232323222222222222112222122223333332232122233233333333333333312322112122111111222233222212323323111111111111122222222222222222222222222322222111111111111
0012333333232222223333221122221212223333333332222333333323333333333213321111222211111112332333233333333111111111111122232222222223222222222222322222111111111111
1123332332323223333221111222222121223333333333333223222233333333232212211011122211101223333333333333333111111111111112222222222222322222222222322222111211112111
2333333323232333322111122332222122223333333333333332222223322323232211111111121110123333333233123333333211111111111122223222222222222222222222222222111111111111
3333333233233332222223333332222122222333333333333333332332222233222211111111112212333333323333333333333111111111111122223222222222222222222222232222121111211121
3333333332323333333333333333222222223333333333333333333322222222333111111111122212333333233333333333333211111111111122222322222222222222222222222222111111112111
3323333233232333333333333332222122222333333333333333333333322223232221111111122212333333333333333333333211111111111122222232222222222222222222322222112111121111
0013323323223333333333333333222222222333333333333333333333333332223212111111112212333333333222223333333211111111111122223323332222222222222233322222111112111211
0013232332323333333333333333333322222333333333333333333333333333222221121111122222333333332323333333333211111111111122222223323333322223333333322222112111121111
0012333232323333333333333333333322222333333333333333333333333333333111111111122222333333333333333333333211111111111122222232223323233332323333322222111111211211
0013232323232333333333333333332222222333333333333333333333333333333111111111222212333333333333333333333211111111111122222232222223333323333222322222112111111111
0112323233333333333333333333222222222333333333333333333333333333331122111111222222322222333333333333333211111111111112222322222222222222222322322222111111121111
1122333333333333333333333333222222222333333333333333333333333333321122221222222222232222222333333333333211111111111122223222222222223222222322322221121112111211
2212333333333333333333333333222222212333333333333333333333333333311222222222223222222222233333333333333211111111111112223222222222223222222322322221211121121111
2222333333333333333333333333222222212333333333333333333333333333112122222222232212222221122323323333333211111111111112223222222222223222222222322221112111211211
2212333333333333333333333333222222212333333333333333333333333332121222222222222212222210112212222333323211111111111112223222222222223222222232222221211121112111
2212333333323233333333333333222222212333333333333333333333333331221222222222223222212100011111122333333211111111111112222222222223223222222233222221112111211121
2212233323232323333333333333222222211333333333333333333333333311212222222222232222212211111111123333333211111111111112223222222222232222222223222211211121121211
2212232323232233333333333333222222211333333333333333333333333212122222232222232222112333222223323333333211111111111111222222222222232222222223222212112111211111
2212223232323233333333333333222222221333333333333333333333333112122222222222232222122333222222333333333211111111111112222222222222232222222223222211121121112121
2212222323232333333333333322222222221333333333333333333333331122222222222222222222122333312222222222222211111111111111222322222222232222222232222212111211211211
2221222222333333333333332222222222221333333333333333333333321221222222222222222222122233111212212212222211111111111111222322222222232222222232222121121112112111
2212222323333233333323222222222222221233333333333333333333311212222122222222222222122221122122222222222111111111111121222322222222232222222232222112112121121121
2221223233232323222222222222222222221232333333333333333333212222121222222122222222121211112122112122122111111111111111122222222222232222222322222121121112112111
2221223322323232322222222222222222221233333333333333333332122122222222221222233232222111221221222222221211111211112112122232222222232222222322222112111211211211
2221223232232322222222222222222222222232333333333333333331121222222222222222233323211111222222221221221111121111211121222222222222232222223222221211212121121121
2221223223223222222222222222222222222233333333333333223321222222222222222222322223221112222212222221311111211212111212222223222222232222223222221121121112112112
2222222322322222222222222222222222222233333333333333332212212212222222222222222222222122222222312222211211112111121222222333222222232222223222221212111211211212
2221222222222222222222222222222222222233333333333333333112222222122222222222222222222222122122222212212111111121212222233333222222232222232222212121212121121121
2222222222222222222222222222222222222233333333333333332122122223223332222222222121121222222123122222112111121112122223333333322222233222332222211212121112112121
2222222222222222222222222222222222222233333333333333331122222222222222222323222222111122222100011011111111211121122233333333333333333222333222212121211211211212
2222122222222222222222222222222222222233333333333333321222222222222222222222233333322233322211111100000011111211212332233333333333333333333222211212121121121212
2222222222222222222222222222222222222233333333333333312222222222222222222212111233332222222222223333333211211112122323222333333323333333333322221121112112112121
3222122222222222222222222222222222222233333333333333112222122222122221221211111222233222222222222223333311112111122322322233332322333333333232222112121211211211
3222222222222222222222222222222222222233333333333332122221122221222211121112121111121221112222222222122211211121212233222333223222233233333332222121212121121212
3222222222222222222222222222222322223233333333333330222221222221222211212112211111111111210011111122222211112112112223332333332222223323233333222212121212121121
3332222222222222222222222222223223222333333333333310222211222212222111212121111111111101112100000000111112121121121222233333222222222332333222232221212121212121
3322222222222222222222222222232232222233333333333202222212222212222122221210101111100000011221000000000111211211212112222222222212222233332222232221121212121212
3322222222222222222222222222222322223333333333333112222122222122222122221101011111110000001212210000000011111111111121112222222121122222333222223222211111112121
0000000000000000000000000000000000000000000000000000000000000000000000000000000000000000000000000000000000000000000000000000000000000000000000000000000000000000
0000000000000000000000000000000000000000000000000000000000000000000000000000000000000000000000000000000000000000000000000000000000000000000000000000000000000000
0000000000000000000000000000000000000000000000000000000000000000000000000000000000000000000000000000000000000000000000000000000000000000000000000000000000000000
0000000000000000000000000000000000000000000000000000000000000000000000000000000000000000000000000000000000000000000000000000000000000000000000000000000000000000
