0000000000000000000000000000000021000000000000000000000000000000000000000000000000000000000001111111111111111111111111111111111100000000000000000000000000000000
0000000000000000000000000000000021000000000000000000000000000000000000000000000000000000000001111111111111111111111111111111111100000000000000000000000000000000
0000000000000000000000000000000021000000000000000000000000000000000000000000000000000000000011111111111111111111111111111211111100000000000000000000000000000000
0000000000000000000000000000000021000000000000000000000000000000000000000000000000000000000011111111111111111111111011111111111100000000000000000000000000000000
0000000000000000000000000000000021000000000000000000000000000000000000000000000000000000000101111111111111111111111111112111111200000000000000000000000000000000
0000000000000000000000000000000021000000000000000000000000000000000000000000000000000000000011111111111111111111111111112111121100000000000000000000000000000000
0000000000000000000000000000000011100000000000000000000000000000000000000000000000000000000111211111211111111111111111121111211100000000000000000000000000000000
0000000000000000000000000000000022100000000000000000000000000000000000000000000000000000000111221112111111111111111111112111211100000000000000000000000000000000
0000000000000000000000000000000021100000000000000000000000000000000000000000000000000000000111121111211111111111111111121111211100000000000000000000000000000000
0000000000000000000000000000000022100000000000000000000000000000000000000000000000000000001011111112111112111111112111212111211100000000000000000000000000000000
0000000000000000000000000000000021200000000000000000000000000000000000000000000000000000000111111112211111111111111111221111221100000000000000000000000000000000
0000000000000000000000000000000022111000000000000000000000000000000000000000000000000000001111111112112112112112121111221112212200000000000000000000000000000000
0000000000000000000000000000000021111000000000000000000000000000000000000000000000000000001011111112212112211121112111221112211200000000000000000000000000000000
0000000000000000000000000000000012220000000000000000000000000000000000000000000000000000001111111112122122211222121112121112211200000000000000000000000000000000
0000000000000000000000000000000033331000000000000000000000000000000000000000000000000000001111111112211122111222121111221112212100000000000000000000000000000000
0000000000000000000000000000000033330000000000000000000000000000000000000000000000000000001111111112111121111121212121211122211200000000000000000000000000000000
0000000000000000000000000000000033331000000000000000000000000000000000000000000000000000011112111122212122112121222212122122212200000000000000000000000000000000
0000000000000000000000000000000023231000000000000000000000000000000000000000000000000000001111112112121212121221221222222122212200000000000000000000000000000000
0000000000000000000000000000000032221000000000000000000000000000000000000000000000000000011112121122212122112121221122211122121200000000000000000000000000000000
0000000000000000000000000000000022211000000000000000000000000000000000000000000010000000011111122212221221211212221212211122112200000000000000000000000000000000
0000000000000000000000000000000011111000000000000000000000000000000000000001110100000000011112222222212122121121221122211222121200000000000000000000000000000000
0000000000000000000000000000000011111000000000000000000000000000000000000002222110000000111112222322221221212121221212211122122200000000000000000000000000000000
0000000000000000000000000000000011111000000000000000000000000000000000000022322100000000011112223222222122121212221122211222121200000000000000000000000000000000
0000000000000000000000000000000011111100000000000000000000000000000000000022322210000000001122222222212221212121211222111221212200000000000000000000000000000000
0000000000000000000000000000000011111100000000000000000000000000000000000023232211000000011122222232222222121212221222111221122200000000000000000000000000000000
0000000000000000000000000000000011111200000000000000000000000000000000000122223221100000011222222232211212212221211222111222222200000000000000000000000000000000
0000000000000000000000000000000011212100000000000000000000000000000000000222232222110000011222322232221111111111112122112221212200000000000000000000000000000000
0000000000000000000000000000000012111100000000000000000000000000000000000223223222211011112223232232222211211111111222111111111100000000000000000000000000000000
0000000000000000000000000000000021111100000000000000000000000000000000001222223323221000022332322332222121222222122222111111111100000000000000000000000000000000
0000000000000000000000000000000011111110000000000000000000000000000000001223223232221100113223232232210101111111111112121121212200000000000000000000000000000000
0000000000000000000000000000000011111110000000000000000000000000000000001233222323222211222222222323210000111111111111111122122200000000000000000000000000000000
0000000000000000000000000000000011111110000000000000000000000000000000001223223232222222222222223222221000111111111111111211211200000000000000000000000000000000
0000000000000000000000000000000011111111000000000000000000000000000000001222323322222222222222222322221000111121111111111111112100000000000000000000000000000000
0000000000000000000000000000000011111112212210000000000000000000000000001223232322222222222221122232222000122221211111111112121200000000000000000000000000000000
0000000000000000000000000000000011111222122222110000000000000000000000012222323322222222222212112233221100000001111111111111212200000000000000000000000000000000
0000000000000000000000000000000011112222222222222211000000000000000000012223233232222222222212211223222101001010000000001010010100000000000000000000000000000000
0000000000000000000000000000000011222222222222222222221000000000000000002232332222222211222222221222222110010101101010100001001000000000000000000000000000000000
0000000000000000000000000000000022222222222221222222222221100000000000001223322222222211222212112122222110001000010000010000010000000000000000000000000000000000
0000000000000000000000000000000022222222221212122222222222222110000000001222222222222222222222232212222110010010100101101011000000000000000000000000000000000000
0000000000000000000000000000000022222222222221221212122222222222211000012232322222233322222222222212222110001010011010010101010000000000000000000000000000000000
0000000000000000000000000000000022222222212122212222212122122222222221122222223222332332222222222212222211010110001111111111111100000000000000000000000000000000
0000000000000000000000000000000022222222221212221212121221222222222222222222232222332332222222222221222111111101110101010110101100000000000000000000000000000000
0000000000000000000000000000000022222222212122222221212122121212222222222222323232333323222222222112121111101010111111111111111100000000000000000000000000000000
0000000000000000000000000000000022222222222212121222222212222121212122122222232323223232323232222111111110110101010110111111111100000000000000000000000000000000
0000000000000000000000000000000022222222212121212121212222212222221222222222222222232323232322222211111110101010101010101011111100000000000000000000000000000000
0000000000000000000000000000000022222222221212121222121212121212122221222222222222232232333222222211101111010101011101010101101100000000000000000000000000000000
0000000000000000000000000000000022222222222122212112212121212121221212222222222222222333233332222211011111101110110111111111111100000000000000000000000000000000
0000000000000000000000000000000022222222222212122221221212121212212121222222222222223323333332233221101111111101101101010111111100000000000000000000000000000000
0000000000000000000000000000000022222222221221212122122121212121221212222222222222323333333332322221111111111111111111111111111100000000000000000000000000000000
0000000000000000000000000000000022222222212122121212121212121212122122222222222232333333232323222221111112222222222221111111111100000000000000000000000000000000
0000000000000000000000000000000022222222222221212121212121222221221212222222222233332333323232322221111111212221212222222222222200000000000000000000000000000000
0000000000000000000000000000000022222221212122122212121212121212122122222222222223322333222222111221111111221222121212222222222200000000000000000000000000000000
0000000000000000000000000000000022222222121212212121212122212121212222222222222233332322322221122221111112112121212222222222222200000000000000000000000000000000
0000000000000000000000000000000022212212212121221212122212121212122222222222222233333233212222211221111121212121212121212222222200000000000000000000000000000000
0000000000000000000000000000000022221221222212112121212121212121222222222222222223333332321222112212111111121222121212121212222200000000000000000000000000000000
0000000000000000000000000000000022222222212121221212121212121212222222222222222222333333322122112111112121212122222222222222222200000000000000000000000000000000
0000000000000000000000000000000022122122222212112121212121212122222322222222222222233333233222121111121211121212121212122222222200000000000000000000000000000000
0000000000000000000000000000000022221212121221221212121212121222232222222222222222223332223322221111211121211121112121212121222200000000000000000000000000000000
0000000000000000000000000000000022222122212122122121212221212222322222332322222222222223222222111212112112121212121112121212121200000000000000000000000000000000
0000000000000000000000000000000022222221222212212212121212122223232223232222222222222222232211112111121211211211212121212121212100000000000000000000000000000000
0000000000000000000000000000000022222222221221221222222221212223222132322222222222222222222121111111212112111112121212121222222200000000000000000000000000000000
0000000000000000000000000000000022221222222212212121212122122232222223222222222222222221122222111111121121111111111121212122121200000000000000000000000000000000
0000000000000000000000000000000022222222212122122222222221222232222232322222222222222222222222111111211212121211111111121211212200000000000000000000000000000000
0000000000000000000000000000000022222222222221212121212212222323222233223222222222212222222222111111121111112111111112112121212200000000000000000000000000000000
0000000000000000000000000000000022222222222122221222122122222232322232223322222222222212222222111111211111112211111111111212121200000000000000000000000000000000
0000000000000000000000000000000022222222222221212212221221222332222322233332222222222222222222121121111111111111111111111121212200000000000000000000000000000000
0000000000000000000000000000000022222222222222222122122212222323222222333332222222222222222222212211212111111111111111111112121100000000000000000000000000000000
0000000000000000000000000000000022222222222222222221221222223332322223333323222222222222222222121221111111111111111111111121211100000000000000000000000000000000
0000000000000000000000000000000022222222222222222122212222223323222233333222322223232222222222221212111111111212111111111111111100000000000000000000000000000000
0000000000000000000000000000000022222222222222221212122222223323222323332323222222323222222222222221112111112111212121212111112100000000000000000000000000000000
0000000000000000000000000000000022222222222222222222221222223322223233322222223222232323222222222211111111111111111211121121211100000000000000000000000000000000
0000000000000000000000000000000022222222222222222222222121223332222323222232323322323222222222222121111212111111121111111111111100000000000000000000000000000000
0000000000000000000000000000000022222222222222222222221112233233233222222322333332233222222222221111112111121112111111112121111100000000000000000000000000000000
0000000000000000000000000000000022222222222212122222111212223323232323222232233233323222222223211211111111111111111111111111121100000000000000000000000000000000
0000000000000000000000000000000022222222222222221212111112223233323232223223333233332232222122211111111111111211111211211111211100000000000000000000000000000000
0000000000000000000000000000000022222222222222222111111121222333332322222333332333332322222222121211111111111111111121111112111100000000000000000000000000000000
0000000000000000000000000000000022222222222222211111111112223223333232322223323333332322222221122121111111111111112111111111112100000000000000000000000000000000
0000000000000000000000000000000022222222222222111111212222222322333232222222233333323232232112222212111111111111111111111111111100000000000000000000000000000000
0000000000000000000000000000000022222222222221111111122222222322333222222222223233233322322222221121111111111111111111111111111100000000000000000000000000000000
0000000000000000000000000000000022222222222211121212222222222222233322222222222223223222222222212111111111101111111111111112111100000000000000000000000000000000
0000000000000000000000000000000022222222211112211122222222222322223232222222222222222222222221211111111111111111111111121111112100000000000000000000000000000000
0000000000000000000000000000000022222221111121212222222222222222233322222222222222222222222222111111111111111111111111111111111100000000000000000000000000000000
0000000000000000000000000000000022222111111112122222222222222322223322222222222222222222222212111111011111111111111111111111111100000000000000000000000000000000
0000000000000000000000000000000022221111111212222222222222222222223332222222222222222222221211111110101011111111111111111111211100000000000000000000000000000000
0000000000000000000000000000000022212121111222222222121222222232223333222222222222222222212111111110000001011111111111011111111100000000000000000000000000000000
0000000000000000000000000000000022211112122222222222212122222233223333222222222222222222121212110110100100010111111111011111111100000000000000000000000000000000
0000000000000000000000000000000022212222222222222222122222222223322323322222222222222221211211110001010000001011111111111111111100000000000000000000000000000000
0000000000000000000000000000000022222222222222222222222222222233333322232322222222222221222111110010100100000100111111111111111100000000000000000000000000000000
0000000000000000000000000000000022222222222222222222222222222233333232323222222232222211211111100101111000100000011111111111111100000000000000000000000000000000
0000000000000000000000000000000022222222222222222222222222222223333322222222222223222112121111111010000000000000010111111111111100000000000000000000000000000000
0000000000000000000000000000000022222222222222222222222222222233232222222222232322222122111110110100101001000000000011111111111100000000000000000000000000000000
0000000000000000000000000000000022222222222222222222222222222223333323222222223222222222111111011000000000010000000001111111111100000000000000000000000000000000
0000000000000000000000000000000022222222222222222222222222222223323322222222222222222222111111110010100011000101000000001111111100000000000000000000000000000000
0000000000000000000000000000000022222222222222222222222222222223332232322222222222222222111111100100000101000000000000000111111100000000000000000000000000000000
0000000000000000000000000000000022222222222222222222222222222223233323222221222212222221111110101001001010100000000100000010101100000000000000000000000000000000
0000000000000000000000000000000022222222222222222222222222222223333323222211222121222221111110100101000011000001000000000000010100000000000000000000000000000000
0000000000000000000000000000000022222222222222222222222222222223323323222211222211222221111111010000010001000000000000001000100100000000000000000000000000000000
0000000000000000000000000000000022222222222222222222222222222223332222322211222221222221111110100101000010000000000100000000000000000000000000000000000000000000
0000000000000000000000000000000022222222222222222222222222222233333223232211222222222221111111111110101000000000000000000000000000000000000000000000000000000000
0000000000000000000000000000000022222222222222222222222222222233333232322221222222222221111110111101010000000000100000000000000000000000000000000000000000000000
0000000000000000000000000000000022222222222222222222222222222233333323232222222222222221111101010110001000100100000000010000000000000000000000000000000000000000
0000000000000000000000000000000022222222222222222222222222222333333232322222122222222221111010101101010000001000101000000000000000000000000000000000000000000000
0000000000000000000000000000000022122222222222222222222222223333333322232221122222222221100110101010101001000000000000010000000000000000000000000000000000000000
0000000000000000000000000000000022222222222222222222222222233333333322322221122222322211111011010101000000010100000100000000000000000000000000000000000000000000
0000000000000000000000000000000022222222222222222222222222333333333222232211122232222221111010101000101010000100000100000000000000000000000000000000000000000000
0000000000000000000000000000000022222222222222222222222333333333332323222221122223222211111101000110110101001000000000000000010000000000000000000000000000000000
0000000000000000000000000000000022222222222222222222233333333333333232232222122222322221221110100000001010100000010000000001000000000000000000000000000000000000
0000000000000000000000000000000022222222222222222222233333333333332322222222212222232222221111100100100010000010000000010000000000000000000000000000000000000000
0000000000000000000000000000000022222222222222222222333333333333222222222222222222223222222111110000010101000000010000000000000000000000000000000000000000000000
0000000000000000000000000000000022222222222222222223333333333333322222222121222222222222222111111001010000100100100010000000000000000000000000000000000000000000
0000000000000000000000000000000022222222222222222223333333333332322222222222212222222232222111111110000011001001001000000100000000000000000000000000000000000000
0000000000000000000000000000000022222222222222222233333333333323223222222222222222222222222111111111010000010000000000000000000000000000000000000000000000000000
0000000000000000000000000000000022222222222222222233333333333332222222222221221222222222222111211111100100100010001000000000010000000000000000000000000000000000
0000000000000000000000000000000022222222222222222233333333333322222222222221222121221222222111122111110000000100100100000000000000000000000000000000000000000000
0000000000000000000000000000000022222222222222222233333333333222222222222222222211122121221112111211111100001010000001000100000000000000000000000000000000000000
0000000000000000000000000000000022222222222222222333333333333222222222222222222221211212112111111121111110001000000010000000010000000000000000000000000000000000
0000000000000000000000000000000022222222222222222233233332333322222222222222222222121112121121121112211111100000000100000001000000000000000000000000000000000000
0000000000000000000000000000000022222222222222222333333222222222222222222221212222211121212111121111221111101000001000010100010000000000000000000000000000000000
0000000000000000000000000000000022222222222222222323223322222222222222222222221222221111112111111211212111111000100000000000000000000000000000000000000000000000
0000000000000000000000000000000022222222222222222222222222222222222222222222222122222112112121211112111211111101000000010010001000000000000000000000000000000000
0000000000000000000000000000000022222222222222222222222222222222222222222222221212122221121211111111111122111110000000100001000000000000000000000000000000000000
0000000000000000000000000000000022222222222222222222222222222222222222222222222221221221111121111111111112211111100000010010010100000000000000000000000000000000
0000000000000000000000000000000022222222222222222222222222222222222222222222222222122222211212121111111121121111111000100100000000000000000000000000000000000000
0000000000000000000000000000000022222222222222222222222222222222222222222222222222212112221111212111111111112111111101001000101000000000000000000000000000000000
0000000000000000000000000000000022222222222222222222222222222222222222222222222222221222222121111111111111111211111110010001010100000000000000000000000000000000
0000000000000000000000000000000022222222222222222222222222222222222222222222222222222212122212121111111111111122111111100000101000000000000000000000000000000000
0000000000000000000000000000000022222222222222222222222222222222222222222222222222221221222221211211211111111111211111110001010100000000000000000000000000000000
0000000000000000000000000000000022222222222222222222222222222222222222222222222222222222221222211111111111111111122111111100001100000000000000000000000000000000
