0000000000000000000003300000000000000000000000000000000000000000000000000000000000000000000000000000330000000000000000000000000000000000000000000000000000000000
0000000000000000000003300000000000000000000000000000000000000000000000000000000000000000000000000000330000000000000000000000000000000000000000000000000000000000
0000000000000000000003300000000000000000000000000000000000000000000000000000000000000000000000000000330000000000000000000000000000000000000000000000000000000000
0000000000000000000003300000000000000000000000000000000000000000000000000000000000000000000000000033330000000000000000000000000000000000000000000000000000000000
0000000000000000000003300000000000000000000000000000000000000000000000000000000000000000000000000033330000000000000000000000000000000000000000000000000000000000
0000000000000000000003300000000000000000000000000000000000000000000000000000000000000000000000000033300000000000000000000000000000000000000000000000000000000000
0000000000000000000003300000000000000000000000000000000000000000000000000000000000000000000000000333300000000000000000000000000000000000000000000000000000000000
0000000000000000000003300000000000000000000000000000000000000000000000000000000000000000000000000333300000000000000000000000000000000000000000000000000000000000
0000000000000000000003300000000000000000000000000000000000000000000000000000000000000000000000003333300000000000000000000000000000000000000000000000000000000000
0000000000000000000003300000000000000000000000000000000000000000000000000000000000000000000000033303300000000000000000000000000000000000000000000000000000000000
0000000000000000000003300000000000000000000000000000000000000000000000000000000000000000000000033303300000000000000000000000000000000000000000000000000000000000
0000000000000000000003300000000000000000000000000000000000000000000000000000000000000000000000033033000000000000000000000000000000000000000000000000000000000000
0000000000000000000033300000000000000000000000000000000000000000000000000000000000000000000000033033000000000000000000000000000000000000000000000000000000000000
0000000000000000000033000330000000000000000000000000000000000000033000000000000000000000000000033033000000000000000000000000000000000000000000000000000000000000
0000000000000000000333000330000000000000000000000000000000000000033000033000000000330000000000330033000000000000000000000000000000000000000000000000000000000000
0000000000000000000333000003303300000000000000000000000000000000000000033033033333330000000000330033000000000000000000000000000000000000000000000000000000000000
0000000000000000000330000003303333000000000000000000000000000000000000000333333333330000000003330000000000000000000000000000000000000000000000000000000000000000
0000000000000000000330000000000333333330000000000000000000000033000000330333333000000000000003300033000000000000000000000000000000000000000000000000000000000000
0000000000000000000330000000000003333333300000000000000000000033000000330000033000000000000003300333000000000000000000000000000000000000000000000000000000000000
0000000000000000003300000000000000000333300000000000000000000000000000000000000000000000000033300330000000000000000000000000000000000000000000000000000000000000
0000000000000000003300000000000000000000000000000000000000000000000000000000000000000000000033303300000000000000000000000000000000000000000000000000000000000000
0000000000000000003300000000000000000000000000000000000000000000000000000033000000000000000033003300000000000000000000000000000000000000000000000000000000000000
0000000000000000003300000000000000000000000000000000000000000000000000000333000000000000000333033300000000000000000000000000000000000000000000000000000000000000
0000000000000000003300000000000000033300000000033300000000000000000000000333000000003333333330033300000000000000000000000000000000000000000000000000000000000000
0000000000000000033333333333333333033333330333333333333333333000000000003333000000333333333300033000000000000000000000000000000000000000000000000000000000000000
0000000000000000033333333333333333333333333333333333333333333300000000003333000033330000033000033000000000000000000000000000000000000000000000000000000000000000
0000000000000000033330000000003333333333333033303300033333003303333300003333333333000000000000033000000000000000000000000000000000000000000000000000000000000000
0000000000000000033330000000003300333333333303303300000033000003333333333333333330000000000000330000000000000000000000000000000000000000000000000000000000000000
0000000000000000033330000000003330333333333300000000000033000000000033333333333300000000000000330000000000000000000000000000000000000000000000000000000000000000
0000000000000000033333000000003330033333333330000000000033000000000000003333333000000000033000330000330000000000000000000000000000000000000000000000000000000000
0000000000000000003333000000000000000000003330000000000033000000000000003333000000000000333000330000333300000000000000000000000000000000000000000000000000000000
0000000000000000003333000000000000000000000333330000000033000000000000003333000000000003330000330000003330000000000000000000000000000000000000000000000000000000
0000000000000000003333000000000000000000000033330000000033000000000000003333000000000003330003300000000330000000000000000000000000000000000000000000000000000000
0000000000000000003333000000000000000000000000333330000033000000000000003330000000000003300003300000000003300000000000000000000000000000000000000000000000000000
0000000000000000000333300000000000000000000000033333000033330000000000003330000000000333000003300000000003330000000000000000000000000000000000000000000000000000
0000000000000000000333300000000000000000000000000033000003333000000000003300000000000333000003300000000000333333300000000000000000000000000000000000000000000000
0000000000000000003333333333033000000000000000000033000000033333000000000000000000003330000003300000000000033333333000000000000000000000000000000000000000000000
0000000000000000003333333333033303333330000000000000000000003333333330000000000000033300000003300000000000000003333000000000000000000000000000000000000000000000
0000000000000003333300330000003303333330000000333000000000000003333333300000000003333000000003300000000000000000033330000000000000000000000000000000000000000000
0000000000033333333300330000000000000333333333333000000000000000000333330000003333330000000003300000000000000000000333333330000000000000000000000000000000000000
0000000003333330000000330000000000000033333333330000000000000000000000333000033333000000000003300000000000000000000333333333300000000000000000000000000000000000
0000000333330000000000333000000000000000000000000000000000000000000000333333333000000000000033300000000000000000000000000333300000000000000000000000000000000000
0000003333300000000000033000000000000000000000000000000000000000000000000333333000000000000333000000000000000000000000000003333000000000000000000000000000000000
0000003333300000000000003300000000000000000000000000000000000000000000000000000000000000000330000000000000000000000000000000333300000000000000000000000000000000
0000003333000000000000003330000000000000000000003300000000000000000000000000000000000000000330000000000000000000000000000000003330000000000000000000000000000000
0330033300000000000000000330000000000000000000003300000000000000000000000000000000000000003330000000000000000000000000000000000333300000000000000000000000000000
0333333000000000000000000330000000000000000003333300000000000000330000000000000000000000003300000000000000000000000000000000000003333000000000000000000000000000
0033330000000000000000000333000000000000000003333300000000000003330000000000000000000000033000000000000000000000000000000000000000033300000000000000000000000000
0333300000000000000000000333000000000000000000333300000000000003330000000000000000000000033000000000000000000000000000000000000000033300000000000000000000000000
0333000000000000000000000033000000000000000000033330000000000003330000000000000000000000333000000000000000000000000000000000000000003330000000000000000000000000
0000000000000000000000000033000000000000000000033330000000003333300000000000000000000000330000000000000000000000000000000000000000000333000000000000000000000000
0000000000000000000000000033000000000000000000033333000000003333300000000000000000000003330000000000000000000000000000000000000000000333000000000000000000000000
0000000000000000000000000033000000000000000000033333033333333303300000000000000000000003300000000000000000000000000000000000000000000033000000000000000000000000
0000000000000000000000000033000000000000000330003333333333330033000000000000000000000033300000000000000000000000000000000000000000000003300000000000000000000000
0000000000000000000000000033300000000000000330003303333000000333000000000000000000000033300000000000000000000000000000000000000000000003300000000000000000000000
0000000000000000000000000003300000000000003333303333333333333330000000000000000000000333000000000000000000000000000000000000000000000000333000000000000000000000
0000000000000000000000000003300000000000003333303333333333333330000000000000000000000330000000000000000000000000000000000000000000000000333000000000000000000000
0000000000000000000000000003330000000000000000000000000000000000000000000000000000003330000000000000000000000000000000000000000000000000033000000000000000000000
0000000000000000000000000000330000000000000000000000000000000000000000000000000000003300000000000000000000000000000000000000000000000000033000000000000000000000
0000000000000000000000000000330000000000000000000000000000000000000000000000000000033300000000000000000000000000000000000000000000000000033000000000000000000000
0000000000000000000000000000333000000000000000000000000000000000000000000000000000033000000000000000000000000000000000000000000000000000033000000000000000000000
0000000000000000000000000000333000000000000000000000000000000000000000033000000000033000000000000000000000000000000000000000000000000000033000000000000000000000
0000000000000000000000000000033000000000000000000000000000000000000003333000000000033000000000000000000000000000000000000000000000000000033000000000000000000000
0000000000000000000000000000033000000000000333333333333333303333333333333000000000033000000000000000000000000000000000000000000000000000033000000000000000000000
0000000000000000000000000000033300000000000333333333333333333333333333333000000000033000000000000000000000000000000000000000000000000000033300000000000000000000
0000000000000000000000000000003300000000000000333333333330333333333333330000000000333000000000000000000000000000000000000000000000000000003330000000000000000000
0000000000000000000000000000003333000000000000003333333333333333333333000000000000333000000000000000000000000000000000000000000000000000000333000000000000000000
0000000000000000000000000000000333000000000000000333333333333333333300000000000003300000000000000000000000000000000000000000000000000000000033300000000000000000
0000000000000000000000000000000033000000000000000033333333333333300000000000000033300000000000000000000000000000000000000000000000000000000003300000000000000000
0000000000000000000000000000000033300000000000000003333333333330000000000000000033000000000000000000000000000000000000000000000000000000000003300000000000000000
0000000000000000000000000000000033333300000000000000000000000000000000000033333333000000000000000000000000000000000000000000000000000000000003300000000000000000
0000000000000000000000000000000003333333000000000000000000000000000000000333333330000000000000000000000000000000000000000000000000000000000003300000000000000000
0000000000000000000000000000000000000333333000000000000000000000000000003330000000000000000000000000000000000000000000000000000000000000000003330000000000000000
0000000000000000000000000000000000000003333300000000000000000000000000003330000000000000000000000000000000000000000000000000000000000000000000330000000000000000
0000000000000000000000000000000000000000033300000000000000000000000000033300000000000000000000000000000000000000000000000000000000000000000000330000000000000000
0000000000000000000000000000000000000000003300000000000000000000000000033000000000000000000000000000000000000000000000000000000000000000000000330000000000000000
0000000000000000000000000000000000000000000330000000000000000000000003300000000000000000000000000000000000000000000000000000000000000000000000330000000000000000
0000000000000000000000000000000000000000000330000000000000000000000003300000000000000000000000000000000000000000000000000000000000000000000000330000000000000000
0000000000000000000000000000000000000000000033000000000000000000000033000000000000000000000000000000000000000000000000000000000000000000000000333300000000000000
0000000000000000000000000000000000000000000033000000000000000000000333000000000000000000000000000000000000000000000000000000000000000000000000333333330000000000
0000000000000000000000000000000000000000000033300000000000000000003333000000000000000000000000000000000000000000000000000000000000000000000000000333333000000000
0000000000000000000000000000000000000000000003333000000000000003333300000000000000000000000000000000000000000000000000000000000000000000000000000000033000000000
0000000000000000000000000000000000000000000000333300000000003333333000000000000000000000000000000000000000000000000000000000000000000000000000000000033330000000
0000000000000000000000000000000000000000000000033333333333333333300000000000000000000000000000000000000000000000000000000000000000000000000000000000003333000000
0000000000000000000000000000000000000000000000003333333333333000000000000000000000000000000000000000000000000000000000000000000000000000000000000000000333300000
0000000000000000000000000000000000000000000000000000000000000000000000000000000000000000000000000000000000000000000000000000000000000000000000000000000033300000
0000000000000000000000000000000000000000000000000000000000000000000000000000000000000000000000000000000000000000000000000000000000000000000000000000000003300000
0000000000000000000000000000000000000000000000000000000000000000000000000000000000000000000000000000000000000000000000000000000000000000000000000000000003300000
0000000000000000000000000000000000000000000000000000000000000000000000000000000000000000000000000000000000000000000000000000000000000000000000000000000003330000
0000000000000000000000000000000000000000000000000000000000000000000000000000000000000000000000000000000000000000000000000000000000000000000000000000000000333300
0000000000000000000000000000000000000000000000000000000000000000000000000000000000000000000000000000000000000000000000000000000000000000000000000000000000033300
0000000000000000000000000000000000000000000000000000000000000000000000000000000000000000000000000000000000000000000000000000000000000000000000000000000000003330
0000000000000000000000000000000000000000000000000000000000000000000000000000000000000000000000000000000000000000000000000000000000000000000000000000000000000330
0000000000000000000000000000000000000000000000000000000000000000000000000000000000000000000000000000000000000000000000000000000000000000000000000000000000000330
0000000000000000000000000000000000000000000000000000000000000000000000000000000000000000000000000000000000000000000000000000000000000000000000000000000000000330
0000000000000000000000000000000000000000000000000000000000000000000000000000000000000000000000000000000000000000000000000000000000000000000000000000000000000330
0000000000000000000000000000000000000000000000000000000000000000000000000000000000000000000000000000000000000000000000000000000000000000000000000000000000003330
0000000000000000000000000000000000000000000000000000000000000000000000000000000000000000000000000000000000000000000000000000000000000000000000000000000000033330
0000000000000000000000000000000000000000000000000000000000000000000000000000000000000000000000000000000000000000000000000000000000000000000000000000000003333000
0000000000000000000000000000000000000000000000000000000000000000000000000000000000000000000000000000000000000000000000000000000000000000000000000000000033300000
0000000000000000000000000000000000000000000000000000000000000000000000000000000000000000000000000000000000000000000000000000000000000000000000000000000033300000
0000000000000000000000000000000000000000000000000000000000000000000000000000000000000000000000000000000000000000000000000000000000000000000000000000033000000000
0000000000000000000000000000000000000000000000000000000000000000000000000000000000000000000000000000000000000000000000000000000000000000000000000333333000000000
0000000000000000000000000000000000000000000000000000000000000000000000000000000000000000000000000000000000000000000000000000000000000000000000003333300000000000
0000000000000000000000000000000000000000000000000000000000000000000000000000000000000000000000000000000000000000000000000000000000000000000000333330000000000000
0000000000000000000333000000000000000000000000000000000000000000000000000000000000000000000000000000000000000000000000000000000000000000000003330000000000000000
0000000000000000000333033000000000000000000000000000000000000000000000000000000000000000000000000000000000000000000000000000000000000000000033330000000000000000
0000000000000000000330033000000000000000000000000000000000000000000000000000000000000000000000000000000000000000000000000000000000000000000033000000000000000000
0000000000000000000330000000000000000000000000000000000000000000000000000000000000000000000000000000000000000000000000000000000000000000003300000000000000000000
0000000000000000000330000330000000000000000000000000000000000000000000000000000000000000000000000000000000000000000000000000000000000000003300000000000000000000
0000000000000000003330000330000000000000000000000000000000000000000000000000000000000000000000000000000000000000000000000000000000000000033000000000000000000000
0000000000000000003300000000000000000000000000000000000000000000000000000000000000000000000000000000000000000000000000000000000000000000033000000000000000000000
0000000000000000033300000000000000000000000000000000000000000000000000000000000000000000000000000000000000000000000000000000000000000000033000000000000000000000
0000000000000000033300000000000000000000000000000000000000000000000000000000000000000000000000000000000000000000000000000000000000000003300000000000000000000000
0000000000000000000000000000033000000000000000000000000000000000000000000000000000000000000000000000000000000000330000000000000000000003300000000000000000000000
0000000000000003330000000000033000000000000000000000000000000000000000000000000000000000000000000000000000000000330000000000000000000033300000000000000000000000
0000000000000033330000000000000000000000000000000000000000000000000000000000000000000000000000000000000000000000000000000000000000000333000000000000000000000000
0000000000033333300000000000000000000000000000000000000000000000000000000000000000000000000000000000000000000000000000000000000000000330000000000000000000000000
0000000033033300000000000000000033000000000000000000000000000000000000000000000000000000000000000000000000000000000000000000000000003330000000000000000000000000
0000003333000000000000000000000033333000000000000000000000000000000000000000000000000000000000000000000000000000000000000000000000333300000000000000000000000000
0000033300000000000000000000000033333000000000000000000000000000000000000000000000000000000000000000000000000000000000000000000003330000000000000000000000000000
0000033000000000000000000000000000033000000000000000000000000000000000000000000000000000000000000000000000000000003300000000000333300000000000000000000000000000
0000000000000000000000000000000000003300000000000000000000000000000000000000000000000000000000000000000000000000003300000000000333000000000000000000000000000000
0000000000000000000000000000000000003300000000000000000000000000000000000000000000000000000000000000000000000000000000000000000330000000000000000000000000000000
0000000000000000000000000000000000000330000000000000000000000000000000000000000000000000000000000000000000000000000000000003330000000000000000000000000000000000
0000000000000000000000000000000000000330000000000000000000000000000000000000000000000000000000000000000000000000000000000033330000000000000000000000000000000000
0000000000000000000000000000000000000330000000000000000000000000000000000000000000000000000000000000000000000000003300003333000000000000000000000000000000000000
0000000000000000000000000000000000000330000000000000000000000000000000000000000000000000000000000000000000000000003300033330000000000000000000000000000000000000
