3333333333333333333333333333333333333333333333333333333333222222222222222222222222222222222222222222222333333333333333333333333333333333333333333333333333333333
3333333333333333333333333333333333333333333321111111111111111222222222222222222222222222222222222222232323232321111111111111111233333333333333333333333333333333
3333333333333333333333333333333232323232323211111111111111111111111111112222222222222222222221111111122232323232111111233333333323333333333333333333333333333333
3333333333333333333333333333233333213321332111111111111111111111111111122222222222222222222221111111111123232323211111132323232333233333333333333333333333333333
3333333333333333333333333332133232123211321111111111111111111111111112222222222222222222222222111111111112323232321111133213321323332333333333333333333333333333
3333333333333333333333333321232133323333233332111111111111111111111222222222222222222222222222211111111111222323232111132113212332321333333333333333333333333333
3333333333333333333333333212321232332323232221111111111111111111122222222222222222222222222222221111111111111232323211132113332321333323333333333333333333333333
3333333333333333333333333333212321321332132111111111111111111111222222222222222222222222222222222211111111111122232321133332321333323213333333333333333333333333
3333333333333333333333323323333212211323323211111111111111111122222222222222222222222122222222222221111111111111123232132323211323213333233333333333333333333333
3333333333333333333333333213232111111323232321111111111111112222222222222222222111112002222222222222211111111111112323232323333213333232133233333333333333333333
3333333333333333333333233333321123333213223232111111111111122222222111111122221000000201200222222222221111111111111232323213232113232133332133333333333333333333
3333333333333333333332132323211113232323212322111111111111222222200000012222222312220001201222222222222111111111111123232332323332133332321233333333333333333333
3333333333333333333321233213333332323232321221111111111112222220001120222222222312221002102222222222222221111111111112323221323233323233212333333333333333333333
3333333333333333332333323332323232323221211111111111111222222111101221112222222312210002112210001222222222111111111111232321323232332132123233333333333333333333
3333333333333333333323213233213232322111111111111111112222211222102223311222222300001012012100210222222222211111111111123232323232321133332133333333333333333333
3333333333333333333213332132113321321111111111111111122222110301202221122222222300122012012002211122222222221111111111112323232132321132321232333333333333333333
3333333333333333323333233321113232321111111111111111222221001110101221022222222301221021021002222100011222222111111111111232323321321133212321333333333333333333
3333333333333333333232132333332321321111111111111112222210112221000222012222222012212011120022222012002222222211111111111123232211321132123212332333333333333333
3333333333333333232133321323232321321111111111111122221100122221000122122222222102122011100020011022001112222222111111111112323211321133323333233333333333333333
3333333333333323333332333213232321321111111111111222211110122222000122122222222101221121110120010000002012222222211111111111232321321132332323332333333333333333
3333333333333333232321323332132321211111111111111222102210122221101012122222222102221222210010010000120022222222221111111111123232321133233213233333333333333333
3333333333333233333211332323323232111111111111112222001220122221001122222222222112222222220001101002200122201222222221111111112132321132132113323233333333333333
3333333333333332323333232323232323211111111111122121012221000000022112222222222222222222222112002001101221001222220111111111111132211132133332332133333333333333
3333333333332333332323321323223232321111111111121110012222100000122112222222222212222222222221122012012110011222111111111111111121111132132321321232333333333333
3333333333333323233213233213213223221111111111211100012222221101222222222221111022222222222222222101012100012220001111111111111111111132133211333321333333333333
3333333333323213323332323213213212211111111111201010002222222002222222221102101112221221122222222012021000222200022211111111111111111132132111323212333333333333
3333333333333333213232323213212111111111111112001020000222220022222212222201111012221001212122222011121311222000122221111111111111111132132111332123323333333333
3333333333233232113321323213211111111111111121000121010011000222222022222222222222222211101012222121220112210000222222111111111111111132132111321232333333333333
3333333333332133332321323213211111111111111120010122000000001222221111122222222222222222111111222222210212100001222221111111111111111132132111333233323333333333
3333333333321232321321323213211111111111111110000222200000012222120221222222222222222222222121211222202111111002222222111111111111111132132111323323213333333333
3333333332333321333211322113211111111111111200000222212111222222210222222222222211222222222112201222212100121311222222111111111111111132132111332332123333333333
3333333333323211323211321113211111111111111200001122222222222222222222222222222211222222222221111122122002200012222222211111111111111121132111321321232333333333
3333333323213333213211321112111111111111111230002222222222222222222222222221100001122222222222210122222222200222222222221111111111111111132111333212321332333333
3333333333332323332111321111111111111111111103001222222210000012222222211100000000001222222222222222222222100222222222221111111111111111132111323332333333333333
3333333232321332323321321111111111111111111100001222210330000031122211000000000000000012222222222222222222001222222222221111111111111111132111323233232323333333
3333333333212321332211321111111111111111112233001210000000000000010001000000111101000001222222222222222222001122222222222111111111111111132111323232133333233333
3333333232123211323211321111111111111111112213000000000122221000000011011111111111100010121111122222222222001222222222222111111111111111132111323233323233333333
3333332133332111323211321111111111111111112200000000122222222100000002111111111121111211111122111222222222112222222222222111111111111111132111323232332133323333
3333333332321111323211321111111111111111112210000012222222222100000012212222221121112201111211121222222222122222222222222111111111111111132111323233233332333333
3333333233211111323211321111111111111111112222112222222222222000000112222122221111122101111122222222222222222222222222222211111111111111121111323323323233333333
3333323323333333213211321111111111111111122222212222222222221000000221222212121111232012211212122222222222222222222222222211111111111111111111323232332132333333
3333333213232323213211321111111111111111112222222222222222221010001220122221211212232012222123222222222222222222222222222111111111111111111111323233233333323333
3333233333321323213211211111111111111111112222222222222222220010001320123221222112333022222222222322222222222222222222222211111111111111111111323232132323213333
3333332323211323213211111111111111111111112222222222222222220110002212222212111113233122221212222322222222222222222222222221111111111111111111323232133213333333
3333321332111332323211111111111111111111122222222222222222210010003222222212221222332122222223223232222222222222222222222211111111111111111111323232132123233333
3333212321123232322111111111111111111111112222222222222221110110012222221311222222332122223332222322222222222222222222222211111111111111111111323232133332133333
3333333212323232321111111111111111111111112222222222222101000100012221121221222223232122332223332233222222222222222222222111111111111111111111323232132321233233
3332332123213232321111111111111111111111112222222222220000100100122110222231222232323222222332322322222222222222222222222111111111111111111111323232133212323333
3333321232113232211111111111111111111111112222222222210000012110320000123223232322233322223223233232222222222222222222222111111111111111111111322132132123213333
3333212321113232111111111111111111111111112222222222100000122112221000113333333232333322332333323322222222222222222222222111111111111111111111321132133323333333
3332123211113232111111111111111111111111111222222222000000111222221202333333332333333222333333333222222222222222222222222111111111111111111111321132132332323333
3333332112332132111111111111111111111111111222222221010000001323222212222222233333333233233333322222222222222222222222222111111111111111111111321132133233213333
3332321232323323211111111111111111111111111222222221201110001222222222222222223333322222222222222222222222222222222222221111111111111111111111321132132132123333
3333333233213232321111111111111111111111111122222201101200011212222222221222223333212222222222222222222222222222222222221111111111111111111111321132133321232333
3332323323213223232111111111111111111111111122222202021200011200112222133322233222222222222222222222222222222222222222211111111111111111111111321132132333321333
3333332332113213221111111111111111111111111122222200112101111100000122333333332122222222222222222222222222222222222222111111111111111111111111321132133232333333
3332321321113213211111111111111111111111111112222000012011131002100223233333321222222222222222222222222222222222222222111111111111111111111111321132132133232333
3333333211113213211111111111111111111111111112222000000011121012101132223233322222222222222222222222222222222222222221111111111111111111111111321132133323333333
3332323333332113211111111111111111111111111111222000000011211022012112222222212222222222222211222222222222222222222211111111111111111111111111321132132332323333
3333332323232113211111111111111111111111111111222101000012121121011121111111112222222222222100012222222222222222222211111111111111111111111111321132133233213333
3332321332132113211111111111111111111111111111122301020001111010111212112121112222221022222220022222222222222222222111111111111111111111111111321132132132123333
3333212233321113211111111111111111111111111111112000000000000000123212112211123222222122222222122222222222222222222111111111111111111111111111321132133321232333
3332123323233322111111111111111111111111111111112102111000000000233321102112221222222222222222222222222222222222211111111111111111111111111111321132132333321333
3333332332322321111111111111111111111111111111111200010001222102233322111122221112222222222222222222222222222222211111111111111111111111111111321132133232333333
3332321321321321111111111111111111111111111111111221001112222222133323221122211222112222222222222222222222222221111111111111111111111111111111321132132133233333
3333212211321321111111111111111111111111111111111121122222222212223322333222212221122122222222222222222222222211111111111111111111111111111111321133321132133233
3332123333211321111111111111111111111111111111111111222222222222223323223332232221222211122222222222222222222211111111111111111111111111111111321132333321232133
3333332323211321111111111111111111111111111111111111122222222222232332222332232322222112221222222222222222212111111111111111111111111111111111321132323212321233
3323233213211321111111111111111111111111111111111111112222222222222233222233223222222122222112222222222222111111111111111111111111111111111111321133213333212333
3333323332111321111111111111111111111111111111111111112222222222222222222223232322222222221222222222222212111111111111111111111111111111111111321132113232123333
3332332321111321111111111111111111111111111111111111111222222222222222222222322322222222222222222222222221223211111111111111111111111111111111321133332133333333
3333233211111321111111111111111111111111111111111111111111111222222222222222222222222222222222222222223332123222321111111111111111111111111111321132321232332333
3332132111111321111111111111111111111111111111111111111111111112222223322222232222222222222222222221112232322223221111111111111111111111111111321132333233321333
3333333333333232111111111111111111111111111111111111111111111112221222232222322222222222222222222220111112222113221111111111111111111111111111321133232132333333
3332323232322132111111111111111111111111111111111111111111111122222222222222332222222222222211212222111111122233321111111111111111111111111111321132133333333333
3333332133233232111111111111111111111111111111111111111111112222222233232223332221222222111111111113322111112233321111111111111111111111111111321133323232332333
3332321223232132111111111111111111111111111111111111111111122222222322222233322211112111111111111113332221111132322111111111111111111111111111321132332133322333
3333333332132132111111111111111111111111111111111111111111222222223232332333323221111111111111111112223222211233232111111111111111111111111111321133233332333333
3332323233321132111111111111111111111111111111111111111112222222233333223333322211111111111111111111112332323232323211111111111111111111111111321132132321333333
3333332132333323211111111111111111111111111111111111111122222223333333233333321111111111111111111111112323233232232321111111111111111111111111321133321333333333
3333233321323232321111111111111111111111111111111111111222222333333323233333321111111111111111111111113322233323223232111111111111111111111111321132333323333333
3333332333213232321111111111111111111111111111111111112223333333333233233333322111111111111111111111112232333232212323211111111111111111111111321133232333333333
3333233232113321321111111111111111111111111111111111333333333333222322333333221111111111111111111111111123232123211232321111111111111111111111333323321332333333
3333332133332321321111111111111111111111111111111222323232332322233222333333211111111111111111111111111112323212111123232111111111111111111111323213212333333333
3333233332321321321111111111111111111111111111111122222222222223332223333333211111111111111111111111111111232321111112323211111111111111111111332113333233333333
3333332321333211321111111111111111111111111111110122232222223333322223333333211111111111111111111111111111123232111111232321111111111111111111321123232133333333
3333321333232111321111111111111111111111111111200022233333333333212233333333211111111111111111111111111111112323211111132211111111111111111111333332133333333333
3333333323321111321111111111111111111111111112102102222333333332203233233332211111111111111111111111111111111232321111132111111111111111111111323233333333333333
3333333213211111321111111111111111111111111112111101222223333322102323333332111111111111111111111111111111111123232111132111111111111111111111332132323333333333
3333332123333333211111111111111111111111111112111001123232323222112332333332111111111111111111111111111111111112323211132111111111111111111111321233333333333333
3333333332323232111111111111111111111111111111111001112333332212112233333323211111111111111111111111111111111111232321132111111111111111111112212323233333333333
3333333321332133333333211111111111111111111111210011111333222111132233333322321111111111111111111111111111111111132211132111111111111111111123333213333333333333
3333333212321223232322111111111111111111111111111011211322321111133222333222211111111111111111111111111111111111132111132111111111111111111232323333333333333333
3333333333212332132321111111111111111111111111121110011211232111122232122222211111111111111111111111111111111111132111132111111111111111112321332332333333333333
3333333332123233321321111111111111111111111111112111001222333333211323211111233321111111111111111111111111111111132111132111111111111111111333233321333333333333
3333333321232132333211111111111111111111111111111321112333333333322333332112133333321111111111111111111111111111132111132111111111111111123232132333333333333333
3333333333321233232111111111111111111111111111111323223333333333333333333322233333333321111111111111111111111111133333232111111111111111232133333333333333333333
3333333333333323321111111111111111111111111111111212322323333333333333333333333333333333332111111111111111111111132333321111111111111112321232323323333333333333
3333333333233213211111111111111111111111111111111111211212222222323333333333333333333333333333321111111111111111233333333333333333333332333321333223333333333333
3333333333332123333333333333321111111111111111111111111111111111213222323333333333333333333333333321111111111112333333333232323232323233232333332113333333333333
3333333333321232323232323232211111111111111111111111111111111111112321212222323233333333333333333333211111123333332322323233232133213323321323322333333333333333
3333333333333321332133213232111111111111111111111111111111111111111321111111322132223233333333333333333333333332323232323232321132113213212333223333333333333333
3333333333333333321232113232111111111111111111111111111111111111111321111111321132113333333333333333333333332323232321323232333321122123333233333333333333333333
3333333333333233212321122133333333211111111111111111111111111111111321111123333333333333333333333333333332323232323233213232323211233332323332333333333333333333
3333333333333332123212321132323223211111111111111111111111111111111321112333333333333333333333333333333333332132323232332133213333232321333333333333333333333333
3333333333333333332123211221323213211111111111111111111111111111111321113333333333333333333333333333333333333333332132323323213232133212323333333333333333333333
3333333333333333321232123211332113211111111111111111111111111111111321113223333333333333333333333333333333333333333333333213333333332123333233333333333333333333
3333333333333333212321232111321113211111111111111111111111111111111321113213223333333333333333333333333333333333333333333333333333333333233333333333333333333333
3333333333333333333333321233211113211111111111212111111111111221111321121113213222133333333333313333333333333333333333333333333333333333333333333333333333333333
3333333333333333333233212323333332111111111111001100212112011120111201101320111002010023201200112001001201201111133333333333333333333333333333333333333333333333
3333333333333333333332123213232321111111111112000111110001021010211202011320100101002122010102001021020101100110022333333333333333333333333333333333333333333333
3333333333333333333321232123321333333333333332121222212112012122121121222231120111121111211201222212131311311221222333333333333333333333333333333333333333333333
3333333333333333333333333332333232323232323232111323211111232113232132323232112211111111111221132321133212333333333333333333333333333333333333333333333333333333
3333333333333333333333233233232133213323232323333213211111132113232132323232111111111111111111132321132332323333333333333333333333333333333333333333333333333333
3333333333333333333333332133321232113232133213232332111212111122121212111122212121112212122122112122112221332323232323232323232332333233333333333333333333333333
3333333333333333333333333332333321232133323213323232111111112112112112221221111121122111111121112121111233233213321332133213333321333333333333333333333333333333
3333333333333333333333333321332333321132332113232132111111111111113332321132111132132111111111111111111132132113212321232123233333333333333333333333333333333333
3333333333333333333333333333321323212321321113321133333333333333332232321132111132132111111111111111111133321232123212321232133333333333333333333333333333333333
3333333333333333333333333333333333333212333332333323232323232323232132321132111132132111111111111111233323212321232123212333333333333333333333333333333333333333
3333333333333333333333333333233232323333232321323213323232323232321133211132111132132111111111111111132332111333321232123323333333333333333333333333333333333333
3333333333333333333333333333333333333232133211332113232133232323211132333321111133321111111111111112321321123232333321233213333333333333333333333333333333333333
3333333333333333333322222222222233233321232123233332133323233213211132323233333323233333333333333332333211232133232333332233333333333322233333333333333333333333
3333333333333333333322111211112233332333321232132321132332132113333321323232323232323232323232323233232112321232133323322333333333333320323333333333333333333333
3333333333333333333322121211212233321332333321233211221321133332323233213323213232332133232133213323321123212321233213333333333333321122122233333333333333333333
3333333333333333333321122221111233333333323212323333211333323233232132113213332133232132321132113213212332123212323333222222122222222323133333333333333333333333
3333333333333333333332222222222233333323333333213232123232332132133321113332321132133321333321123332123233332123333333222222222222233332233333333333333333333333
3333333333333333333333333333333333333333233232123321232133233321132333332321333321132333232333323233323323233333233333333333333333333333333333333333333333333333
3333333333333333333333333333333333333333333333133331333133333331133333333331333331133333333333333333333333333333333333333333333333333333333333333333333333333333
