3333333333333322222222222222111111111111111111122333333333333333333333333333111111111111011100000000000000000000000000002333333333333333333333333333333333333333
3333333333333222222222222222111111111111111111122333333333333333333333333332111111111111011000000000000000000000000000001333333333333333333333333333333333333333
3333333333332222222222222222111111111111111111122233333333333333333333333321111111111111011000000000000000000000000000000333333333333333333333333333333333333333
3333333333332222222222222222111111111111111111122333333333333333333333333211111121111110110000000000000000000000000000000233333333333333333333333333333333333333
3333333333332222222222222222111111111111111111112333333333333333333333333210111221111111100000000000000000000000000000000133333333333333333333333333333333333333
3333333333332222222222222222111111111111111111112333333333333333333333333210112221111111000000000000000000000000000000000033333333333333333333333333333333333333
3333333333322222222222222222211121211222211111112333333333333333333333332211112221111111000000000000000000000000000000000033333333333333333333333333333333333333
3333333333222222222222222222211222222222221111123333333333333333333333332111112211111111000000000000000001111100000000000023333333333333333333333333333333333333
3333333333333222222222222212222222222222211111233333333333333333333333321111122111111111000000000000000111222222100000000013333333333333333333333333333333333333
3333333333333333332222222222222222222222222223333323333333333333333333321111221111111210001110000000000012333333321100000013333333333333333333333333333333333233
3333333333333333333322222222222222223333333333333223322333333333333333321111221111112110001111000000000033333333332211000003333333333333333333333333333333333322
3333333333333333333332222222222223333333223323332123222333333333333333321112221111111101111111100000000233333333333211100003333333333333333333333333333333333322
3333333333332333333333332222223333322333333222311113222333333333333333221112222111211012222221100000001333333333333221100002333333333333333333333333333333333322
3333333333333333333333333333333223332333232112311112223333333333333333221112222112210133333222110000013333333333333211100002333333333333333333333333333333333332
3333333333333333333333333333332222322222221112211112213333333333333333212112222222101333333333210000003333333333333101100001333333333333333333333333333333333333
3333333333333333333333333333333222222222221112211112123333333333333333322111222221013333333333311000003333333333332100000001333333333333333333333333333333333333
3333333333333333333333333332223322222222211122111112123333333333333333222111222221133333333333321100002333333333331100000001333333333333333333333333333333333333
3333333333333333333333333322212322222222223221111112113333333333333333221111122220333333333333311100000333333333321000000000333333333333333333333333332222333333
3333333333333333333333333322211232222333221111111112213333333333333333211111122211333333333333211100000233333333330000000000333333333333333333333333333222333333
3333333333333333333333333322211123332222111111111112223333333333333333211111111101333333333332011110000133333333310000000000333333333333333333333333333223333323
3333333333333333333333333332211111111111111111111112233333333333333332111111111001233333333330011110000013333333000000000000233333333323333333322222222222223223
3333333333333333333333333332221111111111111111111112333333333333333332111111101100123333333310011110000002333320000000000000233333333333333333322222222222222223
3333333333333333333333333332221111111111111111111112333333333333333332111111100000000112221100011110000000111000000000000000233333332233333333332222222222222223
3333333333333222223222333332221111112211111111111112333333333333333332111111111001110000000000011110000000000000000000000000133333332223333333322222222222222223
3333333333333222222222233332221111112221111111111112333333333333333333211111111100011100000000011111000000000000000000000000133333333223333333322222222222222223
3333333333333222222222223332221111112222111111111112233333333333333333211111211110000000000000111111000000000000000000000000133333333223333333322222222222222233
3333333333333322222222223332222222221111111111111112233333333333333333111111111111000000000000111112100000000000000000000000033333332223333333322222222223332233
3333333333333322222222223333222222211111111111111112233333333333333333211111111111110000000001111111100000000000000000000000033333332223333333322222233233333333
3333333333333332222222233333222211111111111111111112233333333333333333211111110111111111111111111111110000000000000000000000033333333223333333322222333333333333
3333333333333332222222233333222222111111111111111112123333333333333333321111110011111111111111111111111000000000000000000000033333333223333333322222333333333333
3333333333333333222222233332222222122222211111111122123233333333333333321111100000000000000111111211111000000000000000000000033333332223333333322222333333333333
3333333333333333322222223322222221112222221111111122123333333333333333321111100000000000001122111211111100000000000000000000033333333233333333322222233333333333
3333333333333333322222333322222222222222211111111121123323333333333333321121111000000000001222211111111100000000000000000000033333333333333333322222223333333333
3333333333333333322223333323322222222221221111111221123333333333333333322121111110000000001222211111110000000000000000000000033333333333333333322222223333333333
3333333333333333333223333333333222221111111111111211122333333333333333332221111110000000011111111111100000000000000000000000033333333333333333322222222333333333
3333333333333333333223333333322222211111111111112211122333333333333333332122111110000000000001111000000000000000000000000000033333333333333333322222223333333333
3333333333333333333322233333322222211111111111122111122333333333333333332222221111100000000000000000000000000000000000000000033333333333333333322222223333333333
3333333333333333333322223322222222211111111111222111122333333333333333333222222111111100000000000000000000000000000000000000033333333333333333322222223333333333
3333333333333333333332222222222222211111111112222111122233333333333333333222221111111100000000000000000000000000000000000000133333333333333333322222223333333333
3333333333333333333333222222222222111111111122222111111233333333333333333322221111111111000000000000000000000000000000000000133333333333333333322222233333333333
3333333333333333333333332222222222111111111232221111111233333333333333333322222111100001100000000000000000000000000000000000123333333333333333322233333333323333
3333333333333333333333333222222222211111112322211111111333333333333333333332222111100000000000000000000000000000000000000000001233333333333333322233333333333333
3333333333333333333333333322222222221111123222211211112333333333333333333332222111100000000000000000000000000000000001110000000033333333333333322233333333333223
3333333333333333333333333332222222222222232222222111123333333333333333333333222221110000000000000000000000000000000001111100000023333333333333333333333333333333
3333333333333333333333333333322222222222322222222111233333333333333333333333322222110000000000000000000000000000001111111111111123333333333333333333333333333333
3333333333333333333333333333332233332333222222222123333333333333333333333333322222211000000000000000000000000000001111122222221133333333333333333333333333333333
3333333333333333333333333333333333333332222222222233333333333333333333333333332222221100000000000000000000000000001222222222222133333333333333333333333333333333
3333333333333333333333333333333333333322222222223333333333333333333333333333332222221110000000000000000000000000001111222222222233333333333333333333333333333333
3333333333333333333333333333333333333322222223333333333333333333333333333333333222222110000000000000000000000000111111101122222233333333333333333333333333333333
3333333333333333333333333333333333333333333333333333333333333333333333333333333222222211000000000000000000000001111211100000011233333333333333333333333333333333
3333333333333333333333333333333333333333333333333333333333333333333333333333333322221111000000000000000000000002222221110000000133333333333333333333333333333333
3333333333333333333333333333333333333333333333333333333333333333333333333333333322221111000000000000000000000002222222111100000123333322333333333333333333333333
3333333333333333333333333333322233333333333333333333333333333333333333333333333332222111110000000000000000000001222222222111111123333332233333333233333333333333
3333333333333333333333333333233233333333333333333333333333333333333333333333333333222211110000000000000000000001222322122221111123333333223333333323333333333333
3333333333333333333333333333233333333333333333333333333333333333333333333333333333222211110000000000000000000001112111111222222123333333322333333332233333333333
3333333333333333333333333333333333333333333333333333333333333333333333333333333333322221111000000000000000000012212211100000112223333333332233333333223333222222
3333333333333333333333333333333333333333333333333333333333333333333333333333333333322221110000000000000000000022222221111000001223333223333223333333322233222222
3333333333333333333333333333333333333333333333333333333333333333333333333333333333322221111000000000000000000012222222111111111133322222333322333333332223322222
3333333333333333333333333333333333333333333333333333333333333333333333333333333333322222111000000000000000000002233332222111111133222222333332233333332223322212
3333333333333333333333333333333333333333333333333333333333333333333333333333333333332222111010000000000000000001222222332222211233333333333333223322222222332222
3333333333333333333333333333333333333333333333333333333333333333333333333333333333332222111000000000000000000001222211112332222333333333333333322222222222222222
3333333333333333333333333333333333333333333333333333333333333333333333333333333333333222111110000000000000000001222221110113322333333333333333332222222222222222
3333333333333333333333333333333333333333333333333333333333333333333333333333333333333222211111100000000000000000222222211111222333333333333333333222222222222222
3333333333333333333333333333333333333333333333333333333333333333333333333333333333333222211111100000000000000000222222222111113333333333333333333322222222222222
3333333333333333333333333333333333333333333333333333333333333333333333333333333333333322221101111000100000000000222222222222123333333333333333333332222222222222
3333333333333333333333333333333333333333333333333333333333333333333333333333333333333322221100111100000000000000122222322222233333333333333333333333222222222222
3333333333333333333333333333333333333333333333333333333333333333333333333333333333333332222110111110000000000000122222322223333333333333333333333333322222222222
3333333333333333333333333333333333333333333333333333333333333333333333333333333333333332222111111111100000000000012222322333333333333333333333333333332222222121
3333333333333333333333333333333333333333333333333333333333333333333333333333333333333333222111111111100000000000001222333333333333333333333333333333333212222111
3333333333333333333333333333333333333333333333333333333333333333333333333333333333333333222211111111110000000000000222333333333333333333333333333333333321111111
3333333333333333333333333333333333333333333333333333333333333333333333333333333333333333322211111111111000000000000023333333333333333333333333333333333331112221
3333333333333333333333333333333333333333333333333333333333333333333333333333333333333333322221111111111000000000000013333333333333333333333333333333333332111111
3333333333333333333333333333333333333333333333333333333333333333333333333333333333333333333321111111111100000000000013333333333333333333333333333333333333211111
3333333333333333333333333333333333333333333333333333333333333333333333333333333333333333333332111111111100000000000023333333333333333333333333333333333333321111
3333333333333333333333333333333333333333333333333333333333333333333333333333333333333333333332111111121110000000000033333333333333333333333333333333333333331111
3333333333333333333333333333333333333333333333333333333333333333333333333333333333333333333333111111122110001111000133333333333333333333333333333333333333333221
3333333333333333333333333333333333333333333333333333333333333333333333333333333333333333333333211111222222222211000233333333333333333333333333333333333333333322
3333333333333333333333333333333333333333333333333333333333333333333333333333333333333333333333321111222222221100001333333333333333333333333333333333333333333332
3333333333333333333333333333333333333333333333333333333333333333333333333333333333333333333333333111122222110000002333333333333333333333333333333333333333333333
3333333333333333333333333333333333333333333333333333333333333333333333333333333333333333333333333322122111111000013333333333333333333333333333333333333333333333
3333333333333333333333333333333333333333333333333333333333333333333333333333333333333333333333333333211111111000023333333333333333333333333333333333333333333333
3333333333333333333333333333333333333333333333333333333333333333333333333333333333333333333333333333321111111000133333333333333333333333333333333333333333333333
3333333333333333333333333333333333333333333333333333333333333333333333333333333333333333333333333333333111111000333333333333333333333333333333333333333333333333
3333333333333333333333333333333333333333333333333333333333333333333333333333333333333333333333333333333321100002333333333333333333333333333333333333333333333333
3333333333333333333333333333333333333333333333333333333333333333333333333333333333333333333333333333333333110123333333333333333333333333333333333333333333333333
3333333333333333333333333333333333333333333333333333333333333333333333333333333333333333333333333333333333333333333333333333333333333333333333333333333333333333
3333333333333333333333333333333333333333333333333333333333333333333333333333333333333333333333333333333333333333333333333333333333333333333333333333333333333333
3333333333333333333333333333333333333333333333333333333333333333333333333333333333333333333333333333333333333333333333333333333333333333333333333333333333333333
3333333333333333333333333333333333333333333333333333333333333333333333333333333333333333333333333333333333333333333333333333333333333333333333333333333333333333
3333333333333333333333333333333333333333333333333333333333333333333333333333333333333333333333333333333333333333333333333333333333333333333333333333333333333333
0000000000000000000000000000000000000000000000000000000000000000000000000000000000000000000000000000000000000000000000000000000000000000000000000000000000000000
0000000000000000000000000000000000000000000000000000000000000000000000000000000000000000000000000000000000000000000000000000000000000000000000000000000000000000
0000000000000000000000000000000000000000000000000000000000000000000000000000000000000000000000000000000000000000000000000000000000000000000000000000000000000000
0000000000000000000000000000000000000000000000000000000000000000000000000000000000000000000000000000000000000000000000000000000000000000000000000000000000000000
0000000000000000000000000000000000000000000000000000000000000000000000000000000000000000000000000000000000000000000000000000000000000000000000000000000000000000
0000000000000000000000000000000000000000000000000000000000000000000000000000000000000000000000000000000000000000000000000000000000000000000000000000000000000000
0000000000000000000000000000000000000000000000000000000000000000000000000000000000000000000000000000000000000000000000000000000000000000000000000000000000000000
0000000000000000000000000000000000000000000000000000000000000000000000000000000000000000000000000000000000000000000000000000000000000000000000000000000000000000
0000000000000000000000000000000000000000000000000000000000000000000000000000000000000000000000000000000000000000000000000000000000000000000000000000000000000000
0000000000000000000000000000000000000000000000000000000000000000000000000000000000000000000000000000000000000000000000000000000000000000000000000000000000000000
0000000000000000000000000000000000000000000000000000000000000000000000000000000000000000000000000000000000000000000000000000000000000000000000000000000000000000
0000000000000000000000000000000000000000000000000000000000000000000000000000000000000000000000000000000000000000000000000000000000000000000000000000000000000000
0000000000000000000000000000000000000000000000000000000000000000000000000000000000000000000000000000000000000000000000000000000000000000000000000000000000000000
0000000000000000000000000000000000000000000000000000000000000000000000000000000000000000000000000000000000000000000000000000000000000000000000000000000000000000
0000000000000000000000000000000000000000000000000000000000000000000000000000000000000000000000000000000000000000000000000000000000000000000000000000000000000000
0000000000000000000000000000000000000000000000000000000000000000000000000000000000000000000000000000000000000000000000000000000000000000000000000000000000000000
0000000000000000000000000000000000000000000000000000000000000000000000000000000000000000000000000000000000000000000000000000000000000000000000000000000000000000
0000000000000000000000000000000000000000000000000000000000000000000000000000000000000000000000000000000000000000000000000000000000000000000000000000000000000000
0000000000000000000000000000000000000000000000000000000000000000000000000000000000000000000000000000000000000000000000000000000000000000000000000000000000000000
0000000000000000000000000000000000000000000000000000000000000000000000000000000000000000000000000000000000000000000000000000000000000000000000000000000000000000
0000000000000000000000000000000000000000000000000000000000000000000000000000000000000000000000000000000000000000000000000000000000000000000000000000000000000000
0000000000000000000000000000000000000000000000000000000000000000000000000000000000000000000000000000000000000000000000000000000000000000000000000000000000000000
0000000000000000000000000000000000000000000000000000000000000000000000000000000000000000000000000000000000000000000000000000000000000000000000000000000000000000
0000000000000000000000000000000000000000000000000000000000000000000000000000000000000000000000000000000000000000000000000000000000000000000000000000000000000000
0000000000000000000000000000000000000000000000000000000000000000000000000000000000000000000000000000000000000000000000000000000000000000000000000000000000000000
0000000000000000000000000000000000000000000000000000000000000000000000000000000000000000000000000000000000000000000000000000000000000000000000000000000000000000
0000000000000000000000000000000000000000000000000000000000000000000000000000000000000000000000000000000000000000000000000000000000000000000000000000000000000000
0000000000000000000000000000000000000000000000000000000000000000000000000000000000000000000000000000000000000000000000000000000000000000000000000000000000000000
0000000000000000000000000000000000000000000000000000000000000000000000000000000000000000000000000000000000000000000000000000000000000000000000000000000000000000
0000000000000000000000000000000000000000000000000000000000000000000000000000000000000000000000000000000000000000000000000000000000000000000000000000000000000000
0000000000000000000000000000000000000000000000000000000000000000000000000000000000000000000000000000000000000000000000000000000000000000000000000000000000000000
0000000000000000000000000000000000000000000000000000000000000000000000000000000000000000000000000000000000000000000000000000000000000000000000000000000000000000
0000000000000000000000000000000000000000000000000000000000000000000000000000000000000000000000000000000000000000000000000000000000000000000000000000000000000000
0000000000000000000000000000000000000000000000000000000000000000000000000000000000000000000000000000000000000000000000000000000000000000000000000000000000000000
0000000000000000000000000000000000000000000000000000000000000000000000000000000000000000000000000000000000000000000000000000000000000000000000000000000000000000
0000000000000000000000000000000000000000000000000000000000000000000000000000000000000000000000000000000000000000000000000000000000000000000000000000000000000000
0000000000000000000000000000000000000000000000000000000000000000000000000000000000000000000000000000000000000000000000000000000000000000000000000000000000000000
0000000000000000000000000000000000000000000000000000000000000000000000000000000000000000000000000000000000000000000000000000000000000000000000000000000000000000
