0000000000000000000000000000000000000000000000000000000000000000000000000000000000000000000000000000000000000000000000000000000000000000000000000000000000000000
0000000000000000000000000000000000000000000000000000000000000000000000000000000000000000000000000000000000000000000000000000000000000000000000000000000000000000
0000000000000000000000000000000000000000000000000000000000000000000000000000000000000000000000000000000000000000000000000000000000000000000000000000000000000000
0000000000000000000000000000000000000000000000000000000000000000000000000000000000000000000000000000000000000000000000000000000000000000000000000000000000000000
0000000000000000000000000000000000000000000000000000000000000000000000000000000000000000000000000000000000000000000000000000000000000000000000000000000000000000
0000000000000000000000000000000000000000000000000000000000000000000000000000000000000000000000000000000000000000000000000000000000000000000000000000000000000000
0000000000000000000000000000000000000000000000000000000000000000000000000000000000000000000000000000000000000000000000000000000000000000000000000000000000000000
0000000000000000000000000000000000000000000000000000000000000000000000000000000000000000000000000000000000000000000000000000002220000000000000000000000000000000
0000000000000000000000000000000000000000000000000000000000000000000000000000000000000000000000000000000000000000000000000000002220000000000000000000000000000000
0000000000000000000000000000000000000000000000000000000000000000000000000000000000000000000000000000000000000222000000000000002220000011100000000000000000000000
0000000000000000000000000000000000000000000000000000000000000000000000000000000000000000000000000022200000000222000000000000000000000011100000000000000000000000
0000000000000000000000000000000000000000000000000000000000000000000000000000000000000000000000000022200000000222000000000002220000000011100000000000000000000000
0000000000000000000000000000000000000000000000000000000000000000000000000000000000000000000000000022200000000000000000000002220000000000000000000000000000000000
0000000000000000000000000000000000000000000000000000000000000000000000000000000000000000000000000000000000000000000000000032220000000000000000000000000000000000
0000000000000000000000000000000000000000000000000000000000000000000000000000000000000000000000000000000000000000000000000002220000000000000000000000000000000000
0000000000000000000000000000000000000000000000000000000000000000000000000000000000000000000000000000000000000000000000000000000000000000000000000000000000000000
0000000000000000000000000000000000000000000000000000000000000000000000000000000000000000000000000000000112200220000222000222000000000000000000000000000000000000
0000000000000000000000000000000000000000000000000000000000000000000000000000000000000000000000000000000112200220000222000222000000000000000000000000000000000000
0000000000000000000000000000000000000000000000000000000000000000000000000000000000000000000000000000000000000000000222000222000000000000000000000000000000000000
0000000000000000000000000000000000000000000000000000000000000000000000000000000000000000000000000000000000000000000000000000000000000000000000000000000000000000
0000000000000000000000000000000000000000000000000000000000000000000000000000000000000000000000000000000000011100000000000000000000000000000000000000000000000000
0000000000000000000000000000000000000000000000000000000000000000000000000000000000000000000000000000000000011100000000000000000222000000000000000000000000000000
0000000000000000000000000000000000000000000000000000000000000000000000000000000000000000000000000000000000011100000000000000000222000000000000000000000000000000
0000000000000000000000000000000000000000000000000000000000000000000000000000000000000000000000000000022200000000003000000000000222000000000000000000000000000000
0000000000000000000000000000000000000000000000000000000000000000000000000000000000000000000000000000022200000000000000000000000000000000000000000000000000000000
0000000000000000000000000000000000000000000000000000000000000000000000000000000000000000222000000000022200000000000000000220000000000000000000000000000000000000
0000000000000000000000000000000000000000000000000000000000000000000000000000000000000002222000000000000000000000000000001220000000000000000000000000000000000000
0000000000000000000000000000000000000000000000000000000000000000000000000000000000000002222222222000000000000000000000001100000000000000000000000000000000000000
0000000000000000000000000000000000000000000000000000000000000000000000000000000000000002220222222000000000000000000000000000000000000000000000000000000000000000
0000000000000000000000000330000000000001333300330000000000000000000000000000000000022200330222332330000000030000000000000011100300000000000000000000000000000000
0000000000000000000000000330000003333331333311330000330000000000000000000000000000022222332222332330330000220000000000000011100000000000000000000000000000000000
0000000000000000000000000000033333333331113111330000330000000000000000000000000000022332332223322220330000220002200000000011100000000000000000000000000000000000
0000000000000000000000000003331111111110111111333000111000000000000000000000000002220332002223302222022200220002222000000000000000000000000000000000000000000000
0000000000000000000000000333331111111110111000333000111111000000000000000000000002220222000000000222022200000000222110000000000000000000000000000000000000000000
0000000000000000000000000333111111111110111001113000133111000000000000000000000002220222000000000222022200002200222110110000000000000000000000000000000000000000
0000000000000111000000333333000000000000000001110333033111111000000000000000000000000000000000000222000000002200000000111100002200000000000000000000000000000000
0000000000000111000000111000000000000000000001110333001110133000000000000000000000003300000033333322200011000000000000001111102200000000000000000000000000000000
0000000000000111000000111203300000000000000000022233031110133000000000000000000000003300000222333322200011000000000000000011100000000000000000000000000000000000
0000000000000000000111111233300000000000000000022200031110111333000000000000000000223322200222333322222200000333000000000011100000000000000000000000000000000000
0000000000000000000111023333000000003000000000022200111300001333000000000000000000223322222222000333022211000333000000000000000000000000000000000000000000000000
0000000000000000111111003330000000000000000000000000111000001110000000000000000000233322222223302222322211000333000000022200000000000000000000000000000000000000
0000000000000000111200000000000000000000000300000000111333001113330000000000000000033300222203332222322200220000000000022200000000000000000000000000000000000000
0000000000001113111200000000000000000000000000000000000322200003330000000000000000000000022203332222322202220000000000022200000110000000000000000000000000000000
0000000000001113322200000000000000000000000000000300000322200000000000000000000000000000000003333333330002211100000000022200000110000000000000000000000000000000
0000000000001113300000000000000000000000000000000000000022200003300000000000000000000000000000003333333000011100033300000000000000000000000000000000000000000000
0000000000011113000030000000000000000000000000000000000333000003300000000000000000000000000000000333333000011100033300000000000300000000000000000000000000000000
0000000001111100330000000000000000000000000000000000000333000000000000000000000000000000000000000333333000000000033300000222000000000000000000000000000000000000
0000000001111100330000000000000000000000000000000000000333011100000000000000000000000000000000000333330002200000000000000222000222000000000000000000000000000000
0000000001111100000000000000000000000000000000000000000001111133330000000000000000000000000000000033333302200000011100000222000222000000000000000000000000000000
0000000333330000000000000000000000000000000000000300000001111133330000000000000000000000000000000003333301100000011100000000000000000000000000000000000000000000
0000000311100033000000000000000000000000000000000000000001111111000000000000000000000000000000000003333302222000011100000000000000000000000000000000000000000000
0000000311100033003000000000000000000000000000000000000001111000000000000000000000000000000000000003330002222000000000000000000000000000000000000000000000000000
0000000011100000000000000000000000000000000000000000000001111000000000000000000000000000000000000003333000110000000000110000000000000000000000000000000000000000
0000333011100000000000000000000000000000000000000000000031111000000000000000000000000000000000000003333300110000000000110000000000000000000000000000000000000000
0000333000111000000000000000000000000000000000000000000331111000000000000000000000000333333000000000333300022000000000022000000000000000000000000000000000000000
0000333000111000000000000000000000000000000000000000000331110000000000000000000000333333333300000000333220022000000000022000000000000000000000000000000000000000
0000000001111300000000000000000000000000000000000000000331111100000000000000000000333331113330000000333220000000003322200000000000000000000000000000000000000000
0001111111110000000000000000000000000000000000300000033111113300000000000000000003333331113333000000033300000000003322200000000000000000000000000000000000000000
0001113311110000000000000000000000000000000000000000333111333300000000000000330031113331113333000000033312200000003322200011000000000000000000000000000000000000
0001113311100000000000000000000000000000000000000003333113330000000000000000330333113333333333300000033312200000003322200011000000000000000000000000000000000000
0000000000000000000000000330003300000000000000000033332223300000000000000000330333113003303333300000033300000000003322200000000000000000000000000000000000000000
0000000000000000000000000333333333333000000000000331112223300000000000000000000333333000003333300000033330000000000022011100000000000000000000000000000000000000
0000003300000000000000000333333333333000000000003331112220000000000000000000000333333000003333300000033331100000000022011100000000000000000000000000000000000000
0000003300000000000000003330033330033300000000033331112220000000000000003333000000333000000333300000003111100000022222011100000000000000000000000000000000000000
0000033300000000000000003300003333333300030000322230033220000000000000003333000000000000000333300000003220000000022200000000000000000000000000000000000000000000
0000033100000000000000000000000333303330030003322230033000000000000000000000330000033000000333300000003220000000022200000000000000000000000000000000000000000000
0001111100000000000000000000000333300333303331112200000000000000000000000000330033033000000333300000003322000000001110000000000000000000000000000000000000000000
0001110000000000000000003300000333300333333331112220000000000000000000000000000033000000000011100000003322000000001110000220000000000000000000000000000000000000
0001110000000000000000003300003330000033333311111110000000000000000000000000000000000000000011100000003113000000001110000223300333333330000000000000000000000000
0000000000000000000000000333333330003333333011111110000000000000000000000000000003330000000011100000003122000000000000000033333333333333000000000000000000000000
0000000000000000000000000333333333330333332211111110000000000000000000000000000003333300000033300000003322000000110000000222333322233333000000000000000000000000
0000033000000000000000000000000033333333001110033100000000000000000000000000000003333333300033300000003331100003110030003222333322222222330000000000000000000000
0000033000000000000000000000000000033330001110033000000000000000000000000000000003333333300031110000003331100003330000033222300022222222330000000000000000000000
0000033000000000000000000000000000033311101110000000000000000000000000000000000000003333330031111000003333000003330000333330000002200222333000000000000000000000
0000033000000000000000000000000001112211110000000000000000000000000000000000000000000333330031111000033330000000000000333330000002200032223000000000000000000000
0000003000000000000000000000000001112211110000000000000000000000000000000000000002200311330333111000033330000000000000333000000000000032223330000000000000000000
0000003000000000000000000000000001112221110000000000000000000000000000000000000002200011330333111000033330000000000000333300000000000002223330000000000000000000
0000033000000000000000000000000003333000003300000000000000000000000000111000000111000003330333111000333330000000000000333300000000000003223330000000000000000000
0000033000000000000000000000000033333000003300000000000000000000000333111223333111300033330033111000333110000000022200333300000000000000222300000000000000000000
0000000000000000000000000000000033331110000000000000000000000000000333122223223122332233330033111000333110000000122220333302200000000000322230000000000000000000
0000000000000000000000000000000333301110000000000000000000000000000333022322223322332233330000111103332200000000122223333302200000000000032230000000000000000000
0000000000000000000000000000000333111111100000000000000000000000000000333322333333311133330000111103332200000000122203333303300000000000032220000000000000000000
0000000000000000000000000000000333111111100000000000000000000000000002233333333333311133330000011103333000003330022203333003300000000000002220000000000000000000
0000000033000000000000000000003333111111100000000000000000000000000032233333333333222133330000000333333000003330023300000000000000000000002220000000000000000000
0000000033300000000000000000033311100000000000000000000000000000000223322330022000222333300000003333333000003330023300000000000000000000003330000000000000000000
0000000003300000000000000000003311100000000000000000000000000000000223322000022000022333333333333333333000000000233000003333300330000000003330000000000000000000
0000000000000000000000000000303311100000000000000000000000000000000223330011100011122333333333333322230000000000233000003333300330000000022330000000000000000000
0000000000000000000000000000303311100003300000000000000000000000000033222011100011122223332223333322200000000112200000000000000000000000022230000000000000000000
0000000000000000003000000000303311100003300000000000000000000000000022222111100011133223332223333311000000000112200000000000000000000000022230000000000000000000
0000000000000000000000000000003311100000000000000000000000000000000022330111000000033223332221113311000002220122200000000000000000000000022230000000000000000000
0000000000000000000000000000003311122000000000000000000000000000000033322111000000000223333331112223300002220022200000000000000000000022233330000000000000000000
0000000000000330000000000000033300222000000000000000000000000000000033322111000000000333322331112223300002230022200000000000000000000022233330000000000000000000
0000000000000330033000000000033301111000000000000000000000000000000003333111000000000332222331112223330000000022203300000000000000022022233330000000000000000000
0000000000000000033000000000033333111000000000000000000000000000000000333330000000000332222211113333330000000022203320000000000000022022233300000000000000000000
0000000000000000033000000000033333111000000000000000000000000000000000333333000000111322322211113333330000000022203320000000000002220322232200000000000000000000
0000000000000000033000000000111300222000000000000000000000000000000000333333300000111322332211123333333000002222220000002200022002223333332200000000000000000000
0000000000000000000000000300111311122000011100000000000000000000000000322333300000111333332222233322233000002222220000002200022222222233300000000000000000000000
0000000000000000000000000000111311122000011100000001110000000000000000022233330000033333332222231112233330002222222220022222332223332233000000000000000000000000
0000000000000000000000000000033311100113311100000001110000000000000000032213111000033333333322231112231131130022232220022222332223333300000000000000000000000000
0000000000000000000000000000033330000113303300000001110000000000000000001112211000333333333111111113331122133330032220022222333333330000000000000000000000000000
0000000000000000000000000000003333002111003300000000000000000000000000001112211111333333333111111133322223322223333223332233333333000000000000000000000000000000
0000000000000000000000000000003333302220002330000000000000000000000000222000000111333333333111332222222223322222233223333033300000000000000000000000000000000000
0000000000000000000000000000000333332220002332220000222000000000000000222000000111333333322233322222233233233233223333332233300000000000000000000000000000000000
0000000000000000000000111000000033333331102222220001112000000002220001112000000033332233322222222333333333333233220000002220220000000000000000000000000000000000
0000000000000000000000111000000003333333100002220033312001110002220001110000000333232233322222333333333333332222110000000221220000000000000000000000000000000000
0000000000000000000000111000000000333333100111033033310001110002220001110000003333331233222233333333332222233201110000000011100000000000000000000000000000000000
0000000000000000000000000000000000003333330111033333033001113333000000000000033333332222222233322333322222233000000000000011100000000000000000000000000000000000
0000000000000000000000000000000000000333333111003333033033033333000000000003333333322222222222022222220000000000000003300031101110000000000000000000000000000000
0000000000000000000000000000000000000003333333331110033033033110000000000033333333322222222220022000001111101111111100000000001110001111100000000000000000000000
0000000000000000000000000000000000131000333333333333331113111133222333333333333333322222202220000111001111331111111100000111001110001111100000000000000000000000
0000000000000000000000000000000022111000003333333133331111111133222333333333333333322220002210000111001311101111111100000111300000001111100000000000000000000000
0000000000000000000000000000000022111000000003333133333333111333333333112233333223322330001110000111000000000000000000000111000000000330300000000000000000000000
0000000000000000000000000000000000000000000001111330003333113333333333112233233223222330000000000000000000000000000000000000000000000000000000000000000000000000
0000000000000000000000000000000000003022000001110330110000033333333322122223322233220000000000000000000000000000000000000000000000000000000000000000000000000000
0000000000000000000000000000000000003022000001110000330000033333223322322223333333300000000111000000000000000000000000000000000000000000000030000000000000000000
0000000000000000000000000000000000000000000001110000330000003303223333333331130000000000000223000000000000000000000000000000000000022000000000000000000000000000
0000000000000000000000000000000000000000000000000000000110000000022000333333000000000002200221000000000000000002222200000000000000022000000000000000000000000000
0000000000000000000000000000000000000000000000000000000110000000122000000000000001222002200000000000000000000002222200000000000000001110000000000000000000000000
0000000000000000000000000000000000000000000000000000000000000000110000000000000221222000000000000000000000000000000000000000000000001110000000000000000000000000
0000000000000000000000000000000000000000030300000000000000000000111000000000000221220000000000000000000000000000000000000000000000001113000000000000000000000000
0000000000000000000000000000000000000000000000000000000000000000111000000000000000030000000000000000000000000000000000000000000000001110000000000000000000000000
0000000000000000000000000000000000000000000000002200002200003000111000000300000000000000000000000000000000000000000000000000000000001110000000000000000000000000
0000000000000000000000000000000000000000000000002200002220000022000000000000000000000000000000000000000000000000000000000000000000000000000000000000000000000000
0000000000000000000000000000000000000000000000000000000220000022000000000000000000000000000000000000000000000000000000000000000000000000000000000000000000000000
0000000000000000000000000000000000000000000000000000000000000000000000000000000000000000000000000000000000000000000000000000000000000000000000000000000000000000
0000000000000000000000000000000000000000000000000000000000000000000000000000000000000000000000000000000000000000000000000000000000000000000000000000000000000000
0000000000000000000000000000000000000000000000000000000000000000000000000000000000000000000000000000000000000000000000000000000000000000000000000000000000000000
0000000000000000000000000000000000000000000000000000000000000000000000000000000000000000000000000000000000000000000000000000000000000000000000000000000000000000
