0000000000000000000000000000000000000000000000000000000000000000000000000000000000000000000000000000000000000000000000000000000000000000000000000000000000000000
0000000000000000000000000000000000000000000000000000000000000000000000000000000000000000000000000000000000000000000000000000000000000000000000000000000000000000
0000000000000000000000000000000000000000000000000000000000000000000000000000000000000000000000000000000000000000000000000000000000000000000000000000000000000000
0000000000000000000000000000000000000000000000000000000000000000000000000000000000000000000000000000000000000000000000000000000000000000000000000000000000000000
3333333333333333333333333333333333333333222233333333333333333333333333333333333333333333333322333322122223333333333333333333333333333333333333333333333333333333
3333333333333332323233333333333333333333232232333333333333333333333333333333333333333333333323333221222222223333333332333332323232323232323232323232323323232333
3333333333333333232323333333333333333333233232222333333333333333333333333333323223333333332233333221222222222233233323232323232223222323232323232323232232323232
3333333333323333332323333333333333333333233333232323333333333333333333333333232323332333322333333322122322232233332332323322322322232222222232223232223232323233
3333333333333333323333333333332323333332233333323333333333333333333333333333333323332232233333333332212122222322323323232323223223222232323223232222222223232323
3333233333333333333233333333333233333332333333332333333333333333333333333332333233223223333333333333332222222222233332323322322322222222222322222222222222323233
3333332333333333323323333333333232233332233333332333333232333333333333333333323232333333333333333333332222222222222223232323223222222223222222222222232323233333
3333223333333333332233333333333232322232323333333333333332323333333333333333323223333333333333333333222222222222223232323322222222222222222222223333323333332323
3333232333333333323233333333333232232222233333333333333333333323333333333332323333333333333333333221222223232232322323232322222222222222222233333232332323233233
3333323233323333333333333333333223322323223333333333233233333333333333333332233333333333333332222222222222232322222223233223232323232323233323232323223232323323
3333332323233333333333333333332323232322232233333333332323333333333333333333333332223333333332222222222122222322222232323323232323233232323232323232323232322232
3333333332323333333333333333332232322232322322333333333333333333333333333333333323322333333222222222121121222222222222323232323232323223232323232322222222222222
3333333333233333333333333333333232323223232232233333333333333333333333333333233333332333332222221111111111111122222222233223232323232322322222222222222222211110
3333333333333333333333333333332323232322333323323333333333333333333333333332333333323333322222211111111111111111222222323332322232322222222222222222211100001010
3333333333323333333333333333332232323232233333333233333333333333333333333323333333333333222221111211111111111111112222233323222222222222222222111100000000001000
3333323333322223333333333333332323232323233323333332333333333333333333333333333333333332222211111111111111111111111121223332222222222111110000000000000000100010
3333233333322323333333333333333232323232333333333333333333333333333333333333333333333332222111111111111111111111111112122323210010000100000000000100000000000000
3333333333232223333333333333333232322323233333333332333333333333333333333333333333333322221111111111111111111111111111222222210000100100000000000000000000000000
3333333333322323333333333333333233232322333333333333232332333333333333333333333333332222211111111111111111111111111111122232320010010100000000000000000000000000
3333323233323232333333232333333222323233233333333333333323333333333333333333333333322222111111111111111111111111111111112223221010100100000000000000000000000010
3333333333322323323323333333333233232322323232333333333333333333333333333333333332222222111111111111111011111111111111111222221011010100000000000000001100000111
3333333333332232333332332333333233232323233332323332333333333333333333333333333322222221111111111111110111111111111111112122222011000100000000000000111100000111
3333222323332222323323333333333332332333323333232323333333333333333333333333333323222221111111111111111111111111111111111222222111101001000000000000111101000111
3333323232232232333332333333333223223233323333232323333333333333333333333323333232222211111111111111111111111111111111112122222221010100000000000000111111111112
3333222333323223233323233333333232322333323333333332333333333333333333333323332322222111111111111111111111111111111111111222222221100100000000000000001122121222
3333323232332222232332323333333233232333323333333333333333333333333333333333323222222111111111111111011111111111111111111212232221101000000000000000001121122122
3333332323233222323333333333333322323233323333333333232333333333333333333333332223222111111111111110101011111111111111111122232322110100000000000000011112122222
3333333333333222222333333233333323222323223333333333333323333333333333333332323232222111111111111001010101111111101111111122233222111000000000000000001111212212
3333333333333322223233333333333232232232222332333333333333333333333333333332332222221211111111110100000011101011011111111112223322210101111100000000011111121122
3333333333333322222232323233333322322323222332333333333333333333333333333323322322221111111111111000000001010101010111111111223332211011010010000000011112211121
2233333333333332323223332333333332223232222332333333333333333333333333333333232322212111111111112221111000001010101011121222223332211010000000000000111212122212
2333333333333333232333333233333333333333232323333333333333333333333333333333332222221112223333333333333322110101011122333333333332111111111010010000112112112121
2233333333333333323223333333333333333333322333232333333333333333333333333333323222210023333221111111112233331000023333322222233333321101000000011011121111011212
2233333333333333332333333333333332333333323333333232333333333333333333333332333222210012321111100101111112332000023321111112223233333011111000011011112121111122
2223333333333333323233333333333333232333322333333333333333333333333333333333322222310033211111110111111111133000033111111112222222333101010000011112121212111212
2233333333333333333333333333333333333333332333333333333332333333333333333332322233310033111111111111111111123000033111112222223223233111010001011111212121111222
2233333333333333333333333333333333333333332333333333333333333333333333333333322323321132111112121212111111123111132112232222222223323111111111011112121212222222
2233333333333333333333333333333333333333332333333333333333333333333333333333222223323233111122233221111111123111223113232122222333333111111111112111212121212221
2233333333333333333333333333333333333333332333333333333333333333333333333333222233221332111221232321111111133111233112322122222333333111111111121121212212222212
2233333333333333333333333333333333333333332333333333333333333333333333333333223232221232112121122211112111232111122211122222222333323112121111212112121212122221
2233333333333333333333333333333333333323323333333333333333333333333333333333223332211233111111111111111111232111123211111122222333223121111111121211212121221212
2233333333333333333333333333333333333333332333333333333333333333333333333333333322221132111110011111111111331111123311111112222222222212121121212112121212212121
2233333333333333333333333333333333333332323233333333233333333333333333333323333222212122111111111111111112321111112321111111222222132121211212121212121221212112
2222323233333333333333333333333333333333332323232332332333333333333333333323333222221123111111111111111113211111112332121212122222232112112121212111212122121221
2222222222222222222232333333333333333333333333332333333333333333333333333223333322212113211111111111111133111111112233211121212222231211212121221212121221222212
2222222222222222222222222223322232323333233333332333333333333333333333333223333322221112301111111111112321111111111223321111222222322112121212122121212212212121
2222222222222222222222222223322233322232211233333333333333333333333333333223232322222111232111111111233211112111111211233221212223212121211121212112121222222222
2222222222222222222222222223322233333332111123332333333333333333333333332222223222221211112222323333211011121111111121112333333332122212122222222223233333333333
2222222221112222222222222223322233333331111113333333333333333333333333333322221222222111111111111111010011211111011111111111212222333333333333333333333323222222
2223232212111222222222222223322233332321111112332333333333333333333333333322112222222111111111101010100112111111001122111111112223332322222222222222121222222222
2222222221111123222222322232332333323211111112333333333333333333333333333321111222222111111111010100010111111111111122111111112222222222222222222222222222222222
2222222221111123332322222323322223232211111111132333333333333333333333333331112212222211111110100000101111111111111122111111111211222222222212222222222222222223
2222232221111123333233322333332323223211011111113333333333333333333333333322111112222121111111010101010112112221111211111111112222222222222232323232323233333333
2233333221111113333333322333323333232110111111112333333333333333333333333332221121222211111111101010101011111111211121111111122232323232332323232323232333333323
2223233321110112333333322333233333221110111111112333333333333333333333333333222112222221111111011010101111111111111111111111122232323232323232323232323323333333
2233333331111112333333322233333333221101011111112333333333333333333333333333322112222212111111110101011111111011101111111111222323232323232323232323232333333323
2223222121110111333333322333333333211000111111112333333333333333333333333333332111222221111111111010111101101011011111111111222323223232222222223222323223333323
2223321112110011233333332233332333210001111101113333333333333333333333333333333222222112111111111101011111010111101111111111223332322222222222233232323333333333
2223211111100101232333322232222232100000111011113333333333333333333333333333333333322211111111111010101111111111111111211111223333233333333333333333333333333323
2223211111110001133333322222223232101001111010122333333333333333333333333333333333332211111111111101011111112222222222211111223332323232323232323232232323232333
2223211111110010132333333333333321010001110101123232333333333333333333333333333333332221111111110110112122221112121222211111223233333333333333333333333333333333
2223211111110001123333333333333321000011110011122323232333333333333333333333333333332211111111111101111111111111112222111111223332323232322222222222333333333333
2223211011110000113333333333333210100101100001132332333333333333333333333333333333333221111111110101011111111111111111111112233222222222222323232333333333333333
2333211101111001013333333333333211010011100101132323232333333333333333333333333333333221211111111010101111111111111111121112233333333333333333333333333333333333
3333211011111010112333333333332110100111010011223232323333333333333333333333333333332322111111110100111111011111111111211112333333333333333333333333333333333333
3333311101111011011333333333332010001011000101232323233333333333333333333333333333332322111111111101011010100111111111112122333333333333333333333333333333333333
3333311010111101011233333333331000001111000011232323323333333333333333333333333333332222211111111011111101010111111111121223333333333333333333333333332323232323
3333311000111000000133333333320101001110101011323233333333333333333333333333333333333222211111111111111111101011111111212223223232323232232222222232223232323233
3333311001011001001123333333310000010110000111332333333333333333333333333333333333333222221111111111111111010101011111122232332323232323323233333323332333333333
3333320000101000000123333333210010101100101112333333333333333333333333333333333333333212222111111111111111100010111111222333233332333333333333333333333333333333
3333321001011010100013333333100100011100000113333333333333333333333333333333233333333211222221111111111111010101111111223333333333333333333333333333333333333333
3333321110111100000013333332101001012000001113333333333333333333333333333333233333333211112222111111111111111011111111223333333333333333333333333333333333333333
3333321100001110100002333331000101112000000123333333333333333333333333333333233333332211111122222111111111111111111112233333333333333333333333333333333333333333
3333331100000111000011233310101011121000001123333333333333333333333333333333323333332211111111222222222111111111111122333333333333333333333333333333333333333333
3333331100001111010000000000010111121000010133333333333333333333333333333333322333322221111111111222222222111122222233333333333333333333333333333333333333333333
3333331100000111100000000000101011221000001123333333333333333333333333333333333332222211111111111111222222222222233333333333333333333333333333333333333333333333
3333332010001111000000000100000111210000011233333333333333333333333333333333323222222211111111111111111212222222222233333332222333323333333333333333333333333333
3333332100011111100101010001010010100000101333333333333333333333333333333333222222222211111111111111111111112122222223333332222222233333333333333333333333333333
3333332100001111010000101000000000010100112333333333332323233333333333333322221222222211111111111111111111111112222223333333222222222333333333333333333333333333
2333333101010110101010000010100001000001012333333333333233333333333333322222121212122211111111111111111111111122222112333333222222222233333333333333333333333333
2333333110001001010101001001000000010010113333333333332323333333333332222121112121212211111111111111111111111112221121333333212122222223333333333333333333333333
2333333110000100101010000010010000100001013333333333332332333333332222111111111111222212111111111111111111111122221111233333311212122222333333333333333333333333
2333333110100010110100000100101000000000113333333333233233333333322111111111111111112211111111111111111111111222221111133333321121212222233333333333333333333333
2233333111001001011010000001010000000101113333333333333333333333211111111111111111121211111111111111111111111222211111123333321111121222223333333333333333333333
2333333110100010101010000100100100100000112333333333333333333333321111111111111111112121111111111111111111112222211111123333321111112122223333333333333333333333
2233333111000001010100000010010010000010123333333333333333333333332111111111111111111211111111111111111111112222111111113333331111111212222333333333333333333333
2333333111010010101010001000101001000001123333333333333322233333333111111111111111111111111111111111111111121222111111113333331111111121222333333333333333333333
2233332111000101010101000000000100100010123333333333322222222333333211111111111111111111111111111111111111112222111111113333331111111112122233333333333333333333
2233332111101010101100000000010010010001133333333333222222222233333311111111111111111111111111111111111111222222111111113333331111111111222233333333333333333333
2233332111010101110000000000000101000010123333333322222222221223333321111111111111111111111111111111111111122222121111112333332111111112122233333333333333333333
2323332111001010001000000001001000000001123333322222222212112123333331111111111111111111111111111111111111222222111111112333332111111111212233333333333333333333
3233332110100001010100000010000000000101123333322222221211111112333332111111111111111111111111111111111121222221211111112333332111111112122233333333333333333333
3333331110001010101001001000000000001011123333222222112111111111333333111111111111111111111111111111111212222212111111112333332111111111222233333333333333333333
3233331110100101010100000000001000000111123332222212111111111111233333211111111111111111111111111111112122222121111111112333332111111121222233333333333333333333
3333331111010101101010000000010001011111112211111211111111111111133333311111111111111111111111111111211222212111111111112333333111111212122233333333333333333333
2233331110101010101000000000100010011111111111111111111111111111123333311111111111111111111111111121222221121111111112112333333111111121222233333333333333333333
3333331111010101010100000000000001111111111111011111111111111111113333321111111111111111111111111112122121121111111121112333333111112122222233333333333333333333
3333321110100101010001000000000100121111111110100111111111111111113333331111111111111111111111111121211211111111111112112333333111111212222333333333333333333333
3333321111010101101010000000000011122111111011000111111111111111112333331111111111111111111111111212111111111111111121112333333111121222222333333333333333333333
3333321110101010100100100000000101022111111110001111111111111111112333332111111111111111111111111111111111111111111211112333333111212122222333333333333333333333
3333321111010101010000000010001010112211111111011111111111111111112333332111111111111111111111111111111111111111111211112333333111121222222333333333333333333333
3333321111101010101010000100010101011222111111111111111111111111111333333111111111111111111111111111111111111111112121112333333212122222223333333333333333333333
3333321111010101101001001000100010111112221111111111111111111111111333333111111111111111111111111112111111111111121211112333333211222222223333333333333333333333
3333322111101011010100100101010100101111122221111111111111111111111333333211111111111111111111111111111111111111212111112333333212222222223333333333333333333333
3333331111110101101010001010101010101110111111111111111111111111111333333211111111111111111111111111111111111111121111113333333212222222223333333333333333333333
3333332111111011010101010101010101010111111111111111111111111111111333333211111111111111111111111111111111111112121211112333333222222222233333333333333333333333
3333332111110110101010101010101010101011111011111111111111111111111333333311111111111111111111111111111111111121211111113333333222222222233333333333333333333333
3333332111111101111101010101010101010101010101011111111111111111111333333311111111111111111111111111111111111211212111113333333222222222233333333333333333333333
3333332211111011111010111010101010101010101101111121111111111111111333333311111111111111111111111111111111111121111111113333333222222222233333333333333333333333
3333332111111111111111110101010100010101011111111211111111111111111333333321111111111111111111111111111111112112121111113333333222122222333333333333333333333333
3333333211111111111101111110101010101010101111112111111111111111111333333321111111111111111111111111111111121121111111113333333222222222333333333333333333333333
3333333211111111111111111011010101010111111111122111111111111111111333333331111111111111111111111111111112112112111111113333333212222223333333333333333333333333
3333333221111111111111111110101010111111111112232111111111111111111333333331111111111111111111111111121121121211111111123333332222222223233333333333333333333333
3333333222111111111111111111111111111111111233321111111111111111112333333331111111111111111111111111211212112121211111123333332222222223333333333333333333333333
3333333222111111111111111111111111111111122333211111111111111111112333333332111111111111111111111112112121212112111111123333332222222232333333333333333333333333
3333333322121111111111111111111111111112233221111111111111111111112333333332111111111111111111111121212121212121111112123333332222222233333333333333333333333333
3333333322211111121221111111111111112223322111111111111111111111113333333333111111111111111111121212121212121211111121223333322222222233333333333333333333333333
3333333322222221212112121211111111222333211111111111111111111111113333333333111111111111111112112121212121212111111111223333322222222323333333333333333333333333
3333333222222222221121212122212122223321111111111111111111111111123333333333111111111111111211221212121212121211112121223333322222222333333333333333333333333333
3333333222222222222211111122222222332111111111111111111111111111123333333333211111111111111112111121212121211111111111233333322222222333333333333333333333333333
0000000000000000000000000000000000000000000000000000000000000000000000000000000000000000000000000000000000000000000000000000000000000000000000000000000000000000
0000000000000000000000000000000000000000000000000000000000000000000000000000000000000000000000000000000000000000000000000000000000000000000000000000000000000000
0000000000000000000000000000000000000000000000000000000000000000000000000000000000000000000000000000000000000000000000000000000000000000000000000000000000000000
0000000000000000000000000000000000000000000000000000000000000000000000000000000000000000000000000000000000000000000000000000000000000000000000000000000000000000
