0000000000000000000000000000000000000000000000000000000000000000000000000000000000000000000000000000000000000000000000000000000000000000000000000000000000000000
0000000000000000000000000000000000000000000000000000000000000000000000000000000000000000000000000000000000000000000000000000000000000000000000000000000000000000
0000000000000000000000000000000000000000000000000000000000000000000000000000000000000000000000000000000000000000000000000000000000000000000000000000000000000000
0000000000000000000000000000000000000000000000000000000000000000000000000000000000000000000000000000000000000000000000000000000000000000000000000000000000000000
1111111111111111011100000010000000011111111111111111111111111222111111111111111111111000000001000000000000000000000110133311111000000000000000001122223333333333
0110111011011101111010000010000000011111111111111111111111111121101100000000000000000000000001010000000000000000011000133311111000000000000000001212212122333333
0101110111111011010000000111010000111111111111111111111111100101000000000000000000000000000001101000000000000000200000223312111110000000000000011121221110113333
1111101110110111101010000001000010011111111111211111111111100000100000000000000000000000000001010000000000000011000000132311100100000000000000001212212110100123
0111011101101110111111110011010000010111111111111111111111100000010000000000000000000000000001100000000000000200000001223322232122111010000000001021211110101011
1110111011111101101111111111000000011111111111111111111111110000001000000000000000000000000001000000000000011000001011223312222222333323222221111111111211110122
1111110111011011110000001111000000010111111111111111111111100000000010000000000000000010100001010001010101101010010101223322121222323332222323332323222221212232
1111011110110111010000000000010000001111111111111111111111110000000001000000112111111101011010101010101111000000000000223312212212333233222133332223233233232232
1110110101111110110000000000000000001111111111111111021111110101010110101001010000000000010001010000001100000000000001123321222122232332322233312232332332333321
1111101111011011101101010000000000000111111111110000111111111011101101010100110000000101120000101000011000000000000012123312212222233323333332223323323333333233
1111011101110111011110100001011010000101111100000010011111110100000000001000110000000121211000110001100000000000000021123322122122232333333233333233333333333333
1110111011011101110101110110110111011111000000001111012111110000000000000000010000001100011000101010000000000000000022123321221221223333233333332333333333323222
1111101110111011101000000000010100111000000111111121011211110000000000000000111000110010011000101000000000000000000222132322222212223332333323233322222111110101
1111011011101110110101000010000000000000111100010111012222110000000000000001000000110000011000101000000000000001100332212232322222223323322221110011010110111111
1111110110111011101021101010000000000011101101000011011221110000000000000010010000010111221000101000000000000012020323001123233221212111010000011011112112111111
1111111101101110110101010010000000000011011010000011002222111000000000000000000000000011111000010000010000000113121322110021110101010010101111111211211212121211
1111110111011011011010100100000000000010101100000001011222110000000000000000000000000000000000101011101111111121111100000100010111111111212121212121212121111121
1111111010110110110110110000000000000001010000000010101222111000000000000000010000000000000111101111121212121101000010111011211111112121121112111211121111212111
0111110111101101101101100000000000000001000000000001001231111000000010010110012100000000000001010111122212100101011111111121212121211111211211121112112121121121
0111111101011011011010000010000000000001000000000001101222111011101111111100011100000000000001101010221211011111111111121212111211112121112112112121121112111211
0112111011111110111011100100000000000001000000000001100222111111010010000000002110111100000100101111122120111212111121112111121121121111211121121111211211121111
1111111111110111110111011010000000000001000000000011101132111001000010001000001000011110010111010110221201121211111211121112112112111212112111211212121121211211
2101111111011111101101111100000000000001101010101001200121111001000000000000002101011111122101011001121111112111112111211121121211211111121121112111212111112111
2111110110111101111011111100000000000001111110101101101112220100000010111000001000011120112101010101122111211111211112112111212121112121211211211121121121211121
1210111111111011101101111110000000000000111101011101102122221100000000111000002000001100002101011000222112122122212221121112111211211111111112112111211211112111
2211101101101111011101101110000000000000111010101101101212221100000000111000001110121100012100010101122121121223232211111121121112112121212121111121112112121111
2120111111111101111011110010000000000000110110111111110221222100000000112000001100101212222111010100221111212221232221112111112121121111111211121211211121111211
2112011011011011101101011001000000000000101001011010100112122100000011111000001212121211110101001010121111121221223312121112111211211121121111211112112111211111
1211111111110111011011110100000000000000100101101111110021121200000112111100000111000000000101011212211211211222233221111121121112111211211121112111121112112121
1211110110111110111101121101000000000000101010011110110011112200000212112000001000001011111122232221111111112133332212112111112121212111111211121121211121111111
1121111111101101110111211010100000000000010010111010110011112210000122111100111122232323233222211010111111211213232121111121221221212122121112111111112111212121
1021101101111011101101121010100000000000100011011010110011112220000211010010023333232221111111111111011111121121111211121212122122121212121211121121211121111111
1112111011010121211011111100100000000000010110110111110011112220002111011111112111201111222222220100111111211211211111212121212212222221212121211211112111212121
1101111111111112111110111010100000000000010101111110110010112221002110111111121222222222222122211101011111111111111121212122132323223232221212111112111121111211
2111111101101111211010211110100000000000010011110111010001112121111011121222222222221211111111111010111111211211121112121222322221222322322221212121121212122121
2211111011011021211110101110010000000000010000111101001111111112122222222222212121112112212121211101011111111111211212122323222212322223232212122122212122222222
2210110111110112120101001110100000000000000010011111112122222222222222222212122222222222122112110110111111121112111121223232222223222123223222212221222221222212
2111111110111111121110010100010000000000010001111222221212122121212222221221212222221221221111111111111111211121112121222212121232232332321222122111111212121222
1111101101110112121011000100100000000000001010011221111111222222222222221212122222121111211111201110111111111211111212222232222222322212132122212112121111212111
1111111011101111110101000010010000000000001000101121221212122222222222222222212111111111011111111011111112112111121212312222223222222231222222121211111212111111
1101010110101010100101000100010000000000001001011212222121221212221212111111111201000000000011111000001111111111112122222121212121212212233122222112112111121211
0011101101011101110011011001001000000000001010111122122221212121112112111010000100000000000000000000001111121112112122321212232122232222223232212111121121211111
0101011011110111101011111100000000000000001101011121222122111122332333323212222120110111211122331211131211211121112121321232212212122223222231212121111211111211
0011110111101111111011111101000000000000001011111212222221213333222212121333333332222222232232322222221111111111121212222222222232332333333322121211212111211111
0110101111111111111101111110000000000000001011111212222212121111111111212232222233222222222222222221211112111211112122333333333333223222332321222111111121112111
0011111111111111111101111111212101000000000101001122122111111111111112122222222222322222232322222221211121111111121212332312221232222222232222121211212111211121
1111111111111112111110101000011110100000000100010221220112111111111121222222222223222222223222222222121111112111211212223232323323223232331231212112111112111211
1111111111111111111112121121012110110000000100101212102120111111012212212212222232322222232322222222211111121111112121312312121322221212231222221211112121112111
1111111111111121111221212121111211010000000101001111112111111110212122122222222323232222222222222222121112111112111212322232223313323233322322122111211111121111
1111111111121111112112121212012110100000000100000210110111111112121221222223333332322222222222222222211111111121112121322222323221232322222232212112111211211121
0010010111111212121221212121111211010000000100101111111111121211212212222232333233232222222222222221221111211211111212222121222312222122122231221121112112111211
0010101212122121212121212122102210110000000101001122222223222121121122222323233332322222222221222222211112111111121121223212122332331212213222121111121111121111
1111122121221212222222122212102111010000000010000121222221212111211221222232222222222232222222222122121111112111211212223122221222212221222322211211211121111211
2222212212212222222221221221112111100000000010000111212121212212122112112112222222222222222221222221221111121112111121212213323323222223123212121112111211211111
2221222222122212223221212122111210100000000011121111111111111111111111212221222322222223222222222122221111211111112122122221221222223232213122211211112111112111
2212222121222122222212222212112211010000000011222222222222222111112121221122223322222223222212222222211112111112112121212212122122121212122221212111211112111211
2222212222212222122122212122112110100000000010212122222222222111211212112212222322222223222222222212221111111211121212122222212223222121232212121211112111121111
2222222212122222222222122212112111010000000011221222122221212211121121221222223222222223222222222122221111211111212223232232221222212222322222212121121121211211
2222222222222222222222221221212111010000000010212222212222222112112112112122232222222232222222222222211112111121122222121222312122122223222222222212111111112111
2222222222222222222222222122112111101000000001222221222212221211211212121222223233333322322222222222222111112111213121212212231221222322212222222221211211211121
2222222222222323232322221222112120101000000010112212222222222212112121222232233333333223222222222222221211121112122212122121333222232221221212122222112112112111
2222232323232222222222222222112111010000000001112333232222222212122223333322233333333322232222222222222111211112122212212122123333333222122122212312121111121111
2222223222222233232322222221202211101000000013232222323333332322333333333322333333233323232222322222222111111121213121221212213323322212212221222221211121211121
2232232222222323323322212221112121010000000013323333232322323333333333333333332323323233323323222232332111121112122212121221221222122122122122122222212111111211
2222332332332323232322222121202211101000000113233232333333333333333333333333233222232333232222223233322111211121213121212122122121221221221221221321221112112111
2222233233233232323222212221111212010000011113323333333232223333333333333332322223323323322223232212232112111112122212221212212212212212212212212312211211121111
3222322322323232322222222121202211101001000013233233233332233333333333333332222222223233223233332212132111111211222221212221221221221221222222122222122112111211
3222223232322322223222212221111221110100111213323332332332223333333333333332222322323323232333333332332111211112122312123122122122122122212222221222221121112111
2222322223223223222222122221211212101111111012232323333332233333333333333322212112233233323333333322211112111211212232222212212212212232122231212231212111211121
2223223232232222222222222221111221111110100021223333323323223333333333333322221212233332333233333311111121111112122212323122121221221323221222222222221212112111
2222222222322232222222222221211221212110010012223233233333333333333333232323233232333232322333333321111111112111221222122221222122122232222123122322212111121121
2232232323222322322222221222120222123232210102222222323233333333332322323232232232222323233333333331111111211112122221213222121221222223212222232322122121211211
2322322232232222222222222221211221222333333211112222222322323232223232232222222322322232332323233321111121111211212221222212212212213232222232222222221211112111
3232232322322223222222222222121222122333333333221112222223222322322322322222222222233323223222322331111111121111212312123122122122122232322132221231212121211121
3322322223222322222222222222121122222323323333333322111222222222223222223222222133322222222222333231111112111112121312222221221221222212121332212222222112112111
3223223232223222222222222222121233223233233333223333332211122222232222322222222222222222222222111212111121112111122221222212212212212122222222222222212121121121
3322232222322222222222222222212233222232333333221333333332211212222222222222121222222221111111122221111111211121121222222122122122122221212223122322122111211211
3232322323223232222222222222121122222223332333323122323333333222121222222222111211111112122223222222111121112111212122222221221221221212222122222222221212112112
2212113232232222222222222222212122221222323323222323332323332333322111221211112222222121223222232221111111211112112222231212212212222222121223223221212111211211
1111123223223222222222222212222122223223222223222223323233233333333312111212112211220212222222223212212112111211112121222221222122121212222222322212221121121121
1111232322322322222222222212221221323332222221212223333232333333333312322112122122212211122223232222232121121111211212231212212221222222122122222122211211211211
1111223232323222322222232112212122223233323222221223233233332333233212322112122111101222233222212323323111211121111122132122122122212212221222312222112112112112
0012323232322222223233211122222121223333333332222333323322323332333213221111222211111112322232323333332112111211121212222212221222222122122222222212121121121121
1122323232232223332321112123212121223323333333323222222223233232322121221012122111102223233333233333333111112111211121222122122213312221222122322122112112112112
2323232323223232322111122322221212223233333333333322222232322323223111111111121210123233333223123333333112121112111212222221221221222212221222222221211211211212
3332332323232323121223323233222122222333333333333333323223222232322211111111212122323333323333333333333111111121112121223212212212221222212222222122121121121121
3323323232323333323332332322221221222332333333333333333322222222232211121111121212233333233333333333333121211211121122132222222122212221222221322222112112112112
3232323232223233233323323332222122222333333333333333333333322223232212111211122212333333333333323333333211112111211121222232212221222212222122322212121211212121
0013232323232332332333233232222221222333333333333333333333333232223221121011121212333332332222232333333111211121112122132322332222221222222233222122121121121211
0112323232223233323323332323333312222332333333333333333333333333221212121111122222333333332323232333333211112111211121222223223233222322323323321222112112121121
0013232322322333233233233233333222122323333333333333333333333333333121112111122212333333332323333323333112121121112122132132223232323323323332322221211211211211
0113232232232332333332332332322222222333333333333333333333333333332111211111222221333333333233332333333211111211121121222231221223232323232222222212121121121211
0112323223323333333323333323222221222333333333333333333333333333331212111111222222222222323333333333333211212111211212222322122221222221222312322122112121212112
1122233333333333333233323233222122122332333333333333333333333333321122221222223212322222222333333332333211121112112112123221222122223122222222321221211211211212
2212333333333333333333233332221222212323333333333333333333333333302222222221232222222222232333333333333211211121121121223222212222122222212322222221212121121121
2212333333323233333332333233222221212333333333333333333333333333121122212212223211222221113223223233332212111211211212222221222212223222122222322212121121212112
2212333232332323333323333332222222122233233333333333333333333332121222222122222212221210112211222333223111121112111121222222212222222221222232222121211212121212
2121323323223233333333332323222212212332333333333333333333333331212222222222223212112200011111122232333212111211121212123121222223223222222223222221121211211121
2212232323232323333333323333222222121323333333333333333333333311212222222222232222212212111111123333333211121121211121222222221222232222221223222212112121121212
2212232232223223333333233332222122211333333333333333333333333212122222232222232221212333222223323333333212112111112112213221222221232221222223222121212112121212
2212223223232232333333333323222222121323333333333333333333333021221222222222322222121332322222323323323211211212121121222222212212231222222222221212121212112121
2212222232223323333333333231222221221333333333333333333333331122122222232222221312112333212222222222222212112111211212122222122222222222221232222212112121212112
2221222322332333333333232222222122221233333333333333333333321221222222222222222222122223112212212212222211121121121121222312222222232222212232222121211211121212
2212132223223223232232222222222222221332323333333333333333311212212122222222222222121231122122122222222112112112112112122222221222222221222231222112121212121121
2221223232323232223222222222222222221223233333333333333323112122121222121221222222121211112122122112122121121121121121221322212222232212222322221212112121212121
2221222323232223232222222222222222221232333333333333332332122221222122222212232322212111221221221222221211211211211212122222222222222222222322222121212112121211
2221223222223232222222222222222222222223233333333332323321212122122212222122323232221112222222122121221112112121121121222132222212232222222222221212121212112121
2221222323232222222222222222222222221232323333333333223221221221221222212222222223212112222212221321311112121212112122212223122122222222223222212121211211212112
2222123222322222222222222222222222222233233333333333322212212212212222222222222222222122222222312212211211211121211221222332222222232222222222221212112121212121
2221222232222222222222222222222222222223323333333333332121222122122222222222222212221222122212122213212121121212122212233333222222222222232222212121212112121212
2222222222222222222222222222222222222232333333333333332122121223223323222212222121221222222132122222112112112121121223333333222222232222232222121212121212121212
2222122222222222222222222222222222222233323333333333331212222222222222222323222222111122222001011012021111211211212233233332333333323222332222212121212121212121
2222222222222222222222222222222222222232333333333333321221222222121222222221233333232232322221111100100021121212122322233333333232333333333222121212112112121212
2222122222222222222222222222222222222233323333333333312212222221222222222121211232322322222222223333333212112112122223222333332323233333332322221121211212121121
3222222222222222222222222222222222222233233333333333112122122122122221121212112122232222222222222123233211212121212322322223323232322333333222221212121212121212
3222122222222222222222222222222223222323333333333332122221122221221211212111211211121211112222221221222212121211122232222323223222232323233332222121212121212121
3222222222222222222222222222222322223233233333333330222211221211222211211122121111111112111001111212212121121121212223323232322222223232323323222212121212121212
3323222222222222222222222222232223222233333333333310212211222212212111212121201121111101121110001010111211212112121212233333222222222323233222232121212121212121
3232222222222222222222222222322322232233333333333202222112222122122122221210110111110000112221101001001021211212112121222222222121222223322222222221211212121212
3322222222222222222222222222223222322333333333332012222122222112222122221001111111100000001112210000000012112121121112111122221212112222333222223222122121112121
0000000000000000000000000000000000000000000000000000000000000000000000000000000000000000000000000000000000000000000000000000000000000000000000000000000000000000
0000000000000000000000000000000000000000000000000000000000000000000000000000000000000000000000000000000000000000000000000000000000000000000000000000000000000000
0000000000000000000000000000000000000000000000000000000000000000000000000000000000000000000000000000000000000000000000000000000000000000000000000000000000000000
0000000000000000000000000000000000000000000000000000000000000000000000000000000000000000000000000000000000000000000000000000000000000000000000000000000000000000
