0000000000000022222222223333333333333333333333333333333333333333333333333333333222222223333222222222222222111111111111111112222333333333333333333300000000000000
0000000000000022222222322323233233323333333333333333333333233233233332332332323222222232322222222222222212121111111111111121222333333333333333333300000000000000
0000000000000022222223223232323323233232323232332332323232332332332323223222221212222222232322222122122122111211111111112112222232333323332332332300000000000000
0000000000000022222222232323232332332333332333323323332333232322222121211111111111111111212222222222222221212111111111121122222323332333323333323300000000000000
0000000000000022222223222232323233233323233332333233233222222121111211111111111111101111111112122222222212121111111111111212222333323333333332333300000000000000
0000000000000022222222232323232332332332333233323332322222121211111111110101010000010010101111121222122222211211111111121121223232333333233323332300000000000000
0000000000000022222223223232323323323323323332333222121212112111111101000000000000000000011011112122222212121111111111211212222323333323333333323300000000000000
0000000000000022222232222323232332333233233333222121221211211111110110010000000000000000001101111212222222121211121111112122222333332333333233233300000000000000
0000000000000022222222232232323233232332333222121212121121111101001001000000000000000000000011111222222222212111211111211212223233233333332333333300000000000000
0000000000000022222223223232332323333233322212212121211111010000010010000000000000000000001011111121222222211112111112112122222332333333233333333300000000000000
0000000000000022222232222323232332323322211122122121111100000000000000000001000000000000000101111212222232321211121111111212223233333332333332332300000000000000
0000000000000022222222232323232323332221122221221211101000000000000000000000010100000000001011111122222222232121111111212122222333333323333333333300000000000000
0000000000000022222232223232323233221112212121111111010000000000000000000000001011011000010101112212122222232221121112111212223323333333333333333300000000000000
0000000000000022222222322323232322211221121211111101000000000000000000000000010010110111111111212122222222323321211121121222223233333233333323332300000000000000
0000000000000022222232223232323221121211212111111100000000000000000000000000000101101111111112121221222223223232121111112122223333332333333333333300000000000000
0000000000000022222222322323231212121111111111110000000000000000000000000000000010111111211111111112122222232323211111211212232323333333333333323300000000000000
0000000000000022222232232322221212111211111111001000000000000000000000000000000100111121111010001111121222223232322112112122223233333333333332333300000000000000
0000000000000022222322223222212111111111111101000000000000000000000000000000000001011111100000000001111212222323322111121212223333333333333233333300000000000000
0000000000000022222222322222121211111111111010000000000000000000000000000000010010111111010000000010111122222223233111211222223233332333332333333300000000000000
0000000000000022222232232212212111111111110100000000000000000000000000000000100000101010100000000000101111212222332311121212223333333333333333333300000000000000
0000000000000022222322321221211111111111101100000000000000000000000000000001001001000101000000000000011112122222223221112122232323333333333333332300000000000000
0000000000000022223222212122121211111111111010000000000000000000000000000000010010001010100000000000101111212222232321121212223333333333333333323300000000000000
0000000000000022222222212212121111111211111100000000000000000000000000000000100000000000010100000000010111121122222232112122232333333333333333233300000000000000
0000000000000022222222121221212121121111111111000000000000000000000000000000001001000001101000000000101111212221222322212122223233333333333323333300000000000000
0000000000000022222221212222221212112121211110101000010101001000000000000000100010000001010110100001011112222122222223221212223232323232323233323300000000000000
0000000000000022222121221221222121212112112111100101010101010000000000000000001000000010101101010111112121111211212122222222222323232323232323232300000000000000
0000000000000022221212122222222212121221211111111010101010101010000000000000000000000101011011111111121101111011011112122222223232323232323232323300000000000000
0000000000000022211121212122222222222222221211111111111111111101000000000000001000010010111111111111100011111212222222322323232333333333333333233300000000000000
0000000000000022112112121222222222222122212121111111111111111110100000000000000001000100011111111010010111222222222122223232323323333333333333333300000000000000
0000000000000021111211212222222222222222222212121111111111111111010000000000000010000000001001000100101112122222222323332333233233333333333333333300000000000000
0000000000000011121112122222222222222222222122112121212121211111000000000000000000000000010010010000011222332333333333333333333333333333333233333300000000000000
0000000000000011111212122222222222222222222221221212121211212110110000000000000000000000000000100112223333333333333333333333333333333333333333323300000000000000
0000000000000011111121222222222222222222222222212221221212121111100000000000000100000001110101022232333333333333333333333333333333233333333333333300000000000000
0000000000000011111211222222223223223223222222222122212222112111110000000000000000000111111122333333333333333333333333333333333332333333323333233300000000000000
0000000000000011111112222222222232232232222222221222122212121111100000000000000000101011232333332332333333333333333333333333333323333333333333333300000000000000
0000000000000011111212122222232223222322222222222222222121212111110000000000000111010122333333323323332333333333333333333333233333333333333333333300000000000000
0000000000000011111121222222222322322222322222222222221222121121101000000000111111212323333332333333222233323333333333333333333333333333333333233300000000000000
0000000000000011111212222222223223223232222222222222222212121211110000000101112121233333333323332222223333332223233333333333333333333333333333333300000000000000
0000000000000011111121222222232232232223223222222222221221212121101000001011221223333233323333322223233333333232333333333333333333333333333333333300000000000000
0000000000000011111212222222222223223232232222222222222222121211110000010122122233333333333232222333333333333333333333323332333333333333333333333300000000000000
0000000000000011111122122222223232232322322222222222222212121111101000111221223333323333232322323333322333333333333333333323333333333333333333333300000000000000
0000000000000001111212222222232222322232223222222222222221212111010011112212233333333332323233333332211233233333333333333233333333333333333333333300000000000000
0000000000000000111121222222222232232322322223222222222212121111101111222222333332333323233332332221123233333333333333332333333333333333333333332300000000000000
0000000000000001111112122222222322323223232232222222222222121111010122222233333323332222333233323223333332323333333333333333333333333333333333323300000000000000
0000000000000000111121222222222223232232223222223222222212121111101222222233323333322233333332333333333333333333333333333333333333333333333333333300000000000000
0000000000000000111112122222222322322322322232322222222121212111111222222333333322213333323323332333333333333333333333333323333333333333333333233300000000000000
0000000000000000111121221222222223223223223223222222222222121211112222223332332322233233233232222223333333333333333333333333333333333323333333333300000000000000
0000000000000000111112122222222322232232322322222222222121212121112222233333322213332332221211101123333333333333333333333333333333333333333333333300000000000000
0000000000000000111112122222222223223232232323222222222212121211222222333233221233333221111000000012333333333333333333333333333333333333333333333300000000000000
0000000000000000101121221222222232232223232232222222222121212122122223332332122333232110100000000012333333333333333333333333323333333333333333233300000000000000
0000000000000000111111212222222322322322322322222222222212121221222232333321233332332321000100001123233323333333333333333333333333333333333332333300000000000000
0000000000000000101112122222222222223223223222222222222122122212222323332213333323222222200000002221233233333333333333333333333333333333333333333300000000000000
0000000000000000011111212222222222232232222232222222222221221222222333322233323231111112220000013100223333233333333333333333333333333333333333333300000000000000
0000000000000000111111212222222223222322232322222222222212212212233233232333233211011122221000122101233333233332333333333333333333333333333333333300000000000000
0000000000000000101112121222222222223222322222222222222122122122223332323333332220122222322010231111223333333333333333333333333233333333333333333300000000000000
0000000000000000111111122222222222222222222222222222222221221212233323233333233210022222232323322111123333223233333333333333333333333233333333233300000000000000
0000000000000000101111212122222222222223222322222222222122121222233232333332332111112222333323231121133333232333333333333333333333333333333333333300000000000000
0000000000000000111111121222222222222322223222222222222212212122232323332332332212111223333221222111233333333333333333333333333333332333333333333300000000000000
0000000000000000101111212212222222222222222222222222221221212122233333323222223222201133323321122101333333323333333333333333333323333333333333333300000000000000
0000000000000000111111121222122222222222222222222222222212121222333233232211123222110122333322102111333333333333333333333333333333333333333333323300000000000000
0000000000000001010111212121222222222222223222222222212121211222332332221111223211101013333332110111233333233333333333333333333333333233333233333300000000000000
0000000000000000101111121212222222222222232222222222122212112222333222221111122211001112323322211001233332333333333333333333333233333333233333233300000000000000
0000000000000000111111112121222222222222222222222222221212121222332332211111102210100112232332220100223332233333333333333333333333333232333332333300000000000000
0000000000000000101111121212122122222222222222222222122121212223323232221210110211001002223233221000123322333333333333333333333333333333232323332300000000000000
0000000000000000111011112112212222222222222222222222222212112123233323222111001121000023222323311000122333333333333333333333333333333322223232323200000000000000
0000000000000001010111121121222222222222222222322222221121112223332332322211100022211222222332320000023333333333333333333333333333333332222222222200000000000000
0000000000000000101111111212121222222222223223222222121211112133233323222221110112222211113322211000023333333333333333333333333333333332222222222200000000000000
0000000000000001011111112111212222222222222222222221212111121232332333232221111112111010132211211000013333333333333333333333333333333333112121212100000000000000
0000000000000000110101111112122222222222222232222212121110111233333323222111101101010001232112231100013333333333333333333333333333333333211211121100000000000000
0000000000000001011011111121212122222222223222222221211101112332332332321211010010100001232122332101013333333333333333333333333333333333212111211100000000000000
0000000000000000101111111111122222222222222222222121111100121333323323222111101001001001222102122100013333333333333333333333333333333333221111111100000000000000
0000000000000000101001111112121222222222222222221211111001112323233232321111110110100000012111010001013333333333333333333333333333333333321111111100000000000000
0000000000000000100101111111212222222222222222122111111001113233332333221211111101000000010101000000013333333333333333333333333333333333321111111100000000000000
0000000000000000000010111112122122222222222221221211110001122332323323222111111110100000100100000000112333333333333333333333333333333323331111111100000000000000
0000000000000000001001111111212222222222222122121111111001213323233232321111111101000000010010000000013333333333333333333333333333333333331111111100000000000000
0000000000000000010110111111121221221222221221211111110011132332332333222111111110100001000100000000012333333333333333333333333333333333332111111100000000000000
0000000000000000101011101111212122222222122121212111110011223323323323222212121101000010010000000000012333333333333333333333333333333333332211111100000000000000
0000000000000000010101011111121221212212212121211111200011233233233232322221211110001000100000000100012333333333333333333333333333333333333211111100000000000000
0000000000000000101010101111121212221221212121212112100111232323323323222212111100100000000010111111002333333333333333333333333333333333333211111100000000000000
0000000000000000010001011111212121212122121212121121100111333233232323232222211101001010011112112221103333333333333333333333333333333333333321111100000000000000
0000000000000000000010010111121212122121212121211212001112232332333232322222121110000100111110010111012333333333333333333333333333333333333321111100000000000000
0000000000000000000000101111211212212212121212112121001112332323323232323222211100100001001000000000013333333333333333333333333333333333333321111100000000000000
0000000000000000000001011111121212121222212121212121001112323332332323232222121111001010111010000000013333333333333333333333333333333333333332112100000000000000
0000000000000000000000111111112121212212121212121210011023233233233232322322221110100001111211000000123333333333333333333333333333333333333322211100000000000000
0000000000000000000001010111121121221221212121121210011123323323323232232232212111010101011121211111023333333333333333333333333333333333333333111100000000000000
0000000000000000000000101111112121212122121211212110111132323232332323232322221110111111101111111100223333333333333333333333333333333333333333211100000000000000
0000000000000000000000111111211212121221222112121110021233232323232323223222222111010101010000000001233333333333333333333333333333333333333333221100000000000000
0000000000000000000001011111121121212212212121212100111322323232323232323232222110101000000000000001233333333333333333333333333333333333233333321100000000000000
0000000000000000000001011111211212121222121212111101112233232323232323232322322211101000000000000002333333333333333333333333333333333333333333321100000000000000
0000000000000000000010111111112111212121212111212001112322323232323232322232222221111010000000000012333333333333333333333233333333333333333332332000000000000000
0000000000000000000001011111111121212121212112120010112323232223232323223223232222211111000000000013333333333333333333333333333333333333333333332100000000000000
0000000000000000000010111111112112121212121211111001123232322323223232232322322322222211110000001123333333333333333323333333333333333333333333332200000000000000
0000000000000000000001111111111121212121221112110011123232323232323223222232223223222322211101111333333233333332333233333233333333333332333332333100000000000000
0000000000000000000010111111112112121212121211200011223233232323232322323222322222223223221121223332333333333323333333333333333333333333333323333200000000000000
0000000000000000000001101111111121121212121112100112132323232232323232232223222322232222222223333233333333333333333333333333333333333333333333333300000000000000
0000000000000000000010111111112112121211211212100112232323232323232323223232223222222222122333323333333333333333333333333333333333333333333333333300000000000000
0000000000000000000011011111111121212121212121001121323232323232323232332222322222222222233232333332333333233333332333333333333333333333333333333300000000000000
0000000000000000000101101111112111212112121211001212323223232323232323232322223222222222333333332333333333333333233333333333333333333333333333333300000000000000
0000000000000000000010111011111121212121212110011122323232323232323223223222221211111223323332333323333333333332333333333333333333333333332333333300000000000000
0000000000000000000101010111111212121212121210012123232323232323232232322222211110112233333233332333333333333333333333333333333333333333333333333300000000000000
0000000000000000000010111111112111212121212100112123223232323233323223222222111001022333233333233333333233333333333333333333333333333333333333333300000000000000
0000000000000000000101010111111121212121212101121222332323232323232332323221111110223323332332333333323333333333333333333333333333333333332333333300000000000000
0000000000000000000010101111112112121212121011121223232323323233233233232221101012233233333323333233333333333333333333333333333333333333323333333300000000000000
0000000000000000000101011111111211211212121102212232323232323323323232332321010213323332332333332333333333333333333333333333333333333333333333333300000000000000
0000000000000000000010111111121112112121211112122232323233232332332323232332122233232323323333233333233333333333333333333333333333333333333323333300000000000000
0000000000000000000101011011111121121212121122222323232323233232323232333232332332323333333323333333333333333333333333333333333333333333332333333300000000000000
0000000000000000001001101111112111212121211222222323232323232323233323323232323323333233233233333323333323333333333333333333333333323333323333333300000000000000
0000000000000000000010111111111121121212112221223232323232323232332233232333233233232332333333332333333233333333333333333333333333333323233333333300000000000000
0000000000000000000101011111111211211212212213232323232323232332323232323323332332333333333333233333333333333333333222222222233333332222233333333300000000000000
0000000000000000001010110111111111121221222222323232323232323232323223232332323323323323323323333333233333333333333221221211222232211113333333333300000000000000
0000000000000000000010101111111112112122122223232323232323232323232332323323332333233233233333333233333333333333332322223223222222121122333333333300000000000000
0000000000000000001010111111111121121221222232322323232323233232333232323232323233332333333233233333333333333333333223232333333322312121233333333300000000000000
0000000000000000000101011111111211212222232323223232323232323233232323232223323332323332332333333332333332333332333332323233323333322211223333333300000000000000
0000000000000000001010111111111112122223223223232323232323232323323232323233232323333323333333233233333333333333333333332333333333333212222333323300000000000000
0000000000000000010010111011111121222232232323223232323232332332323232332332322233233333333233333333333333333333333333333333333333333332222332232300000000000000
0000000000000000000101101111111212222322323232232323232323323233232323323323122133333233233332332333333333333333333333333332333333333333332333323300000000000000
0000000000000000010010111101112222223223232232323232323233232332333333233233112223233332333233333332333333333332333323333333333333333333333333333300000000000000
0000000000000000000101010111222222322232322323232323323323323323323232332323311222333323332333233323333333333333333333333333333333333333333333333300000000000000
0000000000000000001010111122222222223223223232323232332332233232332323323323321222323233333332333333333323333333333333333333333333333333333333333300000000000000
0000000000000000010001112222222223222322323223232323232323323323232333233232321223232333323323333233323333333333333333333332223333333333333333333300000000000000
0000000000000000001012122222222222232232232323232323323232332323323232332323221221223323333233332333233233332332323323332322222223233333333333333300000000000000
0000000000000000011122222222222222322323223232323232323323232332323323233232321221133233233333233332332333323323232323222212222222233232333333333300000000000000
0000000000000001121222222222222223223222323232323233232232323232332332332333221122123323332332333333322323333232323222212112232322123223332332332300000000000000
0000000000000011212222222222222322232232323232323222222222223233233233233323232223212332323323333233323323233323233221212222323332223112333323323300000000000000
0000000000000012122212222222222223222323232323232323222222222323232323323232332232323323333233323333333232223233232222232232332323231003323233333300000000000000
0000000000000011222122222222222322232232323232322232222222232332323232323323323233332333323323233333232333321332333222323323323332322102333333233300000000000000
0000000000000012122222222222223222322323232323233323222222322323232323233232332333333332333333333323333223322123223232332333233232332322323323333300000000000000
0000000000000022222222222222222223223232333333322222333332223222333333333333333333333333333333333333332112333112333333333322333333323333333333333300000000000000
