3333333333333333333333333333333333333333333333333333333333333333333333333333333333333333333333333333333333333333333333333333333333333333333333333333333333333330
3333333333333333333333333333333333333333333333333333333333333333333333333333333333333333333333333333333333333333333333333333333333333333333333333333333333333330
3333333333333333333333333333333333333333333333333333333333333333333333333333333333333333333333333333333333333333333333333333333333333333333333333333333333333330
3333333333333333333333333333333333333333333333333333332111113333333333333333333333333333333333333333333333333333333333333333333333333333333333333333333333333330
3333333333333333333333333333333333333333332323232233211110110233333333333333333333333333333333333333333333333333333333333333333333333333333333333333333333333330
3333333333333333333333333333333333333333222222222231110111101113333333333333333333333333333333333333333333333333333333333333333333333333333333333333333333333330
3333333333333333333333333333333333333333222222223211011101111013223333333333333333333333333333333333333333333333333333333333333333333333333333333333333333333330
3333333333333333333333333333333333333322222222232110111211011111322333333333333333333333333333333333333333333333333333333333333333333333333333333333333333333330
3333333333333333333333333333333333332222222232320101221122110110322233333333333333333333333333333333333333333333333333333333333333333333333333333333333333333330
3333333333333333333333333333333333222222222323101112100000211101222223333333333333333333333333333333333333333333333333333333333333333333333333333333333333333330
3333333333333333333333333333333333323232323220111120000000021011132222333222333333333333333333333333333333333333333333333333333333333333333333333333333333333330
3333333333333333333333333333332121112212211111112100000000212111032222230101123333333333333333333333333333333333333333333333333333333333333333333333333333333330
3333333333333333333333333333301101110111011101220000000000312011122222311111012333333333333333333333333333333333333333333333333333333333333333333333333333333330
3333333333333333333333333333011121101110111011110000000001222110122223201011111233333333333333333333333333333333333333333333333333333333333333333333333333333330
3333333333333333333333333332112111222111110111110000000122102011113223011121110233333333333333333333333333333333333333333333333333333333333333333333333333333330
3333333333333333333333333331112000000122111110120000122110111110113223110211101123333333333333333333333333333333333333333333333333333333333333333333333333333330
3333333333333333333333333333020000000000210111120122110111111111113223011111111033333333333333333333333333333333333333333333333333333333333333333333333333333330
3333333333333333333333333333310000000002121101112110111111121210112323011111111113333333333333333333333333333333333333333333333333333333333333333333333333333330
3333333333333333333333333333300000000003220111011201111211101101110122111111110123333333333333333333333333333333333333333333333333333333333333333333333333333330
3333333333333333333333333333300000000012220110111121211011011111101110121110111113333333333333333333333333333333333333333333333333333333333333333333333222233330
3333333333333333333333333333310000012211112112121111011110111011011101101211110123333333333333333333333333333333333333333333333333333333333333333333311101013330
3333333333333333333333333322210112211011111111101111110111110110111011111111101133333333333333333333333333333333333333333333333333333333333333333331011111111330
3333333333333333333333332010122111011111111011111111011101101111110111011012011233333333333333333333333333333333333333333333333333333333333333332101111011011230
3333333333333333333333321111111111110121110111111110111011122121111110110110211333333333333333333333333333333333333333333333333333333333333332111111101110110330
3333333333333333333333311111101211122110211111110101111221100102122111111111113333333333333333333333333333333333333333333333333333333322322101110110111011111230
3333333333333333333333301112112111101111111211101111121000000011000121110110123333333333333333333333333333333333333333333333333333332223110111011101110111011330
3333333333333333333333211020121011011111011111011102200000000010000000211101113333333333333333333333333333333333333333333333333332223220101110111011101110111330
3333333333333333333333210111201110111110111101111021000000000101000000022011103333333333333333333333333333333333333333333333333222331101111101110111011101113330
3333333333333333333333301111111011110111110111011310000000000100000000002211112333333333333333333333333333333333333333333333322223201111101111101110111011133330
3333333333333333333333311111101111012222211110122010000000000000100000011021023333333333333333333333333333333333333323133322222231111011011011011101110111333330
3333333333333333333333320111111011220000021222200101000000001000100000010012112333333333333333333333333333333333322130222222223301101110111110111011101123333330
3333333333333333333333330111101112000000001000000001000000001000100000000101111333333333333333333333333333333322122202322222223211011101110111110111022333333330
3333333333333333333333332111011121000000011000000100100000000000100000010100211233333333333333333333333333332122213013222222331101111011101101101111333333333330
3333333332222223333333333210111111000000010000000000010000010000000000000100020233333333333333333333333332212212130032222233111011101111011111112111333333333330
3333333222222322223333333301111201000000001000001000000000000000010000100000021133333333333333333333332212122122210232223320110111011101111112111111033333333330
3333322222223222222333333211102001100000010100001000001000010000010000100010002023333333333333333332212122212212200322232101101110111011111110111111103333333330
3333222222222222222233333302021000000000000000000000000100010000000000000010002123333333333333332212122212122122102322310111011101110121111101110111111333333330
3333222222322222222223333220120001010000010010001000000010000000001000000010002023333333333333212221221221221222003232011101111011102111101111101120111333333330
3333322232223232222322333311120000001000000001001000000000010000000001000010021123333333333221221212212212212212023310111011101111011110111011011111101333333330
3333323323333333222222333311110001000100010000100000000001010000000100000001211033333333221212212221222122122122022101110111011101111112011110111111011333333330
3333333333333333322222233311200000000000010000011000000001211111212222212222011133333222122122122122121221221221021111101110111011101111110111110201111333333330
3333333333333333332222233210210001000010010000002112222221211111111011011010111333321221221221221221222122212220030101111101110111011111011101101111103333333330
3333333333333333333222233211101001000001010002221111010101101111011111111111123322122122212212212212212212122121021111011011101110111111111011012110113333333330
3333333333333333333222233202100001000000122221011110111111011101110110211223332122212212122122122122122122212221021011110111011101111121101111111101123333333330
3333333333333333333222223211100101000012210101110111110110111011101101111332212212122122212221221221221221221221021110111110111011111101211011111011233333333330
3333333333333333333222233201100011001211011111011101101101110111011111013212121221221221221212212212212212212221021011101101110111010111021111111112333333333330
3333333333333333333222323211200001221110111011110111011111101110111011132122212212212212212221222122122122122122011111011011101110111110111123211233333333333330
3333333333333333333223223311110022101111110110111101111011011101110111322221222122122122122122121221221221221222003020111111011101110111101233333333333333333330
3333333333333333333222223321112210111211101111101111011110111011101123122212212212221221221221222122212212212212001211110110111011101101111133333333333333333330
3333333333333333333222233331111011111101111101111011110111110111011322221222122122122122212212212212122122122122200130111101110111011111011023333333333333333330
3333333333333333333222233333111122311011011011011110111101101110123113122221221221221221221221221221221221221221300012101111101110111011110123333333333333333330
3333333333333333332222233333332333331111110111110111101111011112320112221222122122122122122122122122212212212212210001211011011101110110111113333333333333333330
3333333333333333332222333333333333333211101110111101111011111221301113122122212212212212212212212212122122122122130000132322333232111111101133333333333333333330
3333333333333333332223233333333333333333121011101111011111222103111112212222122122122122122122122122212221221221222000122122333333332011011233333333333333333330
3333333333333333322222333333333333333333333322211011112222010122101112221212221221221221221221221221221212212212212323221223333333333320112333333333333333333330
3333333333333333322232333333333333333333221221232222211101111220111112212221222212212212212212212212212221222122122221212233333333333333333333333333333333333330
3333333333333333322223333333333333333333222211122011011111023101110202221212221221222122122122122122122122121221222223233333333333333333333333333333333333333330
3333333333333332222233333333333333333333212211112310111011220111101111222122222122121221221221221221221221222323333333333333333333333333333333333333333333333330
3333333333333332222233333333333333333332221220101133110111302111012111221222212212212212212212212212222233333333333333333333333333333333333333333333333333333330
3333333333333332222333333333333333333332122211111101311112111232111101222122122122122122122122122223333333333333333333333333333333333333333333333333333333333330
3333333333333322222333333333333333333322212220110111121112111222211111221222221221221221221222333333333333333333333333333333333333333333333333333333333333333330
3333333333333322222333333333333333333322122221101112113013013122111101122212222122212212223333333333333333333333333333333333333333333333333333333333333333333330
3333333333333322223333333333333333333221221221111132211212122221111011131222122212122132333333333333333333333333333333333333333333333333333333333333333333333330
3333333333333222223333333333333333333222212221111312221213122221011111031212222221222223333333333333333333333333333333333333333333333333333333333333333333333330
3333333333333222233333333333333333333131222121112032122333222201110110122221212123221223333333333333333333333333333333333333333333333333333333333333333333333330
3333333333333222233333333333333333332212221221111102222212222111011101112212221222122122333333333333333333333333333333333333333333333333333333333333333333333330
3333333333333222233333333333333333332122222221110111222221221011110111113122122221221222333333333333333333333333333333333333333333333333333333333333333333333330
3333333333333222233333333333333333331221221221101110112212211110111101102221221222212212333333333333333333333333333333333333333333333333333333333333333333333330
3333333333332222233333333333333333322122212213011101111222210111101111011222122122122122233333333333333333333333333333333333333333333333333333333333333333333330
3333333333333222233333333333333333321222222122111011101312211101111011111312212221221221233333333333333333333333333333333333333333333333333333333333333333333330
3333333333333222233333333333333333312212212213101111011132201111011110110221221222212212233333333333333333333333333333333333333333333333333333333333333333333330
3333333333333222233333333333333333222122122122211011111122210110110111101131212221222122123333333333333333333333333333333333333333333333333333333333333333333330
3333333333333222233333333333333333212222221221210110110131201101111101111122122122212212223333333333333333333333333333333333333333333333333333333333333333333330
3333333333333222233333333333333333122122212212301111101222211111101111011012221222122122122333333333333333333333333333333333333333333333333333333333333333333330
3333333333333222233333333333333332221221222122211101111121301101111011110112212221221221221333333333333333333333333333333333333333333333333333333333333333333330
3333333333333222223333333333333332122122221221221011011222211011011110111111222122212212212233333333333333333333333333333333333333333333333333333333333333333330
3333333333333222223333333333333331221222122212220111110221220111110111101101221222122122122133333333333333333333333333333333333333333333333333333333333333333330
3333333333333322232333333333333322122122222122130110111222221110111101111011122221221221221213333333333333333333333333333333333333333333333333333333333333333330
3333333333333322222333333333333312212222122221221111101212121011101111011111022222212212212222333333333333333333333333333333333333333333333333333333333333333330
3333333333333322222333333333333222122122212212221101111122221110111011110110112221222122122121333333333333333333333333333333333333333333333333333333333333333330
3333333333333322223223333333333212212222122222121111011221221111101110111101111222212212221222233222222222333333333333333333333333333333333333333333333333333330
3333333333333322232223333333332221221221221221221110110222122101111011101111101131221221212222212122121212233333333333333333333333333333333333333333333333333330
3333333333333332222222333333332122122122212222131101111122213011011110111011011122212212222221221221222122122333333333333333333333333333333333333333333333333330
3333333333333333222222223333331221221222122122221111101221222110110111101110111012221222222122122212212221221333333333333333333333333333333333333333333333333330
3333333333333333322222222333322122222222221222122011011122122111111101111011110111222122212212212122122122122233333333333333333333333333333333333333333333333330
3333333333333333332223222223221222212222222222221110111122212201101111011110111110122222122122122212221221221233333333333333333333333333333333333333333333333330
3333333333333333333322222223212222122121222212212111110131222211011011110111101101112221221221221221212212212223333333333333333333333333333333333333333333333330
3333333333333333333332222232222221221222121222222011011122121301111110111101111011113122212212212212221221221223333333333333333333333333333333333333333333333330
3333333333333333333333322232122122122121222122221110111031222211101101101111011112231221221221222122122122122133333333333333333333333333333333333333333333333330
3333333333333333333333333321222212212212212222222101110122121220111011111011111233312212212212212212212212212223333333333333333333333333333333333333333333333330
3333333333333333333333333322221221221222122121222011101122212221101111011110223333122122122122122122122122122133333333333333333333333333333333333333333333333330
3333333333333333333333333312212212212212212212223210111112122130111101110223323331221221221221221221221221221233333333333333333333333333333333333333333333333330
3333333333333333333333333212222122122122122122122332110112221221110112233333303322122213122122212212212212212233333333333333333333333333333333333333333333333330
3333333333333333333333333122212212221221221221221233332222212222223333333333313212212132212212122122122122122233333333333333333333333333333333333333333333333330
3333333333333333333333332122221221212212212212212223333322221213010133333333332122122321221221221221221221221333333333333333333333333333333333333333333333333330
3333333333333333333333331222122122122122122122122122333003122122000013333333322212222222122122212212212212212333333333333333333333333333333333333333333333333330
3333333333333333333333312212221221221221221221222212233002212212100013333333221221223121221221221222122122123333333333333333333333333333333333333333333333333330
3333333333333333333333222122212212212212212212222221223002221222100013333322122122231212212212212212212221223333333333333333333333333333333333333333333333333330
3333333333333333333333212212222122122122122122122222122202212212201133222121221221312222122122122122122122233333333333333333333333333333333333333333333333333330
3333333333333333333333122122221221221221221221222222212232221221332221221222212213222121221221221221221221233333333333333333333333333333333333333333333333333330
3333333333333333333333212221222122122212212212212123122122212212222212212212122123121222122212212212212212333333333333333333333333333333333333333333333333333330
3333333333333333333333322122221221221221222122122221321222221221222122122122212222212212212122122122122123333333333333333333333333333333333333333333333333333330
3333333333333333333333123221222212212212212212221212222213122122132212221221221231222122122212221221221223333333333333333333333333333333333333333333333333333330
3333333333333333333333320232212221222122122122122122123222212212213122122122122312212212212122122122212223333333333333333333333333333333333333333333333333333330
3333333333333333333333223201232212212212212212212221221322221221222221221221222222122122122221221221221233333333333333333333333333333333333333333333333333333330
3333333333333333333333222233111322122122122122122122122132212212212212212212213212212212221212212212212333333333333333333333333333333333333333333333333333333330
3333333333333333333332222222323322212212221221221221221213222122122222122122123122122122122122122122122333333333333333333333333333333333333333333333333333333330
3333333333333333333333222222222232122122122122212212212222212212212312212221222221221221221221221221223333333333333333333333333333333333333333333333333333333330
3333333333333333333333232233233233221221221221221221222122221221221222122122123212212212212212212212223333333333333333333333333333333333333333333333333333333330
3333333333333333333333313320102201222212212212212212212212222122122222221221223231221222122122122122133333333333333333333333333333333333333333333333333333333330
3333333333333333333333301101111011233122122122122122122122221221221222122122332233212212212212221221332333333333333333333333333333333333333333333333333333333330
3333333333333333333333311111101133222331221221221221221323212212212132323333322322232221221221212213222223333333333333333333333333333333333333333333333333333330
3333333333333333333333321011023322222223323222222223233223222122122223333333201132223323222222223232222223233333333333333333333333333333333333333333333333333330
3333333333333333333333331112332222222222222323323322322223212212212123333333111102232222323323232222222323111223333333333333333333333333333333333333333333333330
3333333333333333333333333221123222222322222222222222223323222221221223333333111011102233222222222222223222311111223333333333333333333333333333333333333333333330
3333333333333333333333331011023232322222223222222222322121222222122123333333311110110101232222222222232323330110111333333333333333333333333333333333333333333330
3333333333333333333333101110232211123223232222222223221222122121221223333333332111101111022322223333231110101111101023333333333333333333333333333333333333333330
3333333333333333333330111022201011113221113233333232212212212212212223333333333332211101110123332101223011111122111112333333333333333333333333333333333333333330
3333333333333333333311101220111111221111112210101322122122122122122333333333333333333222101110111111011111011011211101333333333333333333333333333333333333333330
3333333333333333333320112111101122101101101011113212212212212212333333333333333333333333332211101101110112220111022011233333333333333333333333333333333333333330
3333333333333333333333231101112210111011011122332122122122122233333333333333333333333333333333221011101110113110111212333333333333333333333333333333333333333330
3333333333333333333333330111021101110111123333332222322323333333333333333333333333333333333333333220111101110221111333333333333333333333333333333333333333333330
3333333333333333333333332111221111101122333333333333333333333333333333333333333333333333333333333333211011101121101333333333333333333333333333333333333333333330
3333333333333333333333333333320110113333333333333333333333333333333333333333333333333333333333333333332111011113223333333333333333333333333333333333333333333330
3333333333333333333333333333332213233333333333333333333333333333333333333333333333333333333333333333333331111013333333333333333333333333333333333333333333333330
3333333333333333333333333333333333333333333333333333333333333333333333333333333333333333333333333333333333322333333333333333333333333333333333333333333333333330
3333333333333333333333333333333333333333333333333333333333333333333333333333333333333333333333333333333333333333333333333333333333333333333333333333333333333330
3333333333333333333333333333333333333333333333333333333333333333333333333333333333333333333333333333333333333333333333333333333333333333333333333333333333333330
