0000000000000000000000000000000000000000000000000000000000000000000000000000000000000000000000000000000000000000000000000000000000000000000000000000000000000000
0000000000000000000000000000000000000000000000000000000000000000000000000000000000000000000000000000000000000000000000000000000000000000000000000000000000000000
0000000000000000000000000000000000000000000000000000000000000000000000000000000000000000000000000000000000000000000000000000000000000000000000000000000000000000
0000000000000000000000000000000000000000000000000000000000000000000000000000000000000000000000000000000000000000000000000000000000000000000000000000000000000000
0000000000000000000000000000000000000000000000000000000000000000000000000000000000000000000000000000000000000000000000000000000000000000000000000000000000000000
0000000000000000000000000000000000000000000000000000000000000000000000000000000000000000000000000000000000000000000000000000000000000000000000000000000000000000
0000000000000000000000000000000000000000000000000000000000000000000000000000000000000000000000000000000000000000000000000000000000000000000000000000000000000000
0000000000000000000000000000000000000000000000000000000000000000000000000000000000000000000000000000000000000000000000000000000000000000000000000000000000000000
0000000000000000000000000000000000000000000000000000000000000000000000000000000000000000000000000000000000000000000000000000000000000000000000000000000000000000
0000000000000000000000000000000000000110000000000000000000000001000000000000011222222221112210000000000000000000000000000000000000000000000000000000000000000000
1010000000000001010101010000101000111120000000000000000000000011010000000000012122012222112221000000000000000000100000000000000000000000000000000000000100000000
0010000000000010101100000000121000222220000000000000000000000010110111111110121220002222212222200000101010000001011000000000000000000000000000000000000100000000
0000000000000000010100000000021010111110000000000000000000000101100111111101222221110011212222111101011111001000000000000000000000000000000000000001000100000000
0010000000000001001000000000001010000000000000000011000000000011111111111011222222210011121212222111121211111111100000000000001000000000000000000010000100000000
0101000000000000010010000000000101000000000000000011000000000010110111110112212222221121122122223212222211221111100000000000000100000000000000000000000100000000
0000000000000000000100000101001111000000000000000011000000000010101111101012222222312222222222322232222211222111100000000010000010000000000000000000000100000000
0010000000000000010000001121111111121211210000000011100000000001010111011021221222222222222323223222232222222111000000000010000010000000000000000000001000000000
0101000000000000000000001112211110111011110000000012100000000010101110110112221221221232323222232232323222222211100000000000000000000000000000000001000010010000
0000000000000000000000001021110010000000000000000021100000000010010110100122222212122223222323222322232222232221110000000000000000000000000000000010000100010000
0010000000000000000000001111101000000000000000000012110000000010001010000122222122232223232232232223223223222222211011000000000000000000000000000000000000000000
0101010000000000000000001011110000000000000000000011210000000000000100100222222222322232323232323232322232232222111221000000000000000000000000000000001000000000
0010001000000000000000000011100000000000000000000002120000000000000000001222221323223232323232232223232222222232223222100000000000000000000000000000000000000000
0010110101000000000000000011100000000000000000000011210000000000000000002222222222322323232323223232322222222322232323000000000000000000000000000000110000000000
0101101111111110100000001011100000000000001000000002120000000000000000002222222223232232323232322323232322232323232322222000000000000000000000000000100000000000
0010111111112122121000001011111000000000100000000001211000000000000000002222222232323232323232233232323222323232323232321000000000000000000000000000000000000000
0101101111111212212000000001201101010010010000000001111000000000000000002222232323232323232323323233232323222323232332231210000000000000000000001111010000000000
0010110111111221212000001101102201101000111000000001111000000000000000002213232232323223323232323323323222232232323323222210000000000000000000022322201000000000
0001011111112122121200000100111201010001000000000001121000000000000000002132323323222323232323232332323223223223232323232210000000000000000000012222201000000000
0110101011111212212110001000111100011100010000000001121000000000000000002223232322323232333232332323232222232322323232322100000000000000000000012222110100000000
0001110111111122122210000100111110011110010000000000021000000000000000002222323233232323323233233233323223222232332332323210000000000000000000001010001000000000
0010001011111221221210000101021211011121121001000000021001000000000000002223332323323323232323323323232322323233233232323210000100000000000000000000011000000000
0010110110111122221220000101122221122231222111100000021001000000000001122332323233233233232322323232323232232332323323232211121100121000000000000000001000000000
1101101111111121212210000011223222112323222222110000011011000000000002323232332332332322222221233323232323323233232332322321111110101000000000000000000000000000
1010010101111212221220000102232323223232323232211101121211000010000011232323233233232121211111132323223223232332332323232222200000000000000000001001111111111111
0101101111111112122220000012223232222223232323222222223221100000000100232332332332321101010101023232322322223323232332323332210000001001000000000000000000000000
0010111111111121222211001111232323323222323332323223232211111110100010223323323323211000000001013323232323232323323323232323210000000000000000000000000000000000
1101010101111212222220001112123232323232332323332323222222200000010111323332333232110000000010113232323232323332233233323233321100000000000000000000000000000000
0010101111111121222221001222232333232323233333233232233222100000000023233233323331100000000001222332323222232322323333233333222000000000000000000000000000000000
1111121111212212222221111223323323323232323232332323232323000000000232323323233221000000000011223232323222222222222323333232320000000000000000000000000000000000
2212212222122122222221112222233233233232332333323332323232200000001233232333333311000000000101123233232222111111111233233333232100000000000000000000000000000000
2221221221222222222222112222332332332323233323332323232332211201011222222332332310000000001010123323323221111101112123323323322100000000000000000000000000000000
2212122122221222222221122223323323323232332333233332323232232211101232323323323211000000012101132332322211110101011022332333232000000000000000000000000000000000
2121211212122222222222222232333232232323323323333233332323322322111323233233333210000000132311133233232211101010101103323332331100000000000000000000000000000000
2212121221212122222222232323323323323233233333232333223232233222201332332333232110000000233221232332321111010101010113233223221000000000000000000000000000000000
2121212112122222222222233232332333233332333323333332333232323232222233323323333210000001032221332323322111101000100112332322222100000000000000000000000000000000
1111121121212122222222322333323332332332332333323233323323332333222323233233323211010000011213232333231222210000000103323222323211000000000000000000000000000000
1121211212122222222223233233233323233323333332333323232232323323222233332333233221110010010232323232323223210000000103332323222232100000000000000000000000000000
2212212221222222222222323332332232323333333233332332323232332332322323333332332322211000112323223333232332220000111113233232323222000000000000000000000000000000
2222222222222222222233233233332332332332332333323322323323233323323232332333322333222110223232323323323323211002222132323232332322100000000001000000000000000000
2222222222222222222323332333233233233323323332333323232323323332322223333232323323322223232322332333233232220123232333232323232332100000000020000000000000000000
3323223222222222223233233323323332333233233323233232333232323233232323323323233332332332333223323323332332222233323332322332323223200000000100000000000001010000
3232232232222222232232333332323233332332333333333333323332323332322232333232333233323233323333233333323323322332333323323223332332100000000000000000000000000000
3323223222232222223233332323323333233333333233232333233233232333322223333333332332332333233323333232333232333323323233232323223232200000000000000000000000000000
3322322232222222232332333332333323332333332332233323333333323233233223323332333323333333333333332333232333323233332332332322332323210011000000000000000000000000
3232323222222222223323323323332333323332323222222233333332332332333223233333333233332333232333323323323332332333333223323232223232320001111111101101010010001000
3323232232222222232333233233323333233322222212122223233323333223333322333333323333323333333332323232323323333333323333233323332323221000001010111111111110110110
3332323223232222323332232332323232333222121111112112333233323233333233333333233333333332332323232232233233233333332223323233233233323100000000001010101111111100
3323332332323223333323222323332323333221201111111211232333233333233333233332333333333233323222222222222323333333333333233232323323232100000000000000101101112000
3332323323222232323233323333232333332221111111111121323333333333333332332333333333333323332222221212123233233333333333332333323232322200000000000000000001011100
3323333233222233323332332323323333323221111111111112233333333333232333323233333333323333233221121121332323332333323332333323232333232210000000000000000000101100
3333323333222223233323223232333333331212111111111112232333333333323332333232333333333323323222112122323232323332333333323232323332323222110000000000000000010100
3332333233221222332332222233333333222221111101111121223323333333333323332323333333323233232322111223232323233233333323333323323323322322221110000000000000001110
3333332333222212223211112323332332332211111111111112223333333333333333333233333333233323223223121232323232323323233233323333232333232223222222210000000000001010
3332323332312122232110112223323333333221211111111111213332333333333333323233333333332332322322312323232232323232332333333232333233322232323232221000000000001110
3333333323221223321100111222333333332323221111111112122333333333333333332322333332333233232232222332322323232323323333333323323332323232323222211000000000000110
3332332323212233230001001123233333333233332111111121213333333333333333323232333333323323232322322323223232323232332332333232332333232323232332122100000000000101
3333323212222233320100010112333323333333322111111112123333333333333333333233333332332332323223223232232323232323233233333332333323332332323232322222111000000011
3323233222212233321001001012233333333323321111111121123333333333333333233323233233323323232322322323232232323232323323233333233333233223232323232322231100000021
3332332212223332331010000010333233333333222111111111233333333333333333332333333333333232323232232232322323232323232332333332333233332332322332323232323101011111
3323323221223323331000001002323333333333222111111212333332333333333333333332333332332333232323223232232322323232323233233333332333323232232323222323322121010111
3332333212233333331100010011133333333333322121121123333333332333333333323323333323323323323232332322322232323323232323323333333333233323323232322233233221111111
3323323221323333322100101221233333333333232211212233333333333333233333333233333333333232323323223223223232323232323233233333332323333233333323223223332322121111
3323232312223333322110002332333333333333333233332333323333333333333333333332333333233323232323232323232323232323232323333333323333332333323332323233233211222221
3232323212233333332210102323233333333333333333323333333333333333333333332333333323332332323232323232323232323232323233323333233332333333233233232332332201011121
2222122211123333232221011232323323323333333333333333233333333333333333333232333333333233232323232323232323232323232323333333333333333333332332333323323211110000
0000000000232332333221111222333333332333333333233332333333333333333333332323333333323323323232323232323232323232323233233333333333233323333333332333332210000000
0000000002223323333323111323333333323323323332333233333333333333333333333332333333233332323323232323232323232323232332333333233323333333323332333332323210000000
0011111110112333323333222333333333333232223233332333333333333333333333333233333332333233232323232323232322323232323233333333333233332333233233333233233210000000
0101010101012323333333333333333333332322322223233333333333333333333333332333333333333323233232323232323233232333232332333333332333233332323233332333323220000000
0011101010113233333333333333333323233222222223323233333333333333333333333333333333332332332323232323232322323323233233333333233333333333323232333333232211010000
0110110110122333333333333323323232322222222232332332333333333333333333333333333323323323323232323232323233232332332332333333333333333323332323323333322110100100
0011010101113333333333333233333322222222222323323323332333333333333333332333333233333333232332332323232322323232323323333323333332333333323233233332322100000000
1101101011232333333333332333323222222122223233232332323333333333333333333333333333332323323323232323232323232323233233333233332333332333333332323323222100010010
0010101111223333333333333333332322222222223232323323233323332333333333333333332333323332332323323232323232323232332333333333323333333332323333232333222101000000
0101011112123333333333333333233232222122232323233232332333233333333333333333333333233323233232323232323232323323333333332333333333323333233323323323221211000100
0011111011223333333333333332332333222222232332332333233232333333333333333333333333333233323323232323232323232333232333323333233333233322333233333232322111100000
0110101111233333333333333323333232332212323232323323323323323333333333333333333333332332332332333232323233323332333333333333333333333332223332222233222110001000
1111110102233333333323333233323323232222332323233232332332332333333332333333333333323333233233232333233332333323333332332332333332332221132231112122112110010010
1011010112233333333333332333233232323233232332332323323233233333333323333333333333333333332333333323333333333233333323333323333323333100021321001011110001000000
0110101012333333333333333333332323323322323233233233233323323323333333333333333333333333333333323333333333333333333233332333333333332000011011000000100010000100
1101011111233333333333333323233233232323233323323232332332333233333333333333333333233333333333233332333333332333323333323333333233323210000000001000000100001000
0010110111232333333333333233323323232323323232332333233233232333333333333333333333333323333333333333333233233333333333233333332333322220000000010000000000010000
0101101010113323333333333332332332323232323233232323323323323332333333333333333323333333333333333323333332332333323332333333323332121100000000000000100001000010
0011010101122233333333333233233232323323232323323332332332333233333333333333333333333333333333333333233333323333333333333333333332100000000000000000000100010000
1101101010111323333333333332332323232323323332323233233233232332333333333333333333333333333333333332333333233333333333333333332222100000000000000010001000100100
0011011101112133333333333323323233323233233232332323323323323323333333333333333333333333333333333333333333333333333333333333333111100000000000010000000001000000
1110110011011132333333333233233323233323323233233233232332333233333333333333333333333333333333333333333333333333333333333333333210000000000000000000010010001000
1011101100101123323333333333332332332332332332323323323323323333333333333333333333333333333333333333333333333333333333333333332310000000000000000000000000010010
0110101011010123333333332332323323323323323323233233233233233233233333233333333333333333333333333333333333333333333333333333232010000000000000000100001000100000
0010110101001133233333333333333233233233233233323323323332332333333333333333333333333333333333333333333333333333233333333332311000000000000000010000100010001010
1101101110111232333333333333233332332332332332332332332323323332333333332333333333333333333333333333333333332323232333333333221000000000000000000000000000000000
0011011010101123333333333323333233323323333233233233233233333323333333333333333333333332332323233333333332323232222222333333210000000000000000000001000100100100
0110110101101122323333333333333333233333323323323332332333233233333333333333333333333222222222223333323232322222222122133332210000000000000000010010001000010001
1101111011010111232233333333332332333233333233233233323332333333333333333333333333333222222222222333322222222221211211212333211000000000000000000000010001000100
1011101110111011221122333333333333333333333333332333233323333333333333233333333333332222221221212233322222212112112111111233221100001000000010001000100010001000
0111010101101111211122333333333333333333333333323332333333333333333333333333333333312122122121212133321211121121111010111122321010000000101000100101000100100010
1110111111111111111112333333333333333333333333333323333333333333233333333333333332110212121212121223322112111111010111111112321101010010010010010010010010001000
1001110111111111111113333333333333333333333333333333333333333333333333333333332321001011111111111113321111110110101223233232322110100100100101010101010100100000
1111111111111111111112223323333333333333323233333333333333333333333333332323233232221110101010101111321010101223212333332333232201010000001000101010101001000100
0111111111211211111222323222323232222222221223222223222222233333333333233222322222323323220111110011230101123332333323323332322211010101010010010101010100101000
1111111211112111121122233232222222222212121212121212121211222233333332322222121222232332332332322211221022333333333233333232322221101010000100100100100101000100
1111112112121112112223232323332222222222222121211121112112111122323222222212212122322223223233233323231323323323232332323223222222101010101001010010101010010010
1111121121111211212222232232233333323332322212121211211121121222222222222121121121111212122221222222223232332323223222222222221211110101000100101001010101001000
1111211211212121222222323232322232232223232232323222222222323233232221221212212121212121212121122121222222222122222212122212122121200000001000000010001000100101
1111111112121212222223231323223223223232223222322223232232222222222221212112111112111112111211111211121112121121111121112121211211111010000001000100010001001001
1111112121112122222223223232232322322322322223222232222322222222222211221212122121211221212121121211212112121121221212111212121111111000100010000000000010000010
1111111111121122221222222322222222222222222222222222222222221221121111111111111111111111111111111111111111111112111111111121112121111110001000010001000100010100
1111111111211221213223223222322322222222222222222222222222122212212211222121221121221121211212021211212121212111211121211112111111111101000000100000000000000000
1111111111111112122222222222222222222222222122222222222222122121121111111111111111111111111111111121111211121112112112121121211221111111010000000000000000000000
0000000000000000000000000000000000000000000000000000000000000000000000000000000000000000000000000000000000000000000000000000000000000000000000000000000000000000
0000000000000000000000000000000000000000000000000000000000000000000000000000000000000000000000000000000000000000000000000000000000000000000000000000000000000000
0000000000000000000000000000000000000000000000000000000000000000000000000000000000000000000000000000000000000000000000000000000000000000000000000000000000000000
0000000000000000000000000000000000000000000000000000000000000000000000000000000000000000000000000000000000000000000000000000000000000000000000000000000000000000
0000000000000000000000000000000000000000000000000000000000000000000000000000000000000000000000000000000000000000000000000000000000000000000000000000000000000000
0000000000000000000000000000000000000000000000000000000000000000000000000000000000000000000000000000000000000000000000000000000000000000000000000000000000000000
0000000000000000000000000000000000000000000000000000000000000000000000000000000000000000000000000000000000000000000000000000000000000000000000000000000000000000
0000000000000000000000000000000000000000000000000000000000000000000000000000000000000000000000000000000000000000000000000000000000000000000000000000000000000000
0000000000000000000000000000000000000000000000000000000000000000000000000000000000000000000000000000000000000000000000000000000000000000000000000000000000000000
