0000000000000000000000000000000000000000000000000000000000000000000000000000000000000000000000000000000000000000000000000000000000000000000000000000000000000000
0000000000000000000000000000000000000000000000000000000000000000000000000000000000000000000000000000000000000000000000000000000000000000000000000000000000000000
0000000000000000000000000000000000000000000000000000000000000000000000000000000000000000000000000000000000000000000000000000000000000000000000000000000000000000
3333333333333333333333333333333333333333333333333333222222111111111111111112222222222222223333333333333333333333333333223322333333333333333333333333333333333333
3332333333333333333333333333333232333333333232322222222212111111111111110111222222222222232333333333333333333333333332322323232333332333333333333333333333333333
3223222323323333323333333333322323232332323232222222221121111111101101011101222221222222322323232323333333333333333232222222323323233323323323323333333333333333
3322232232333333233333333333332232323323332322322222121111111111111011110111121212212222223232333233333333333332323232222223232333332332333233333333333333333333
2222222222232333332333333333323223233333232232222121211111111111101110111111112121222222232323332333333233232323232322222222323232323323232332332333233333333333
2222222222222333323333333333322323233232323322221212111111111111011011010101111112121222322323323323332332223232322221223233233333333232323233323332333333333333
2222222222222223333333333333323222332323332322212121121111111111111101101111111112112223223232333233323222222232222222222322323232323233232323233333333333333333
2222222222222223233332333333323223233233233222121211211111111111011011010101011111221222232323323323332222122222332222222223232323232323232323332332333333333333
2222221221222222233323333333332232323232332221212112111111111110110110101111111111212222323232332332323221211221222222122222223232323232323223233233333333333333
2222212212212222223332333333333323232333323222121121111111111101111101011010110111122222232323232323322212111112121221211222222223232323232232323323332333333233
2222122122121222223332323333332332323232322212112112111111111011101010110111101101212223223232323233222211111121213222222112222232323232222322323233233333333333
2212221221212121222323233333323233232323232221211211212111101111010111101101011111122222232323232332222121111112222222212122221222222222223223232323333333233333
2122122121212122222332323233332323232332322121112112111111111101101101011111110101112232223232323323222111111111112111111121212222222222222322323233233332333333
2212212121121212122233222333323223223232222212111121111111111110110110111011011111122222323223233323221211111111110111111211121222222222223223222323333233333333
1121212121212121212232323333323232323233222121111111111111111111011011011111111011112223232323232332212111111111011111111111112121222222322222223232323333333333
1212121211211211221233232332332223222323222211121121211111111111110101101101110111111222223232323322221111111101101011111111111112222222222222222223233233323333
1121212112112112112223223333323232232232322121111111121211111111111110110111101101012222323232323322121111111011011101110111010111111121212222232323232332333333
1112121121121121121223232333323222222323222111111111121222222111111111011010111011111223232323233222211111110110110110101010101101101111121222222222223323333323
1121211211211211212222323323332223223222321212111101112213232221121111110111011101011222232323232321211111101111011011010101011011011111112122222122222333323333
1121112112112111121222222333323222222223222121111111112112313211211111101101101011111222323232323222111111111010101010101010101010111011111211111222223232333323
1112121121121111211222232323332232222222222111111110112112232111112111111010110110101123232323232221111111010101110101010101010101010111111111112111222323333233
1121111211111121112121323233322323222322222211111111111211121101121111110111011011011222323233233212111111111011010110101010101010101111111111111212122333323333
1112121112121111121222232323323223222222222111111110111111110111111121111101110111111223233323323221111110101101101010101010101010101101110111112111223223333233
1121111211211211112121323233322322222322212211111101101112111111111111111011111212122223323232333211111111110110101101010101010101011011011111111121222333233323
1111212112112111121222233233232232232222122121111111011111111211110111110111111132321232332333232322111110101011010101010101010101010101110111111212123232332323
1121121121121111211212232332332323223222212211111110110111111111101011111111111122221223233323333222211101110110101010101010101010110110101111111112222323333233
1112111211211112112122233233323232322322212211111101101101011111011110101111111111211222333233232232211111011010110101010101010101010101111111111121222333232323
1121121121121121121212232333332323232232211221111111010101101010110111011111111111112222332332332212221110110101010101011010101010101011010111111212123232333233
1211212121211211212121223323233232232322212121111110111010101101011101101111111121222213323333332111222111101011101010101010101010110110111111111112222323323323
1121211212121112121121223232332222323232221122111111101101010110110111011111111112121122233333332211112210110110101010110101010101010101101111111121222232323233
1212122122112121212122232322332323222322211212111111011011101101101110101111111111111212333333322211112212011011010101010101010101101011011111111121213223232333
2121221221211212121212233232323222232232221112121110110110111011011111011121111111111122333333322221211131201101101101101010101010101101110111111212122323232333
2222222212121121112122323323232322322232221121211111111101101111111110101111111111111123333333322212212112211010111010101010101010110110101111111121222232323333
2222222121212211221213333232223232222222312111212111101111111111111101011211110111111233333333312222221321211111010111010101010101010101011101112212222323233333
2222212121211112121223333222232222322232222112121111111110111111111110111111111111112233333333221221212222221101101101101010101010101011101011111212222232333333
1121212212112121212332332322322322222222222111212111111101111111111101111211101111112332333333323221112322211111011010110101010101011101011111122122223223233333
1211121112111212223233333233223222222223232211121111111011101111111110111111011111122333333332222232122222212110110111011010111110110111111111112122232322333333
2121211221122221233333333332222322223222222212111211111110111111111011011110111111223333333333211212322222021211111010101101111112111111111111121222323212333323
1212121111212213332323332332222232222222232221121111111111011111111101111111111112233333333332212122112311111121110111011011111121212121121212122122322123333233
2121211212122233323333333323232223223222223222112111111101110111111010111111111222333333333332211112121122211112111110110111111211111111111121212123221233332333
2212122122233333233233333332322232232222232231221121111111101111111101112111112223333233333332211111211111221111111111111111111111111101101112121223212233233323
2222222233333323333333333233232222322222223223121211121111011111111011111111122323233333333332211111111111112212111111111121121111111111011112121232112332332333
3323323333332333323333333333323222232222222322221212111211110110111111111111223232333233333332211111111111111321201111112112111222211111111112112231113333233323
3333333333233332333323333332332322323222222332322121121121111011111111111122232332332333333333121111111111112223211011111111111222221111111121212321123332332333
3333333332333233333233333333323232332323222323222211211211211111011111111122323323333333333332212211111111112221122221222221111223211211112111123211233333323323
3333333233332333323333333323333323232322322222332221111121122211211111112233233333233333333333211121111111112211010122111222211222211121121112222212233333233233
3333332333323333333332333233323232323232323232323322111111111221212122223232333233333333333333211111121111121210101012211111122222111121111111222121333333332333
3333333333233333233233323333233332323223222323233232211211111112121222232333232332332333333333221111101212212111010112211111111111212111111122312123333333323333
3333323332333332333333233232332323232332322233232333212111111111211123233232332323333333333333321111111011111110101112110111111111222211111232122123333333333333
3333333323333323333233323333333322322233322232333333321211212121111222332323322233323333333333231211101111112111010111111111111111111121112322221133333333333333
3333333233333233332333233232332323222323231323233333332212111112122232333332333333333333333333232111111111121110101112101011111111111112112221221233333333333333
3333233333332333333333332333323222223332332233333233233222122221222333333323232333323333333333322211111011212111011111111101011111110112222212222333333333333333
3333333233333333233233233333232322333233322232332333323333323233233333333333333333333333333333232221110112121110111111111110101010101112222122233333333333333233
3333332333323332333333233332333233233333322332333333233233233323333333333333233333333333333333323221111111211111111111111111110101111111111222233333333333333333
3333233333333333332332223333323332333333232323333333333332333233233333333333333333333333333333232221111112111110111111111111111111011111112122333333333333333333
3333333333233323333332132323233323333333322333333332333323332333333333333333333333333333333333332222111121211101111111110101111111111211112223333333333333333333
3333333332333333323322223233333233333233223333333333333233333333333333333333333333333333333333323222111112111010111112111110101111111111121223333333333333333333
3333333323333323333322222332332212232333233333333333333333333333333333333333333333333333333333232222211111211101111111110111011011111111222233333333333333333333
3333332333333333333322213323331111233332333233333333333333323333333333333333333333333333333333323213211111111111111111101110111111111121222333333333333333333333
3333323333332333332322223333321111223323323333333333333333233333333333333333333333333333333333323222221111111111111111111101111111111212223333333333333333333333
3333333333323333233312233222321111233233333333333333333333333333333333333333333333333333333333323222221211111111111111011111111111122122233333333333333333333333
3333333333233331223222233212211111332333333333333333333333333333333333333333333333333333333333322312322111111111111101111111111112212222333333333333333333333333
3333333332333321112222332121111112233332233333333333333333333333333333333333333333333333333333332222222211111011010111111111112122121223333333333333333333333333
3333333323333322122222332212111112333311123333333333333333333333333333333333333333333333333333332322222211111110111111111111212211212233333333333333333333333333
3333333233333331111222321121111112333211123333333333333333333333333333333333333333333333333333333232222221111111111111111112122112122333333333333333333333333333
3333333333323322112223312111111023333111113333333333333321233333333333333333333333333333333333333322322122111111111111111222211121233333333333333333333333333333
3333332333233332111223211111110123333111123333333333333212122333333333333333333333333333333333333332222212211111111211212121112122323333333333333333333333333333
3333333332333331111223211111111133332111123333333333333311112333333333333333333333333333333333333333221221122211212121221212121222333333333333333333333333333333
3333323333333332111133211111101233332111113333333333333311112333333333333333333333333333333333333332321121212112111212112121112223333333333333333333333333333333
3333333323333332111133211011111233331111123333333333333311112233333333333333333333333333333333333333312211121121212121221211222233333333333333333333333333333333
3333323333332332111133111111111332331111123333333333333311111233333333333333333333333333333333333333221212111111111212111121223333333333333333333333333333333333
3333333333333332111133110101111333321111123333333333333311111233333333333333333333333333333333333333322121211111111111121212323333333333333333333333333333333333
3333233333323332111132111111112333321101123333333333333311111223333333333333333333333333333333333333322222121211121111212232333333333333333333333333333333333333
3333333333233332111123111011113323311111133333333333333221111233333333333333333333333333333333333333332222212111211112132323333333333333333333333333333333333333
3333333333333332111122111111113333211011133333333333333311111233333333333333333333333333333333333333323322222121111122232333333333333333333333333333333333332223
3333333333332332111122111011123233211111133333333333333211111233333333333333333333333333333333333333333333222221211222323233333333333333333333333333333333301113
3333333333233332111122111111132233111111133333333333333211111233333333333333333333333333333333333333333332322322222232332333333333333333333333333333333333111111
3333333332333332111123111111132233111111133333333333332311111223333333333333323333333333333333333333333333333232323233233333333333322233333333333333333333111011
3333333333333332110122211111122332111111233333333333323311101133333333333331111133333333333311113333333323333323323332333333333333110123333333333333333333110111
3333333323333232101111211111123332111111233333333333333311011123333333333211010123333333333111011333333233332333233233333333333321111113333333333333333333211111
3333333333332332111111211111113332111111333333333333333221111123333333331101101113333333332111111333333333333323333333333333332101111112333333333333333333111111
3333333333323331110112111110112321111111333333333333323311111123333333311011010123333333321101011122333333333233333333333333331011011112333333333333333333211111
3333333333233331111111211111112121111111333333333333333321111113333332110110101133333333311110111101333333323333333333333333321101101111233333333333333333211101
3333333333333321111121112111111111111111333333333333333221111112333321101101111333333333111111101011133333333333333333333333321110110111233333333333333323311111
3333333333333321111111111111111111111112333333333333332321111113333111011011113333333331111110010101123333333333333333333333332111011111133333333333333233321011
3333333332333321111111111111011111111111333333333333333321111122321110110110133333333311111101011011122233333333333333333333333111101011123333333333333333221111
3333333333333221111112111110111101111112333333333333332321111223211101101102333333333211210101010111211233333333333333333333332311110111123333333333333232321011
3333333333333221112111111111111011111112333333333333333321112222111010101123333333332211101010111122121223333333333333333333323322101101112333333333333333320110
3333333332333221211111111111110111111112333333333333333221121321110101011133333333322110110111111222212223333333333333333333333232111111011233333333333323321101
3333333333333121112111111111111111111112333333333333332321213221111010111333333333211010101101112222222213333333333333333333232323311101101123333333333333221011
3333333333332212121111111111111111111112333333333333333321222211101101112333333331110101010111222221221212333333333333333333333233231110101012333333333332321110
3333333333333121111121111111111111111113333333333333333222232121110110123333333211101010101112122222121222323333333333333333332332332101010111233333333333221101
3333333332332211212111111111111111111122333333333333333322222112111011233333321110101010110121312122121213333333333333333333333323333111011010123333333332211111
3333333333332212111121111111111111111112333333333333333222221211111111133332111101010101011212222222212123323333333233333333333233233211101011012333333333211111
3333333333332111111211111111111111211212333333333333333222221111121111123321111010101011112222323332221233333323321111123333333333333211101101111233333322111111
3333333323232211121111111111111111111112333333333333333222212121111110112111011101101111122232333333332233332222221101111333333332332321110101011123322111111111
3333232332332111111111111111111111111111232333333333333222211111111101111110110111011012323333333333333332323333321011011112333333323321111010111112221111111111
3322323233332211112111111111111111111112113333333333332222211111111111111111011110111133233333333333333322233333332111110111123333333321111101101111121010111111
3233232323223111121111111112111111111111112233333333332222212111111010111101101111111323333333222221121233333333333322111101111233333331111111011111111101111111
3322323232232111111111111121111211111111111123333323232222221111101011101110111011111222222111111101111112322222222323211110101111233221111111111111111111011111
3232232222223112111111111111111111111111111121222332322222212111010110111101110111111010101110101011011011233333333333332111011111112211111211111111111110111111
3322322222232121111111111111112112121121111111112123222122211211111011011111111111110101011010110110111111233333333333333211110101101011121111111111111111101111
3223222222222211111111111111121121112111111121121121222212222111111101111111111112101011101101011112122121333333333333333332111110110110111111111111111110111111
2232222222222211111111111111111211211111111112111112222122212121111111011111111111110101011011112233333333333333333333332333211111011011111111111111111101111111
3322222222222211121111111111121112112111111211211111222212122212121101111111111111101011111212233333333333333333333332333333322110101101111111011211111011111111
3222222222222211211111111112112111121222222122221112112121221221212111111111111111111111122333333323333333333333332333333332333111110110111111111111111111111112
3323222222222212111111112111211112222222222222212211122212122212121211111111111111111122223233333332333333333333333333333233333321111011011111110111111111111121
3232222222222212111111121112111221222222222221222121112121212122212122121212111121121311112232333333333333333333333333233333333332211110111011111111111111111112
3322232232222221121121111121112212221222222122221221112212122221212212121121121212212111112322333333233333333333333333333233333333321111111111111111111111111212
3323223222232222211211111211222222222222221222122212111221212122121211212111212121121111222233333333333333333333333333333332333333322111111110111111111111112121
3332322323222222221211212112222222212222122222221221212212121221221212111212112111221122122123333333333333333333333333333233333333332111111111111111111111111112
3333232322322322222122121222222222222222222221222122122121212122121211212111222122222221212333333333333333333333333333333333333333333111121111111111111111121212
3333323232232222322222212223222222222222222122221221221212221212121212121222221222322222232233333333333333333333333333333333333233333211111111111111111111111121
3333333323232323223222333332323222222222222222212222212221212221222121212223323322333322323333333333333333333333333333333233333223333222111111111111111111121212
3333333222323222222223233333323232222222222222222222222212222212221222233233233332333233233333333333333333333333333333333333333322233322111111111111111111211122
3333333223332222222223333333332323232222222222222222222222222223223323332333333323332333333333333333333333333333333333333333333222223322111111111111111112111212
3333333222323222222232333333333332322322232222222222222223232332333233323333333323333333333333333333333333333333333333233333333222221232211111111111111111112122
3333333223323122222323333333333333323232322232223223223232233333333333333333333223333333333333333333333333333333333332333333333232212212221111111111111112111222
3333333223322132222233333333333333233323223223232232232232333333333333233333333223333333333333333333333333333333333323333333333222221212221211111111111121121213
3333333223322222222323333333333333333332332323223223223333333333333233333333332233333333333333333333333333333333332333333333333222212121222111111111111211112123
3333333233232222222233333333333333333333333333332332333333333333333333333333332333333333333333333333333333333333333333333333333322222212232211111111111111111223
0000000000000000000000000000000000000000000000000000000000000000000000000000000000000000000000000000000000000000000000000000000000000000000000000000000000000000
0000000000000000000000000000000000000000000000000000000000000000000000000000000000000000000000000000000000000000000000000000000000000000000000000000000000000000
0000000000000000000000000000000000000000000000000000000000000000000000000000000000000000000000000000000000000000000000000000000000000000000000000000000000000000
0000000000000000000000000000000000000000000000000000000000000000000000000000000000000000000000000000000000000000000000000000000000000000000000000000000000000000
