3333333333333333333333333333333333333333333333333333333333222222222222222222222222222222222222222222222333333333333333333333333333333333333333333333333333333333
3333233323332333233233233233232332323232323232323232323223223222322222222222222222222222222232223223223223232323232323232323232323323323323323323332333233323333
3323323233233232323323232323232323232323232323232223222232232223222322322232223222322232232222232222232232223222323232323232323232232323232332332323232332332323
3332332323323232332323323232323232323232323222322322232322222232222222222222222222222222222222322232222322322232232223232323232323323232323232323232323323233233
3323232332323323232323232323232323232323232232232232322222322322223222222322222222222222222232222222322223223223223232322322323232232323232323232323332323323323
3323323233232323323232323232323232323232223223223222223223222222222222232222222222222222322222222322223222232232232232232232322323232323232323323233232332332323
3332332323233232323323232323232323232322322322322232322232222222232222222222222222222222222222232222232223222322322322323223232323232323232332323323233233232333
3323233232323233232323232323232232322232323223223222222322223222322222222222222222222222222222322222322232223222232232232323223232323232323232323232323232323233
3323323233232323233232323232323232232323222322232223223222232222222222222222222222222122222222222223222222232223222322322232323223232323232323232323232323233323
3332332323323232323232323232322323223232232232322232222222222222222222222222222111122002222222222222222322322232232223223223232323223232323232323232333233323233
3323232332323323232323232323232322323223223222223222232223222222222111111122221000000201200222222232222222222322222322322322322322323232323232332323323232323323
3323323232332323323232323232323232232232232232322223222222222222200100112222222012220101201322222222222223222222323223223232232232322323232323223232323323232332
3332323323232323232323232323232223232322322322222322222232222220011120222222222012221002102222222222222322223223222232232223223232232323232323232323232323323232
3323232323323232323232323232322323223223223222322222223222222111102220112222222012210002112210001222223222222222223222322322322323232232323232323232332332323323
3323323232323323232323232323223232232232232223222322232222212122202220012222222000001012112100210222222222232232232223223223232232323232232323232323233232332332
3332323323232323232323232232323223223222322232222222322222110002202220022222222000122022012002212222222222222222222232222232223223222323232323232332323233232323
3323232332323232323232323232232232232232222322223222222221001110101222022222222012221020021012222100112222322223223222232322322322323232323232323223232323233233
3323323232332323232323232323223223223222323222232222222210132221010221122222221012212021120022222012002222222232222223222223223232232323232323232332323232323233
3332323323232323232322323222322322322232222222322222222101222221100122022222222102122011110020111022001112222222223222232322232223223222323232323223232323232323
3323232323323232323232322323232232232322232232222222310201222222000122122222222101221121110120010010002012222222232223222223223232322323232323232332323233233233
3323323232323232323232232322322322322223222222222223102210222221102022122222222112221222220010110000120022222222322222232232232223223232323232323223232323323323
3332323323232323232323232232232232223222223222232221012220122221012122222222222122222222220001101003200222201222222223222322322322322323222323232323233232323233
3323232323232323232232323223223223232232232223222121012221000000022112222222222222222222222112002012101221003222220322223222223223223222323232323232323232332323
3323323232323232323232232322322322222322222222221210012222100000222112222222222122222222222221122012012110022222101222322223232232232232232323232323232323232332
3332323323232323232323223223223223232222322232211100112222221101222222222211111112222222222222222001012100022220003223222232222322322323223232323232323232323232
3323232323232323223232322322322322222322222322201110002222222102222222221103011112221121112222222012022001222200022222223222323223223222322323232323232323232323
3323323232323232323223232232232223223222322222001020101222220022222212222212111022221001212122222022021011222000122232222223222232232232232232323232323232323323
3323232323232323232322322322322322232223222221001121010011000222221122222222122222222220111102222121220112210000222222232232223222322323223232232323232323232332
3323233232323232323232232232223223222232222220010122100000001222221110212222222222212222111111222222210202100001222322222322232232223222322323223232323232323232
3323322323232323232223223223232232223222222310010222200000012222120221222222222221222222222121202222202120011002222222322222322223232232232232323223232323232323
3323233232323232322322322322322322232222232200101222222111222222210222222222122211222222222111210222212100220013222222222232222322222322323223232323232323233233
3323232323232323223232232232223222322223222200001222222222222222222222222221222121222221222221111222122002200032222232223222232223232223222322323232323232323232
3323323232323232322323223223232223222232222200003222222222222222222222222121100001222122222222201222222222200222222222232222322232223232232232232323232323232323
3323232323232323232232232232222322223222222100012222222201000011222222111100000000001222222222222222222222100222222222222223222322322223223223223232323232323233
3323232323232232223223222322323222322222232100002222210000000000122211000000101010000012222222222222222222001222222232222322223222223232232232322323232323232323
3323232323223232322322323223222223222232222200001210000000000000010001010110111101101001222121222222222222002222222222232222322223232222322322232322323232323233
3323323232323223232232232232232232223222222200000000001122221000000111111111111121110110112112122222222222102222222222222223222322222323223223223232232323232323
3323232323232323223223222322322322232222232200000000122222222100000012112121111211111211211121211222222222113222222232222322223222323222232232322323232323232332
3323232323223232232322323223222222322222322210000012222222222100000102212122221121122101112121121222222222122222222222223222232223222232322322232232323232323232
3323232323232322323223222232223223222232222222121322222222222000000112221222121212122111111122122122222222222222222222232222322232223222232232323223232323232323
3323232322323223232232232322232232222322222222222222222222221010000221223212212111232012211212212322222222222222222232222223222322232232322322232322323232323233
3323232323232322322322322223222322223222222222222222222222221010001220223221211212232012222132222222222222222222222222222232222222322322223223223232232323232323
3323232323223232232223223232232222322222232222222222222222220110002220123221222112323022222222122222222222222222222222232222223223222223232232232223232232323233
3323232322323223223232232222322232222232222222222222222222220110002212322212111122232122221221223322222222222222222232222222322232223232222322322323223232323232
3323232323232322322322322322222322223222222222222222222222210110003222221312122213332122222223222231222222222222222222222322222322232222323223223232323232323232
3232323232323223223223223223223222322222232222222222222221110110012222221311222222232121332322223222222222222222222322232222322222322232222232232223232323232323
3323232323232232232232232222232223222232222222222222222101101100022221121221222223232123232232332232222222222222222222222223222322223222323222322322323232323233
3323232322322323223222322232322232222322222222222222220010100110221210231231322232323222212322322322222222222222222222322232223223232232222323223232232323232323
3323232232323232232232223222222322223222223222222222210000112111220000123223222322233222223223223222222222222222222322222322222222222322323222322323223232323232
3232323232232322322322322232232222322222232222222222100000121212221001022323233223333222322332323232222222222222223222223222232232322223222232232232323223232323
3323232323232232232223223222322232222232222222222222000000111222221202332332332323332322233232332322222222222222222222232222322322223232223223223223232323232323
3323232232322322322322232223222322232222222222322221110000011323221212122122232333333232323323222222222222222222222222322223222222322222322322322322322322323232
3323232323223232232232322232223222322223222322222220111110101222222222222222223333321222222222222222222222222222232223222232223223223232223223223223232233232323
3232323232322322322322223222322223222322223222222201101210011212212212212122223323212222222222222222222222222222322222222322222232222222322232232232323232323232
3323232323232232232223232232223222223222222222222202121200111200112222132332233122122222222222222222222222222222222222232222322322232323223222322323222323232323
3323232232223223223232222322232232232222322222223101112101111100000121333333331212222222222222222222222222222223222232222232223222322222232232232232232322323232
3232323232322322322222323222322222322223222232222100012012131012101223223233321222222222222222222222222222222232222222232222232223222323222322322322323232323232
3323232323232232232323222223222322222232222322222000000111121103101132222333222222222222222222222222222222222222222322322232222322232222232223223223232323232323
3323232232223223223222232232223223223222223222222000000020311022012121222222212122222222222211222222222222222322223222222322322223222323222322232232322322323232
3232323232322322322232322322232222232222322222222001000012121121011211211110112222222222222010022222222222223222222222322222223232223222232232322323223232323232
3323232323232232232322223222322232222232222223222001120011111110121112112212122222221022222220022222222222232222232223222322322222322232322322232232232323232323
3323232232223223222223232223222322322322223222222001000100000000132212112211122322222122222222122222222222322222322232223223222323223222223223223223232232323232
3232323232322322323232222232223222223222232222232002121010000000233321102112212122222222222222222222222223222223222222232222232222232232322232232232323232232323
3323232323232232232222322322232223222223222223222200010001222112233232111122121121222222222222222222222232222232222322322232222322322222232322322323222323232323
3323232232223223222323223222322232232232222322222221101112221222133223221121221222112222222222222222222322222322223222222322323223222323222232232232232322323232
3232323232322322323222232223222322222322223222223223222222222212222322323222212221122122222222222222232222223222232223223222222232223222323223223223232233232323
3323232323232232232232322232223222322222322222322222222222222222223232232332232212222201122222222223222222232222322232222232323222322232222322322322323232323232
3323232232223223222322223222232223223223222232222232222223222222222332222322323231222122221222222232222223222223222322232322222232223222323223223232232323232323
3232323232322322323223222232322232222232223222223222222322222222222232222232222322222122221121322222222322222322223222322223232322322232232232232223232232323232
3323232323232232232232232322222322232222232223222222322222222322222322222223232222222222221222122222232222232222322223222322222223223223222322322323223232323232
3323232232223223222322222223223222322322322232223223222222322222222222222222222322222222212222222122322223223223222322232223232322232232232232232232323232232323
3232323232322322323222323222232223222223222322232222222322222222222222222212322222222222232222222222132322222232223223222322222223222322322322322323232323232323
3323232323232232232232222232322232223222223222322232223222223222222223232222222222232223222222222221102232322322232222232223232322232223223223223232232232323233
3323232232223223222322323222222322232232232223222322232222322222221222232221322222322222222222222221111112223223222323222322222232322322232232232322323232323232
3232323232322322323223222232232222322222322232223222322223222222222222221222323222222232223223223222111111222132323222232223232322223223223223223223232323232323
3323232323232232232232223222322232222323222322232223222232222222222232322223232222222322232222232223231111112323232232322322223223232232232232232232323232323233
3323232232223223222322322232223222323222223222322232222322222222222322222232322223223222222232222232322321211232322222223223232222322322322322323232232323232323
3232323232323232232223223222322232222223222223222322232222222222223223232323232232222222322222322322232222211232223232322232222323223223223223232323232232323233
3323232323232322322322232232223222322322232322223222322232222222232332322333322322232223222322223222322323223223232222232322323222232232232232322232323232323232
3323232322322232232232322322232223223222322223232223222322222223323323223332322222222232223222322223222322323232222323222223222232322322322323223232232323232323
3323232232323223223223223222322322232223222322222322223222222332333232323333223223223222232223222322232323233232232222323232232322232223223222322323232323232323
3232323232232322322322232223222223222232223222322223222222333323322323233323232222232223222232223222322232232322322323222322322223223232232232232322323232323233
3323232323232232232232322322232322232322232223223232233333232332232322323333222232222232223222322232223222323223223222232223223232232223223223232232323232323232
3323232322323223223223223223222223222223222322232222232222323222323223233233223222322322232232223222322232222322232232322322232222322322322322323232232323232323
3323232323232322322322232232232322232322232223221122212222222223232222323332232223223222322222322232223222323223222322223223222323223223232232322323232323232332
3232323232323232232232322322222223222223222322211122232222232323222223233233222322232223222323223222322323222232232223232232232232232232223223232322323232323232
3323232323232223223223223223232322232322232223110022223333323232312232332332232223222322232222232232232222232322322322322322322322322323232322323232323232323323
3323232323223232322322232232222223222223222322102102322323233323103232323332322322232223222323222322322323223223223223223223223223223222322232322323232323232323
3323323232323232232232322322323232232322232222111111222232323232112323233232223223222322232232232223223222322232232232232232232232232232232323232323232323233233
3323232323232323223223223223222222322223222322111001123222323222112232323322322232232232322322322322232232232322322322322322322322322323223232323232323232323233
3323232323232232322322322232232323223232232223111101112332322232121323233232232322322322223223223223222322322223223223223223223223223232322323232323232323232323
3323232323223232232232232322322232222222322322210011211323223222322223323322322223223223232232232232232223223232232232232232232232232322232322323232323232323233
3323323232323223223223223223223222323232223223211111211322232232233222233222223232232232222322322322322322322322322322322322322323223223232232322323232323232332
3323232323232323232322322232232232232222322232222110011322322322322322122122232222322322323223223223223223223223223223223223223232232322323232233232323232323323
3323232323232322323232232322322322322323223222322111102333333232223232212111232323223223222232232232232232232232232232232232232322323232322323232323232323233233
3323323232323232322323223223223223223222232232223221112333333333333323322122133332322232232322322322322322322322322322322322323223232223232322323232323232332323
3323232323232323232232322322322232232232322322322323223333333333333333333322233333332322322232223223223223223223223232232232232232322323223232323232323233232333
3332323232323232323223232232232322322322223223223222322322323233333333333333333323323333223223232232232232232232323232323223223223223232323223232323232323323233
3323232323232323232322322323223223223223232232232232223223222322223232333333333233333323333232322322322322322322323233232332322323232323232323232323233232323323
3323323232323232323232232232232232232232222322322322322232232232322322322232323333323333233333233223223223223232332323232323232232323232323232323232323233232333
3332323323232323232323223223223223222322323223223223223223223222232223223223223232333233332323323323232232323233223232323223223232232323232323232323232323233232
3323232323232323223232323232322322323223222322232232232232232232322322322322232223222323233332333232323232332322322322232232322323223232323232323232323232332323
3323323232323232323223232322232232232232232232322322322322322322232232232232322322233233332323323323332323232232232232322323232232323223232323232323232333232333
3332323323232323232323223223232322322322322322232223223223223223223223223232323233323332323333233233233232322323223223232232223232232323232323232332323323323323
3323232323323232323232323232323223223223223223223232232232232232232232232333333332333233333232332332323323233232232322323223232323232232323232323232332323233233
3323323232323232323232232323222322322322322322322322322322322322322322322333233323332333232333323323332332332323323232232322323232323232323232323233232332323323
3332323323232323232323232232232232232232232232232223223223223223223223223222333233323332333323233233233233232332323232323233232323232323232323232323233233233233
3323232332323232323232323232323232323223223223223232232232232232232232232232222333233323323233323323323232323232323323232322323232323232323232323232323323323323
3323323232332323232323232323232323222322322322212223223223223122322322312223232222133233233332313233232332332323232323323233232323232323232323232332332323232333
3332332323232332323232323232323222323232232232001200231102010120113201101320111012110123110201112011001201201111132323232323232323232323233232323323233232333233
3323232332323232323232323223232232322323223222010111220111020110212202011320101102002122101102011021030110110110022232323232323232323232323233232323323233232323
3323323233232323232323232323223232232232322322121222223112012122123221222222120122121223212101212212131312311221221323232323232323232323232323233232332332333233
3332332323233232323232323232323223232323223232323232232232232323232232322322322323232322232323232323223232333323323332323232323232323232323232323323233233232333
3323233232323233232323232323232323223232232322322322322323223232223223223232232232232232323222323232322323222323232323232323232323232323232323232332323323323323
3332323323332323233232323232323232323223232232232232232211211113121212111122112121112211121122112121112222323232323232323232323232323232323233323233233232332333
3323332332323232323232323232323232232322323223223223223211112121112121221221111121122111111211212121211232322323232323232323232323232323233323232323323323323233
3332323233232332332323232323232323232232322323232322323232332323232323223232323323232323323233232323232323232322323232323232323232323232323232323332332332332333
3323233323233233232323323232323232323232323232323232232323223232323222323223232232223232232322322322323232323232322323232323232323232323232323332323233233233233
3332332323323323233232323232323232322323232323223223232232232223222323232232223223232223223223232232322323223223232322323232323232323232333233233232332323323323
3323323232332323323233232323232323232323223232232322323223223232232232322323232322323232322323223232232322323232323232323232323232332323323232323323323332332333
3332332333232332323232323232323232323232323223232232322322323223232323223232322232232323232232322323232232322323232323232323232323232332323323332332332323323323
3323233232323233232322222222222232323232232323223232232232322322323232232322232323223222323232232322323232232323232323232323232323323222232332323233233233233233
3332332323332323233223102111112223232323232322323223232323232232322322323223232232322323232323223232322323232322323232323232323232323320323233233323323323323323
3323323233233232332321121221212232323232323232323232323232323223232232232232323223232232322232323223232322323232323232323232332323231122112232323232332332332333
3332332332323323323221122221111223232323232323232323232323222323223223232323232322323232232323232323223232323232323232221222122221223323132323332333233233233233
3323233233232332332332322222232232323232323232323232323232233232322323223232223232232323223232323232323232323223232323223222222223223232233233233232332332332333
3332332323323323233232323332323323232323232323232323232323232232232322323223232323223222323223232323232323232332323232332323332332332323323323323323323323323323
3333333333333333333333333333333333333333333333323232323232323323323233232332323232332333232332323232323232323323333333323333333333333333333333333333333333333333
