0000000000000000000000000000000000000000000000000000000000000000000000000000000000000000000000000000000000000000000000000000000000000000000000000000000000000000
0000000000000000000000000000000000000000000000000000000000000000000000000000000000000000000000000000000000000000000000000000000000000000000000000000000000000000
0000000000000000000000000000000000000000000000000000000000000000000000000000000000000000000000000000000000000000000000000000000000000000000000000000000000000000
0000000000000000000000000000000000000000000000000000000000000000000000000000000000000000000000000000000000000000000000000000000000000000000000000000000000000000
0000000000000000000000000000000000000000000000000000000000000000000000000000000000000000000000000000000000000000000000000000000000000000000000000000000000000000
0000000000000000000000000000000000000000000000000000000000000000000000000000000000000000000000000000000000000000000000000000000000000000000000000000000000000000
0000000000000000000000000000000000000000000000000000000000000000000000000000000000000000000000000000000000000000000000000000000000000000000000000000000000000000
0000000000000000000000000000000000000000000000000000000000000000000000000000000000000000000000000000000000000000000000000000000000000000000000000000000000000000
0000000000000000000000000000000000000000000000000000000000000000000000000000000000000000000000000000000000000000000000000000000000000000000000000000000000000000
0000000000000000000000000000000000000000000000000000000000000000000000000000000000000000000000000000000000000000000000000000000000000000000000000000000000000000
0000000000000000000000000000000000000000000000000000000000000000000000000000000000000000000000000000000000000000000000000000000000000000000000000000000000000000
0000000000000000000000000000000000000000000000000000000000000000000000000000000000000000000000000000000000000000000000000000000000000000000000000000000000000000
0000000000000000000000000000000000000000000000000000000000000000000000000000000000000000000000000000000000000000000000000000000000000000000000000000000000000000
0000000000000000000000101011011011011011010101010110110101011011011101111111111101111011011110110111011111111111111111111111111111111111111111111000000000000000
0000000000000000000000222222222222222222222222222222222222222222222222222222222222222222222222222222222222222222222222222222222222222222222222222200000000000000
0000000000000000000000222222222222222222222222222110222222222222222222222222222222222222222222222222222222222222222222222222222222222222222222212220000000000000
0000000000000000000000222222222222222322322222321000012212122322222223222232222322223222232222322222223232222222222222222222222222222122221222222221000000000000
0000000000000000000000222012021011132222223223220000001222222223233232323223232232323232323233232323323232332323323232323232323232323232323232323221000000000000
0000000000000000000000222101111211222232222222220000002122213232232322332223323233232323223232232323232332233232232323232233222323223232232322322221000000000000
0000000000000000000000222121211120222222232232220000001222213222233222322323232232222323233232332232323232232322332323322332232332233223232223323222000000000000
0000000000000000000000222222222222222222322222322000012222222323232323232323323233233232323232323223232323233223232323223232323232323232323232232221000000000000
0000000000000000000000222111113111112121212132222211223222232222223232323232232322322323232323232323232232322323232322323232323223232323232323222221000000000000
0000000000000000000000222211112212121021220222323212122122212212222223222232323232323232323223222232322323232232322232322323232232322232223222222222000000000000
0000000000000000000000223111203102121111121322222122221222122122222222312222112221222221231122311223112232312223121231213221123112222113221132011321000000000000
0000000000000000000000222222222222222222222223232221121201221112231123212222222222123121321113212132121323222222211322122222132221321312212122102222000000000000
0000000000000000000000222222222222322232232232222121122112221121222212221223222223222322232222231323223232232232322232222322323222232223221322222221000000000000
0000000000000000000000222232222232222222222322222222221322213222221122301231112221123111221113222232232223223223222223222323222312322322211132111222000000000000
0000000000000000000000222322222222222322323222222122231322222222221213221222222222222222222222231322322322322322322232223222232222223223221222203221000000000000
0000000000000000000000222221122222122212222222322121122112221122221122211223222322223221322122323223223223223223222222232232222223232222221222212222000000000000
0000000000000000000000222221111120122011222222222120121111211111222122222222222222322222223132232232232232221211121211212222221221212222211223112221000000000000
0000000000000000000000222210111222122212322111201121121211221112221122222012002222223222232222322322322322221112111212111222111101011121311222112222000000000000
0000000000101010100101222211121122222222223212222212212122112221222222232122213222232222322232223222222222311111111121111122122111222222212222112221000000000000
0000000022222222222222122222222222222212232232222222122222222122232223222222121212112121121212121121212121121212121212121212111212112111121121212222000000000000
0000000022222223223222322222222222222212223232322322322322232323222322222222212122221212212121221222121221222122212212212221222122221222222212212221000000000000
0000000022232222222222223223223222222212232213222223223223222222322222221211112222223222232322322222223222322222222232232223222322223222222232222222000000000000
0000000022222232232322322232222222322212222012200232232232223222232221220101101232232211212223222211222212222322222222212221222222322223223222222221000000000000
0000000022223222322223222222232222222212222222322223222323222232222321122110122222311000001222220000001212232211212112121212121222222322232222222222000000000000
0000000022232232222232222222222222222212222222212322322222222222322223222222222232210011100022200111100122222122222232222222222122232223222221221222000000000000
0000000022322222322322223222322322222212222322222232323222232232223222222212122322100222221001001222220012321221321211231221111312222322223212212122100000000000
0000000023222232223222232223222223222212223222213223222323222322232223222122123222002222222100012211221003212221221220221212221221232222322212122122210000000000
0000000022222322322223222232222232223122222322222232323222223222222322232221222222002211122200122210122011222212221212121212222121222322222212221222221000000000
0000000022223222222322223222222222322122223222222323222222232222322222222213122222003210112201022100122002212221221221211212231221322223223222212222322100000000
0000000022232223223222232223222222232122222222212232323222222222222223222122122222001223222100012221222002222221221212211212221221223222222222222223222210000000
0000000022222222232223222322232232322222223222322322322222222232232222223212132222101222221001001222220012321221111221220221111221222222222222222232222200000000
0000000022222322322232222223222322223112232122211223223222222222222111120101102223200011100013100011100122222122222222322222222212110010120111322310112200000000
0000000022322222222322323232223223232122222113210323222323232322322211120110111232221000001132220100001222322212122222122222121122101101021102222100001210000000
0000000022222223222223222222322232222222223223223222323232223222222322222211222222222211122222222111122222222222212121221212122232221122222222222000000100000000
0000000022223222222222222322223222323212222232222232322222232232322222223223223223222222222222222222222223223222222322223222222222221302222222322000000110000000
0000000022222222222232222222322323222212223222323222232323222222222222222222222232211201110212020111111022232223232222322222322322222122222323222000000200000000
0000000022222232222222222222223222232213222323222223222222222222222101120100101222201201102011121120110212222232222232222232223222221212222222222200001200000000
0000000022222222222222222222322232223212223222223202220232222222222111120101111322201101111111020111011112322322223222322222232222221212232222322221112200000000
0000000022222222232222222223223222232212222222232212211322222222222222222221222223212121211221212122121122223222232223222222322222322222222223222322232200000000
0000000022222222222222223232232223222212232222222322223222222222222222232222222232222322223222232222222322322222322222222232222223211212222232222222222200000000
0000000022222222222222232223223232232212222222222222221222221222222232222222223222232222322222322222322222222232222232223222223232222222222222222222222200000000
0000000021221212121212222222222222222212232222222212222222222113223222222223222223222223222223222232222232223222223222232222322222223222232212121212122200000000
0000000000000000000000222222121222322232322212222222222222222002232222322232222222223222222322222322232222322222322222322223222223222222222222222222221200000000
0000000000000000000000222322222232232322223122222222221212122101322232222122113222322232223222223222222222222222222232222222222222232223223232323232322200000000
0000000000000000000000222222222322322223232022221221222121212202223222222012102222222322232222322222322323223223223222232222232323222222232322222322222110000000
0000000000000000000000132232323223223232322122212212121212222112222322322232223223223222222223222322222222232222222222111132322232232211232232223322231200000000
0000000000000000000000222222222232222323223122222222222222222122232223223222222232222232222322232223223222322222232322011023233232323202132322323232312210000000
0000000000000000000000222122222222122232232212222222222122121222322322232222222222223223222222322232232223222322322222222223232223233222233232232323221200000000
0000000000000000000000122012122221203222322222221221222222222222222222221111111112232222222222222322222222222223222323223223222222232223232322323232322200000000
0000000000000000000000222011222211102203211212121321222032121202211221121002102113222222220221222112212221220222232222323222222222223222223232223232222200000000
0000000000000000000000122012222221012111111201111220211022011012211210221011111212232223221121122022102201221223222232323222222222222312132323223232231200000000
0000000000000000000000222022221221203222322222222222222222322222222222221212112222323223222222222222222232222222223223232223222222223212132232232323212200000000
0000000000000000000000122022222222112222222222222223222223222222322222221111212113222232222322323222322322232223222232232222322222232323232222323232321210000000
0000000000000000000000222222222222222322232232222322232232222322223223222222132122223222232222222223222222322322232222322222222222233222322223232323222200000000
0000000000000000000000123223223222222222222322222223222222222222222232223213222212322223222322222121212222222223222322001032223222323201132223222332222200000000
0000000000000000000000222232222211222223223222322322222322322322322322222122123112222222232222121222221212232322232232121123332323232212232222223232222200000000
0000000000000000000000122322023232232222222223222222322222222222222222222222222113223223222322111223211212222223222322323232223232322323222232322322222200000000
0000000000000000000000132222122223222222322232223223222223223222322223222222122212222322232222122231222212223232223223232323222222223232323223223222222200000000
0000000000000000000000122322322301222222223222222222222232222222222322223122122113223223222322323222322222322222232222222222112112222222232232222212122210000000
0000000000000000000000132222223222222222232223223223221212232322211222322222222322232223223222222223223222223222322232232322223222232323222322232221222200000000
0000000000000000000000222212221122212212222222322232222122322222222222222222322232223222322222232232222223222223222222222222322222322222222222322212122210000000
0000000000000000000000122221221223112221223222232222222222222223222223223223222222222223122222222212232132222232122222223222222223222223222231222231223200000000
0000000000000000000000122222222222222222222222322223221112322322111222232232222223222322223222232223222222323222223232232223232232222322223222222322222200000000
0000000000000000000000122222232323232322322222222232223223223222323222322322322323223232232322323223232323222323232322323223232323323232323232232221222210000000
0000000000000000000000122122223232323222100112222322221112222223111223223232221131112221123111231112311123011321113211131111311122111221112211322321223200000000
0000000000000000000000122211322323232231212222232222322222222232223222322322322232222322222222222223222232222232223222232223222223222232222322222221222200000000
0000000000000000000000122112222232322323232222322232222222222222222232232232223223232223232323232322232322323222322323223232232322323223232223222312132210000000
0000000000000000000000122211323222232322222322222322221112323232222223232322322322322322322232223223223223222323223222322322323223222322223232222221222200000000
0000000000000000000000122111232223232232222112323222322323232322322323223232223223223223223223232232232232232232232232232232322322323232232322322312123200000000
0000000000000000000000122111322222323222122212222223223222223223223232323223222322322322322322322322222322222322222322322323223223232322322323222221222210000000
0000000000000000000000122202222232232323223222323232232223222222231323232322232232233232232232232223223222323223232223223232232322323232223222222321223200000000
0000000000000000000000122212232222322232232223222222222232012212301222223232223223232323223223223232232232232232223232232322323223223323232232322221222200000000
0000000000000000000000122212222323222322212212232232322322112212221222232322322232232322322322322322222222322322232222322232322322323232322322222311222210000000
0000000000000000000000122222323222223222101122222322223222323223232323232232223223223232232232232232232232232322322223223232232232232323223223222221223200000000
0000000000000000000000122323232232332232222222322222322232222232312231323232232232232223223223223223223223223223222222322323223223223222322322322221222200000000
0000000000000000000000132222222233222322232322222323223223232322222322232223222322322322322322322322322322322322222323223232322323232232232232222322222210000000
0000000000000000000000122222222222222221322223220232323231113223232323232322232232232232232232232232232323232232323222322322232232322323223222322222223200000000
0000000000000000000000122221222222212222223222311223232322112322323232333232223223223223223223223223223222322323222323223223223223223232232232222221222200000000
0000000000000000001112222322322232323222322223221232323222113232323232332322322232222322232322322232322232223222232222232232322232232222223222322221222200000000
0000000000000000122222232323232323232332323232322232232322222323222322323232221131112221123111231112311132111321113211222112221122211231112311222321132200000000
0000000000000000222232223232323232323223232323232323323232223222322122132223232323232332323232323233232323323232323323233232323233232323232322232221222200000000
0000000000000000323222232323232323232332323222323232232222322323221322222322322232323223232323232322323223232323232232322323232322323232323223222320222200000000
0000000000000000232232323232323232323223232322222322322322323222323222323223223223223232323232323232323221312132323323232323223232322323222322223221222200000000
0000000000000000322322332323232223232322322222122232232232232232232232232232232322322323221212121212121212221213232231212121221212122121121111112222222210000000
0000000000000000223223223232322322322232232212222223223232312222322322322302122232232232223232323232222222212222322323232323223132222222222222222221112200000000
0000000000000000322232232322232232232322322121122232323232222222323223232222223223221222322322232223111111112013223222322232231111112121111220111200001200000000
0000000000000000223222323223223223223223222112221322232321111112232323221111121232232223223223223232122111111122222232232322321111111021111220111000000110000000
0000000000000000232232232232232232232232231121212232323201112110123232201121111123221122222232232222222222322222322322322223222322222222222222222000000100000000
0000000000000000222322323223223223223223222212222323232111111121022323011211210112322132311322322321222212222123222222112322222222222213221222212000000110000000
0000000000000000232223232232232232322322322122222232322011111222103321011112221013222223222222223211223112232122223231111211122110230112211122111200000200000000
0000000000000000223232232322322322232232232222232323231121212221103230121111222002231222311322122221222212222122322222112322222222222222221222221221112110000000
0000000000000000232223223223223223223223222323232323221212221221102320122222222012322132222222213221132112231222223222112221122210222103221122111322221200000000
0000000000000000223232232232232232232232232322323232321122222212103230122222121103221132311232112221222212222122322222102220122111231022210222102222222100000000
0000000000000000222322322322222222222222322223232323232122222222122330222221222022322323223222223222222222231223222232222223122322222222222222222223222000000000
0000000000000000232223222222222322222322222232322223232223232323223322232323232223222232322223122222223222322222232222222321322222222222222222222222220000000000
0000000000000000222322223232323223232222212223222222323222323232223233123232322232323232322322323232232223222232323232223222223222232222322223122223200000000000
0000000000000000122222222222222222221212122232222222232322222222232323221222212323232323232323232322323232232323233232323232323232322232232232322222100000000000
0000000000000000000000122222222223222121212222222222223222211122323232323201133232323232332323323233232323323232332323232323232323233323232323232322000000000000
0000000000000000000000122232222222222212222232222222232232222122222322232222222323233232332323323232323323233323323232332233323232323232323232332221000000000000
0000000000000000000000122222222223222222222322222222222222222222223222222222223223232323323233232333232332323232323232323233232332323323233232323222000000000000
0000000000000000000000022222222222222222222222222222222222222222222222222222222222323232232323232322323232323232232232323232323223232323232323232221000000000000
0000000000000000000000000000010100010010101010101010101011011011110111111111111111111111111111212112112112121211211111121111111121111121111111111111000000000000
0000000000000000000000000000000000000000000000000000000000000000000000000000000000000000000000000000000000000000000000000000000000000000000000000000000000000000
0000000000000000000000000000000000000000000000000000000000000000000000000000000000000000000000000000000000000000000000000000000000000000000000000000000000000000
0000000000000000000000000000000000000000000000000000000000000000000000000000000000000000000000000000000000000000000000000000000000000000000000000000000000000000
0000000000000000000000000000000000000000000000000000000000000000000000000000000000000000000000000000000000000000000000000000000000000000000000000000000000000000
0000000000000000000000000000000000000000000000000000000000000000000000000000000000000000000000000000000000000000000000000000000000000000000000000000000000000000
0000000000000000000000000000000000000000000000000000000000000000000000000000000000000000000000000000000000000000000000000000000000000000000000000000000000000000
0000000000000000000000000000000000000000000000000000000000000000000000000000000000000000000000000000000000000000000000000000000000000000000000000000000000000000
0000000000000000000000000000000000000000000000000000000000000000000000000000000000000000000000000000000000000000000000000000000000000000000000000000000000000000
0000000000000000000000000000000000000000000000000000000000000000000000000000000000000000000000000000000000000000000000000000000000000000000000000000000000000000
0000000000000000000000000000000000000000000000000000000000000000000000000000000000000000000000000000000000000000000000000000000000000000000000000000000000000000
0000000000000000000000000000000000000000000000000000000000000000000000000000000000000000000000000000000000000000000000000000000000000000000000000000000000000000
0000000000000000000000000000000000000000000000000000000000000000000000000000000000000000000000000000000000000000000000000000000000000000000000000000000000000000
0000000000000000000000000000000000000000000000000000000000000000000000000000000000000000000000000000000000000000000000000000000000000000000000000000000000000000
