0000000000000000000000000000000000000000000000000000000000000000000000000000000000000000000000000000000000000000000000000000000000000000000000000000000000000000
0000000000000000000000000000000000000000000000000000000000000000000000000000000000000000000000000000000000000000000000000000000000000000000000000000000000000000
0000000000000000000000000000000000000000000000000000000000000000000000000000000000000000000000000000000000000000000000000000000000000000000000000000000000000000
0000000000000000000000000000000000000000000000000000000000000000000000000000000000000000000000000000000000000000000000000000000000000000000000000000000000000000
0000000000000000000000000000000000000000000000000000000000000000000000000000000000000000000000000000000000000000000000000000000000000000000000000000000000000000
0000000000000000000000000000000000000000000000000000000000000000000000000000000000000000000000000000000000000000000000000000000000000000000000000000000000000000
0000000000000000010000000000000000000000000000000000000000000000000000000000000000000000000000000000000000000000000000000000000000000000000000000000000000000000
0000000000011011010100100000101001000000000000000000000000000000100010000000000000000000000000000000000000000000000000000000000000000000000000000000000000000000
0000000001222322222222222222121111110111111122121212111212222211111211110101000100000000000000000000000000000000000000000000000000000000000000000000000000000000
0000000012323232323232323232323323233232323222323232323232322323232222322232211100222222223232323222221221111100000000000000000000000000000000000000000000000000
0000000102232323232323232323232332323232232332322323232323232322323232222322223233222232222222222222322223232323231222111112111211111100100000000000000000000000
0000000011332232323232323232323232332322323233223232323232323233222222323223232222323222322223232223222322323232223222232222323232322222200001110000000000000000
0000000102222323233322323323232323223232332323232323323233232323232323223232322232222232222322322232323232232223232232322232132232232322311121223221100000000000
0000122222332332323233232232333233332323232332323232332323233232323232232322323223222222223223223232232232323232323232232223223232323223222232232222222100000000
0000132223232323232323233233322332323323232323333232323233232323232232323232322322232212232222322323223233232323232323232322322323232232223232322322222100000000
0000132332323333323233323323233233232332323332323223233332323232323232332323223222222222322232223232323232323232332323323222232232322323232323232232222101000000
0000223232323232332323232332323232323233332323323323323232323323222323232232222222222223222222322323232323232323232232232323323323233232323222323222222200000000
0000132323232333232323323232322323232322323232232322232323232332323232322322222322232222223223223222322323232332323233232332232233232323232332232323222221000000
0000223332323232323232332323323233233233233323323233233233232323323323222222223222222222322232222232232323232323232323323232322332323323323323323232323222100000
0000133232233323323323233232323332323232332323232323232323323233232232223222222222222223222222222322232322323232323233232323233232332332332332323232232322200000
0000123323332323232323232223232323232323232332333232323233232323232222222222222222222222223222222222323232232323232332323332322323232323232233232323323223000000
0000232323233232323232323232323332332332323232323233232332323232222222222222222222222222222222223223222223223232323232323223233232333233323323232332232322100000
0000223233232222332323232323232323233323232323232332333323232322222222222222222222222222222222222222223232323222323223232322322323232323232232323233232323000000
0000132323323333233232332332323232323233223332323323323233223222222222221222222222222122222222222222222232323232322333323233232322333232333323232323232232000000
0000223233233232323232323323232323233232333232323232332332222222222222212222122212212222222222222222222323232232323323232322323233232323323233232332323321000000
0000132323232323323323233233323332333323232323332332323322222212212122222212222212222122222222222222233232323323232332323233223232323233233323233233232231100000
0000133232323332332332323332323233232332323233233323232222222121221222221221212212212122122122222122323233232232223233233223232323223232323232332322323221000000
0000232323323232323223232323232323332323323233323232322222122222212221222212122121121221221222222323232323323323232323232323323322232323233323232323232321100000
0000223233233233232322323332333232323232323322332332322221212121221212212121212212121212212212223232323322232223233233233232323222322232323232332322323220000000
0000232332332323323233232323323323232323323233223322222122121221212122122112121121212121122122332323232232322332323323322323232232223223233323323232232320100000
0000232323323233233232323233232323233332332323232222221212122112221212122121112112121212221323233232323322232323232332332323232322222232323232323232323220000000
0000323232323323323232332323323323323233233232323222122221212122112121211211211121212122123223232333233223323323323233232323232322323223232323232323222220000000
0000232323332332332323223232332323232332332332231221211212121221212112121212112122111222232323323223232323233232332322323232333232222232323232323232232310000000
0000223232333232323232332323323232323323323323222212121221212112111211112121121211121222323232323233232332332323323232323323232322222323233223232223232311000000
0000232323232323323332323232332323232323232322222121212112111112112112112111121212113232323233232332323233232332332323232332323232322232323232323232323220000000
0000223232333233233232332323323232332332323222222121212112111212111121121112112121222323232323323233232332323233232323232323232322222222232323222323232311000000
0000132323323323323323323332332323323232232222222121221212111112121211121211121222323232323232323323223323232323323232323232323232222223232223222323323220000000
0000133232332332332323233233233233232322322222222212112111111121211112111111221233232323233323232332323232332332332323232323233232222222322323232232323220000000
0000132323323323233232332332323232323232222222222121121112121211111121111212132232323232323232323323232332323223232332332332322322222223223232323223232310000000
0000123233232332332323323323332323233232222222222212112111211111111111211122323232323323232323233232323323232232323223233232232332212222232323232322232220000000
0000132323323233323233232332323332323222222222212121212112111212111121121222232323232332323232323323232323232323232332323323232323212222223232323232322310000000
0000123323233323232323323233233233232232222222222121211211121111111211212232323232323232323232323232333222323223233223323232323232212122323223232322222210000000
0000132323323233232332332332323232322322222222121212112121112111211112132232232323232323232323232323232232222223232323232333232222211222232232323232223201000000
0000033233232332323233232323233323232232222222222211211211121121111222222323232332323232323332323232323322332232323222323232322322211122323232322322322200000000
0000032332323323233232323233332323222222222222121122121121111211211222323322232323232332332323232323232322322223233233232322323232111122232322232322322210000000
0000023323233232332323332332323232322222222222212121112111112112122233232323232323232323233232323232333232222233232323232323223222110112323232323232323100000000
0000023332332332323332323233232323222232222221221221211121111112223223233222323232323232322323222323232322322332323232323232232322101022232323232323222110000000
0000022323323323332323232323323232322222222122121211121112111222332323232323232323232323332323232323232223222323332323232222322322100112222323232232323100000000
0000023232323233233232323233233232232322222221212121211211213232323323233232232332323232323233223232322232232232323232322223232231000102232322323323232200000000
0000022332332332332323232332332232222222222212121212121112222232323232323223223232332323232323232323223222223232332223222222323221000111323233232332323200000000
0000022323233323323232323323323223223223222222221121212122232323232332322332323323223232323232322232222232222323222232222222232220000001232323323223232201000000
0000022232332323233323232332323232322231222212112211212232332323323232323232232232332323232222222222222222222222222222232222322311022111323232323323223200000000
0000013323223333232323232323322323223222222222222112132323323232323232232323223232322332222223222222222222222232222222222222222210112321232323232322332300000000
0000023232323233323232323233233232232222222212212122223233232332323223232323232323232223221322122122212222212222222222222222222210012222323232323232323210000000
0000032323233232333232332322332323222222222221221222323232323232323232323232322322212222222122221221222222222222222222222222222310012222323232232323232300000000
0000023232323323232323223232323232232232222222122232232332323232332323222323222111112121322222222212222222222222222222222222223210011222323232323232322211000000
0000032323232332323232323323233223222222222212222323232323232323232322323222211110111212222211121222222122121222222222122222232220011223232323232323232310000000
0000023232323232323233232323323232322232222222223232323233323232323232322222111110111121122222112121211212122222222222222222222210103223232332323232323201000000
0000022323232323232232323232323232232232222222323323232323232323232323223110110101001111122222211211112121221221223222222222322320012223232323232323222210000000
0000013232333232323232323232332323222322222233232323233232323232323232221111001011011011121222222121212221212222222322222222222220012232323223233232323200000000
0000013232323233232323232323233232323222222323323232323232323232232323211110100110001011112122222222222211121212232232212222222310112233232323323223232200000000
0000012323232323232332323332323232232222223232332333232323232323223222111101001000100010111211222222221012212222222322222222223220112323233232332322322210000000
0000013232332323323232323233232323223222232333233232323332323232322322211101000010001100101111121111111111122122122232212222222231023232323232322232323200000000
0000003232323232323323232323333232322223233232332333232323232323222222111100100101010100011011111112111111112221223232222122222321232323232323232323232200000000
0000003323232233232323232323232332232232323323323323323232323222222222221110001000010100000111101111111111112112122222222212223221323232333232332323223200000000
0000012232323323233233323232323233222323233233233232332323232222222222111010100001001000101010101010111111111121222232322221222232323233232323232322322200000000
0000013232332333232323232333232323323232323323323323233232322222222221211101000100010101000010011101011110111211122223222222222322323233323332323232223100000000
0000022323323232323232323232323232323232323233232332323232222222222212111010000000000000101010101010110111111122222232232222232323232323232323222323232100000000
0000023232323323332323232323323323232323233323323323232322222222222221110100001000100001000101010101011011111211222222322212223232333232323232332322312010000000
0000032323232323232323233233233232323233323232323233232222222222222221211010000010000000101010101010110110112111212232222222232323232323232323232323221000000000
0000023232323232323232332332332323332323233323233332323222322322222222110100000100001001010110101110111101111112112222322222223232333233232323232232322100000000
0000032323232323233323323323323332323333332323332323232223223222212212111010100000010010101101010101101011111121122232222222232323232332323232323223232200000000
0000023232323232332332323232332323332323323323233232322232232322222221111100000100000001001111010110110111111212121222222222323232333232332332323223223100000000
0000032323232323233232332323323232323233233233323223232323232323212212111010000000000000010111111101101011111121112222222222323323323233232323232323232200000000
0000023232323232323323223233232323233323332323232232323232323232222221110100010000010100101011011111011111111111122222222222223232323232323232323323232300000000
0000032323223323232323232332323323323233232332323233232232322322223221111010000010101001001010111011111011121111212222122222332332332323232332332322323210000000
0000023232323232323232233323233232233332323233222323222323232232222221111101100101000001010001010111110111111211222222223122232323233232333233223223232310000000
0000032323232323232323323232332323232323323322223232323232323322322212110111000000000010101010101010101111111121212222222221233223323323232332222232223210000000
0000023232323323232322232323232323233333232332322232232223232323223211101001010000000100101101011101110111111212122122222212222332232232323232323232232311000000
0000032323232232323232323223232332332323233222222323222323223232322221110010000010001001011110111111011101111121211222222222223232333323332323232322323220000000
0000022232323323232323332232323223323322323233222232232232232223232211101001000100000000101001000101111011111211112222222212222323232332233232322223232320000000
0000023232332323232333232323232333233233232332323222322322322222322212010100100001001010110100100110111111111111121322222222222232323232323323232322223230000000
0000023223233232323232323232323232332323223233232323222222222222222221101010001000010101010011001011110101111112122122222122222323232323232323232322322320100000
0000032232323323232323332323332323232332332322323232222222222222222221111101000010001010101101010111101111110112211222222212222232333233323232322323223221000000
0000032223232232323233233232323232323233233233232322222222222222222221110100000000100101101011011101011111111112112222222122222222322323232323232323232230100000
0000023232322332332332323233232323233232323323323223223222222222222221201010001001010010010010010110111111111121122222222221222223233232323232323232323221000000
0000022323223233233232332332323323323233233232332232232222222222222222121101010010010101011000101011111111112111213222222212222232232323233323232323232221000000
0000032232322323322323232323233232332323322333323222322222222222222222211110101011101010101010111111111111211121222222222212222222323232332323233232323221000000
0000032322223232323232323332332333223232323233232323223232223222222212221111110111001010010100101111011112111212122222222222222322232323323232322322322231000000
0000032323232323323223232323323322323233232332323232232322222222221222222211111111110101101001011011111111112112221222222222222222322332323323233222322321000000
0000022323232233232332323233232333232323232333232322323232222222222222222211112111111111010001110201121121121122212222222122222222223223232323232323223221100000
0000022222323323323232332323323223233232323323233233232322322222222222232222121111111111000110101111111111111221121222222222222222232323323232323232232222000000
0000023232232332323323232332332323323232323232323323233233222222222222222221221111111111111011111101111111112111212222221222222232223232322323232323232322000000
0000022323223323232323323232323233233232323333233232323232222222222212122222212211111111010111101111111111211111122222222222222222232223232332323222323222000000
0000022232223232222323232323232323323323233232332323232323222222222111212232212111111211111110111011111121112121222222322222222222222323233232323223323222000000
0000023222232323232322223233223232332332332323233232323323222222122112222322221211122211211111011111111112111212222222222222222322322223232323232323232322000000
0000023232223232323232322332332323323233232332323323233232322222222112222222221211122222121101111111111121111221212123222222223223223222323232323232323232000000
0000022323222223223232323233223232333232333232332323332323222221221122322222221211122321211111110111111111121212222222222222222222322323232323232323232322000000
0000023121010122132323232323232332323233322332323232332323223212212122322222222112222222111111101111111211212222223223222222222232233232323232323232323223000000
0000001000100010001322323232323323232323233233232323323232322221211123222221321212122222112101111111111111222122122322322222223232323323233233232323232322000000
0000000000000000101012232323233232323232323332323233232323222222111122322222222122222232121112111111102112111222223232222222232232332332322332323232323232000000
0000000000000000000001323232323223233232332323233323323232322221212133222222222122223222111111111111111211212222232222222223223232233233233232323323232322000000
0000000000000000100010101223232323232323223232323232332323232222111222222222222222232222211211212111122112122222222322232232232232323323232323232232323232000000
0000000000000001000100010001223232323232332323322323232332322222112132222222232232322222112112121222112222212222222232322222323323232323232332332323232322000000
0000000000000010001001001010022323232323233232323332323223232222121222222323222322322222121121222121221212222232232322222323232323232322323232323232323232000000
0000000000000010111110111111101222223222323232323232323323323222212222223232323223232222212212212222212222123223232223232232323232323233232323232323222322100000
0000000000000223232223232322221111122222332323232323233232323222221222222323232222322222221222222221222212222232323232322323232323232323323323323222232232000000
0000000000001232322323232232323233322323232323233323323232332322222222323222322232332222212222222222222222223223223223232232323232323233232332232323323322000000
0000000000002322232232223223232232232232323232323233232323232233222232332323223223232222222222222222222222322232232332323233232323232332323232323223232232000000
0000000000012323223323232332232323323323232323232323323232323322323323232232323222323222322232232222222222232323232323232323232323223233232323232322323322000000
0000000000022322332232323222323232232232322222223212222223232222222122212323222322222232222322322322232222322232323232323232323232332323232323323232323232000000
0000000000123232323222323232323223232312010101010010010000000101000100110000101111110101101011011112212222222222222322232323232323232323232332232323232323000000
0000000000132323222332232232322120100010101001001000100100000010000000000001000000000000000000000000000000000000000000000101111122212222222222222222222221000000
0000000000032232322222220211000000100100000000000000000000000000000000000000000000000000000000000000000000000100000000100000000000000000000000000000001001000000
0000000000023232322322200000100101000000000000000000000000000000000000000000000000000000000000000000000000000000000000000000000000000000000000000000100000000000
0000000000022322232221000000000000000000000000000000000000000000000000000000000000000000000000000000000000000000000000000000000000000000000000000000000000000000
0000000000001112321100000000000000000000000000000000000000000000000000000000000000000000000000000000000000000000000000000000000000000000000000000000000000000000
0000000000000010110100000000000000000000000000000000000000000000000000000000000000000000000000000000000000000000000000000000000000000000000000000000000000000000
0000000000000001000000000000000000000000000000000000000000000000000000000000000000000000000000000000000000000000000000000000000000000000000000000000000000000000
0000000000000000000000000000000000000000000000000000000000000000000000000000000000000000000000000000000000000000000000000000000000000000000000000000000000000000
0000000000000000000000000000000000000000000000000000000000000000000000000000000000000000000000000000000000000000000000000000000000000000000000000000000000000000
0000000000000000000000000000000000000000000000000000000000000000000000000000000000000000000000000000000000000000000000000000000000000000000000000000000000000000
0000000000000000000000000000000000000000000000000000000000000000000000000000000000000000000000000000000000000000000000000000000000000000000000000000000000000000
0000000000000000000000000000000000000000000000000000000000000000000000000000000000000000000000000000000000000000000000000000000000000000000000000000000000000000
0000000000000000000000000000000000000000000000000000000000000000000000000000000000000000000000000000000000000000000000000000000000000000000000000000000000000000
0000000000000000000000000000000000000000000000000000000000000000000000000000000000000000000000000000000000000000000000000000000000000000000000000000000000000000
0000000000000000000000000000000000000000000000000000000000000000000000000000000000000000000000000000000000000000000000000000000000000000000000000000000000000000
0000000000000000000000000000000000000000000000000000000000000000000000000000000000000000000000000000000000000000000000000000000000000000000000000000000000000000
