0000000000000000333333333333333333333333333333333333333333333333333333333333333333333333333333333333333333333333333333333333333333333333333333330000000000000000
0000000000000000333333333333333333333333333333333333333333333333333333333333333333333333333333333333333333333333333333333333333333333333333333330000000000000000
0000000000000000333333333333333333333333333333333333333333333333333333333333333333333333333333333333333333333333333333333333333333333333333333330000000000000000
0000000000000000333333333333333333333333333333333333333333333333333333222111101000101112223333333333333333333333333333333333333333333333333333330000000000000000
0000000000000000333333333333333333333333333333333333333333333333332210000000000000000000000012233333333333333333333333333333333333333333333333330000000000000000
0000000000000000333333333333333333333333333333333333333333333322000000000001001010100000000000001223333333333333333333333333333333333333333333330000000000000000
0000000000000000333333333333333333333333333333333333333333321100000001111121121212112111110100000001133333333333333333333333333333333333333333330000000000000000
0000000000000000333333333333333333333333333333333333333332000000111111212111211111111121112111110000001233333333333333333333333333333333333333330000000000000000
0000000000000000333333333333333333333333333333333333333110010111211212111211112112112111111121212110000002333333333333333333333333333333333333330000000000000000
0000000000000000333333333333333333333333333333333333320101112212112121121121211211121111211211121122110000023333333333333333333333333333333333330000000000000000
0000000000000000333333333333333333333333333333333332101122222121221212121222222222222212121121212111212110100233333333333333333333333333333333330000000000000000
0000000000000000333333333333333333333333333333333211112221221212121122223233333333333233222221211212121212101112333333333333333333333333333333330000000000000000
0000000000000000333333333333333333333333333333331111222122122122222333333333333333333333333323222121211221221111223333333333333333333333333333330000000000000000
0000000000000000333333333333333333333333333333211122221222212222333333333333333333333333333333332222122121212111113333333333333333333333333333330000000000000000
0000000000000000333333333333333333333333333331112222122221223233333333333333333333333333333333333332221212121221211233333333333333333333333333330000000000000000
0000000000000000333333333333333333333333333211222222222222333333333333323232323232323232333333333333332221222121212112333333333333333333333333330000000000000000
0000000000000000333333333333333333333333332112122222222223333333333323232333233323232323233333333333333322212121212112233333333333333333333333330000000000000000
0000000000000000333333333333333333333333311122222222223333333333332323333333333333333333333232333333333333222212121211123333333333333333333333330000000000000000
0000000000000000333333333333333333333333011222222222233333333333323333333333333333333333333333333333333333332121221221111333333333333333333333330000000000000000
0000000000000000333333333333333333333320112222222223333333333333333333333332323233333333333333333333333333333322122122211133333333333333333333330000000000000000
0000000000000000333333333333333333333200122222222333333333333333333232211111011101111222323333333333333333333332221212121112333333333333333333330000000000000000
0000000000000000333333333333333333332001222222223333333333333333322110101010110110101010112233333333333333333333222122212101333333333333333333330000000000000000
0000000000000000333333333333333333320012222222233333333333333333320101110111011011011111010101223333333333333333332221221201033333333333333333330000000000000000
0000000000000000333333333333333333200022222223333333333333333333331011011101110110110101111111011333333333333333333212212120012333333333333333330000000000000000
0000000000000000333333333333333332100222222233333333333333333333331111212222222222222121101101110233333333333333333322121221001333333333333333330000000000000000
0000000000000000333333333333333330002222222333333333333333333333332233333333333333333332321111111333333333333333333332222122100133333333333333330000000000000000
0000000000000000333333333333333310012222223333333333333333333333333333333333333333333333333322111333333333333333333333221221210023333333333333330000000000000000
0000000000000000333333333333333100122222233333333333333333333333333333332333333333333323333333332333333333333333333333322212221002333333333333330000000000000000
0000000000000000333333333333332001222222333333333333333333333333333333323332323323323333323333333333333333333333333333332222122001333333333333330000000000000000
0000000000000000333333333333331002222123333333323333333333333333333332333323333233233233233333333333333333333333333333333221222100133333333333330000000000000000
0000000000000000333333333333310022222233333332123333333333333333333323332332323323332332333233233333333333333333333333333322221310023333333333330000000000000000
0000000000000000333333333333200122222233333321121233333333333333332333322222221222222233323332333333333333333333322333333332222221003333333333330000000000000000
0000000000000000333333333333001222222333333211112333333333333333323323322112112111112123233233333323333333333333212133333332222222001333333333330000000000000000
0000000000000000333333333332002222222333333111123333333333333323233333232121212122121223332333233233333333333333221213333333222222101233333333330000000000000000
0000000000000000333333333330012222223333322011223333333333333233332323322212122212222132323323332333333333333333321212233333322222210133333333330000000000000000
0000000000000000333333333310122222233333321111333333333333323332323232332232323233232323233233233333333333333333332111233333332222220123333333330000000000000000
0000000000000000333333333300123222333333221112333333333333233323332332323323232332323232323323323323233333333333333221123333332222221113333333330000000000000000
0000000000000000333333333101232222333333211123333333333323332333233233232323323232332323232323233233332333333333333321212333333222222112333333330000000000000000
0000000000000000333333333011322223333333111133333333333233323323232323232323232323223232323232332332323332333333333332122333333222222212333333330000000000000000
0000000000000000333333332012222233333332111333333332233332332332323232323232323232323232323233233233333323333333333333221233333322222211333333330000000000000000
0000000000000000333333331113223233333331112333333221232333233232332323232322232223232323232322323323232332323333333333321133333332222221233333330000000000000000
0000000000000000333333321032222233333331123333332212213323323323232323223223222322322322323233232332333222222333333333332213333332222222233333330000000000000000
0000000000000000333333321122232333333311223333321121212233232323232322322322322222223223232322323233232222222233333333333223333333222222123333330000000000000000
0000000000000000333333311232322333333311233333312112122223323232323232232223222223222222223232323323232222222333333333333333333333222222223333330000000000000000
0000000000000000333333212222223333333212333333332221212232323232322323223222223222232232232223232323323323223333333333333333333333222222223333330000000000000000
0000000000000000333333222232323333333213333333333222232333232323232232232232222222222322322322323232232332333333333333333333333333322232222333330000000000000000
0000000000000000333333122223223333333223333333333332323323232323223222322222121212122223223223232323323233323333333333333333333333322222222333330000000000000000
0000000000000000333333122322233333333233333333333323332332323232322232222222222222222322222232223232232332333323333333333333333333332222222333330000000000000000
0000000000000000333332222232333333333333333333333233233232323232223222223222222222222222322322322323233233233233333333333333333333332223222333330000000000000000
0000000000000000333332223222333333333333333333333332332323232323232223222222222222222223222223223232322323323333333333333333333333332322223233330000000000000000
0000000000000000333332222323233333333333333333332323323232323222222322222222212112122222222222232223232332333233333333333333333333333222322333330000000000000000
0000000000000000333332223222333333333333333333333333232323232232222222222222121212111222222232222322323232323332333333333333333333333222223233330000000000000000
0000000000000000333331232232333333333333333333332323323232322321122222222222222222222222222222222232232323233233333333333333333333333223223233330000000000000000
0000000000000000333322223223333333333333333333323332323232323222222222222222222222222222222222222322323232332332333333333333333333333222232333330000000000000000
0000000000000000333332232232333333333333333333333233232323232232222222222222222122222222222222232223232323233233333333333333333333333232223233330000000000000000
0000000000000000333322223223333333333333333333323323323232322322222222222222222222222222222222222322322323232332333333333333333333333322232333330000000000000000
0000000000000000333322322323333333333333333333333233232323223222232222222222222222222222222222223223223232323323333333333333333333333223222323330000000000000000
0000000000000000333323223223333333333333333333232332323232232223222222212222222212222222222222222232232323232333233333333333333333333322223233330000000000000000
0000000000000000333322232233333333333333333333333233232323222322222222222222212122212222222222222322322323233232333333333333333333333322322333330000000000000000
0000000000000000333332322323333333333333333333232332323232232222222222222222122212122222222222222222232232323323333333333333333333333323222333330000000000000000
0000000000000000333323223223333333333333333332333232323232322232222222222221221212212222222222222232322323232333233333333333333333333322223233330000000000000000
0000000000000000333332232233333333333333333333332323232323222322222222222212212121122122222222222322223232323232333333333333333333333322322333330000000000000000
0000000000000000333323222323333333333333333333233233232322232222222222222221211211221222222222222222322323232333333333333333333333333323222333330000000000000000
0000000000000000333332323223333333333333333332332332323232322222222222222212121111122222222222222223223232323323323333333333333333333322223233330000000000000000
0000000000000000333332222233333333333333333333333232323223222232222222222221212111212122222222222232232323232332333333333333333333333323232333330000000000000000
0000000000000000333332323223333333333333333333232323232322322322222222222212121111121222222222222222322232323233333333333333333333333322222323330000000000000000
0000000000000000333332232233333333333333333333333233323232223222222222222221212121212222222222222232223232323323323333333333333333333323223233330000000000000000
0000000000000000333333222323333333333333333333232332323223232222222222222222221212122222222222222222322323232333233333333333333333333322232333330000000000000000
0000000000000000333332232233333333333333333333333323232323222222222222222221212221222222222222222323223232323232333333333333333333333322322333330000000000000000
0000000000000000333333222323333333333333333333232332323232232232222222222222222122212222222222222222232323232333333333333333333333333322223233330000000000000000
0000000000000000333332232223333333333333333333333233232323222322222222222222221222122222222222222322323232323323323333333333333333333322322333330000000000000000
0000000000000000333333222323333333333333333333232332323232323222222222222222222222222222222222223223222323233233233333333333333333333322223333330000000000000000
0000000000000000333333232223333333333333333333333323232323222232222222222222222222222222222222222232232323232332333333333333333333333223222333330000000000000000
0000000000000000333333222322333333333333333333232332323232232322222222222222222222222222222222223222323232323323333333333333333333333322223333330000000000000000
0000000000000000333333232223333333333333333333333233232323232223222222222222222222222222222222232232232323233233333333333333333333333222322333330000000000000000
0000000000000000333333222322333333333333333333323323323232323232222222222222222222222222222222322322323232332333233333333333333333333223223333330000000000000000
0000000000000000333333322222333333333333333333333233232323232222322222222222222222222222222222223223232323233323333333333333333333333222223333330000000000000000
0000000000000000333333323223233333333333333333332332333232323232223222222222222222222222222223222322323232332333333333333333333333332232232333330000000000000000
0000000000000000333333322222333333333333333333333333323232322322322222222222222222222222222322232232323233233233333333333333333333332322223333330000000000000000
0000000000000000333333322322233333333333333333333232332323233223223223222222222222222222223222322323232323323333333333333333333333332222233333330000000000000000
0000000000000000333333332222233333333333333333333333323323232323232232222322222222222222322232232323232332332333333333333333333333332223233333330000000000000000
0000000000000000333333332222323333333333333333333323332332323232322322232222222222222223222322323232323233233333333333333333333333322222233333330000000000000000
0000000000000000333333332222223333333333333333333333233232332323223223222223222223222322223223232323232332333233333333333333333333322222333333330000000000000000
0000000000000000333333333222223333333333333333333332332333232323232322232322232232223222322322323232323323332333333333333333333333322222333333330000000000000000
0000000000000000333333333222222333333333333333333333333323233232323232322223222322232232232232323232332333233333333333333333333333222223333333330000000000000000
0000000000000000333333333222222333333333333333333333232332323232323223223232232223222322323232323233233233333333333333333333333333222222333333330000000000000000
0000000000000000333333333322232233333333333333333333333323332323232322322322322322323223232323232323323332333333333333333333333332222223333333330000000000000000
0000000000000000333333333322222233333333333333333333332333233233232323232232232232232323223232323233233233333333333333333333333332222233333333330000000000000000
0000000000000000333333333322222223333333333333333333323332332332323232323232323232323232323232332332332333333333333333333333333322222233333333330000000000000000
0000000000000000333333333332222223333333333333333333333323323323233232323232322323232323232323233233323333333333333333333333333312222233333333330000000000000000
0000000000000000333333333332222222333333333333333333333333333233323232323232323232323232323232323323233333333333333333333333333222222333333333330000000000000000
0000000000000000333333333333222222333333333333333333333333233323232323232323232323232323232333233233333333333333333333333333333122222333333333330000000000000000
0000000000000000333333333333222222233333333333333333333332333233323332323232323232323232333232332333333333333333333333333333331222123333333333330000000000000000
0000000000000000333333333333322222223333333333333333333333333332333233233323332333233323323323323333333333333333333333333333321212223333333333330000000000000000
0000000000000000333333333333332222213333333333333333333333333233323323323233233232332332332333333332333333333333333333333333211111233333333333330000000000000000
0000000000000000333333333333332212221333333333333333333333333333333233233323323323323323323333233333333333333333333333333333111111233333333333330000000000000000
0000000000000000333333333333333221211233333333333333333333333333233332332333233233233233333323333333333333333333333333333331101111333333333333330000000000000000
0000000000000000333333333333333221111123333333333333333333333333333323333323332333332333233233333333333333333333333333333320110103333333333333330000000000000000
0000000000000000333333333333333321111113333333333333333333333333333333332333323332333332333333333333333333333333333333333210101023333333333333330000000000000000
0000000000000000333333333333333331111111333333333333333333333333333333323333233333333323333333333333333333333333333333333111010233333333333333330000000000000000
0000000000000000333333333333333332111111133333333333333333333333333333333333333333333233333333333333333333333333333333331110101233333333333333330000000000000000
0000000000000000333333333333333333211111123333333333333333333333333333333333333333333333333333333333333333333333333333321111112333333333333333330000000000000000
0000000000000000333333333333333333321111212333333333333333333333333333333333333333333333333333333333333333333333333333212121123333333333333333330000000000000000
0000000000000000333333333333333333332112121233333333333333333333333333333333333333333333333333333333333333333333333332121212233333333333333333330000000000000000
0000000000000000333333333333333333332211212223333333333333333333333333333333333333333333333333333333333333333333333321212122333333333333333333330000000000000000
0000000000000000333333333333333333333321222212333333333333333333333333333333333333333333333333333333333333333333333212221222333333333333333333330000000000000000
0000000000000000333333333333333333333322212122233333333333333333333333333333333333333333333333333333333333333333331222212233333333333333333333330000000000000000
0000000000000000333333333333333333333333222222213333333333333333333333333333333333333333333333333333333333333333222222122333333333333333333333330000000000000000
0000000000000000333333333333333333333333222212222233333333333333333333333333333333333333333333333333333333333332222222223333333333333333333333330000000000000000
0000000000000000333333333333333333333333332222222222333333333333333333333333333333333333333333333333333333333222222222233333333333333333333333330000000000000000
0000000000000000333333333333333333333333323222122222233333333333333333333333333333333333333333333333333333332222222222333333333333333333333333330000000000000000
0000000000000000333333333333333333333333333322222122222333333333333333333333333333333333333333333333333333222222222233333333333333333333333333330000000000000000
0000000000000000333333333333333333333333333332222222222223333333333333333333333333333333333333333333333322222222222333333333333333333333333333330000000000000000
0000000000000000333333333333333333333333333333322212212222233333333333333333333333333333333333333333332222222222223333333333333333333333333333330000000000000000
0000000000000000333333333333333333333333333333232222122222222333333333333333333333333333333333333333222222222222333333333333333333333333333333330000000000000000
0000000000000000333333333333333333333333333333333322222212212222333333333333333333333333333333332221222222222223333333333333333333333333333333330000000000000000
0000000000000000333333333333333333333333333333333332222122222222122232333333333333333333333322111212222222222333333333333333333333333333333333330000000000000000
0000000000000000333333333333333333333333333333333333322222122121221212122223333333323222211010112122122122233333333333333333333333333333333333330000000000000000
0000000000000000333333333333333333333333333333333333333222221222212121100101001010010010000101111212222223333333333333333333333333333333333333330000000000000000
0000000000000000333333333333333333333333333333333333332332222212122121111010101001001001010101012121222333333333333333333333333333333333333333330000000000000000
0000000000000000333333333333333333333333333333333333333333232221212111110101010101010100101010111222323333333333333333333333333333333333333333330000000000000000
0000000000000000333333333333333333333333333333333333333333332322221211101110101010101010101011122223233333333333333333333333333333333333333333330000000000000000
0000000000000000333333333333333333333333333333333333333333333323223222111101101010101011011222223233333333333333333333333333333333333333333333330000000000000000
0000000000000000333333333333333333333333333333333333333333333333332232222222221212121222232223233333333333333333333333333333333333333333333333330000000000000000
0000000000000000333333333333333333333333333333333333333333333333333332323222222222223222223233333333333333333333333333333333333333333333333333330000000000000000
0000000000000000333333333333333333333333333333333333333333333333333333333333333323332333333333333333333333333333333333333333333333333333333333330000000000000000
0000000000000000333333333333333333333333333333333333333333333333333333333333333333333333333333333333333333333333333333333333333333333333333333330000000000000000
0000000000000000333333333333333333333333333333333333333333333333333333333333333333333333333333333333333333333333333333333333333333333333333333330000000000000000
