0000011222133311111222211111112233333333222233333323322222232222222233211111111000110111111111111111112222222112221111111111111112222222222222222222222222100000
0000011212132311111111111111212223233332212233323232322122222222222222222222122121221221221221222122222222232113222222222222222222222222222222222222222222100000
0000011121222221111111011112222222323223122222232323221222222222222222121111111111101101101101101111112222222211111111111111111112212121221212212212222222100000
0000022212132322212211112222112132232323222222223322322222222232322222122221211111121121121121121111122222222121112111211211211212222222222222222222222222100000
0000022122223222222211012121221222212222121222222222221212222222222222212121112121211211211211211212222222222222222222222222222222122212222222122222222222100000
0000022222222322222221111222222122222222222222222222222122222222222222212121111111111111011011011011112222212212121111111112112132322232232222322222222322200000
0000022122222222222221112222212212121211212222222222221222222222222222222221222212212212221221221221222212121121211211112111111122232323223232323233332323200000
0000022222232322322322111211121122222222121211212112122121212121222221221212111111111111111111111112122222212121212222222222222222323222322223232322323232200000
0000011222212121111111111111111111211111212122121221221212122122212122121211212121222121212121112111112221212212121111111112121222232232223232223223232323200000
0000011110111111111111111101010111112122122222212222222221221212121221212121211212121212323222222222222212121121121121112111111122322322232323232232323222200000
0000010101111111111110101010101010011111232222222212212212112121222122222212122121212122222311111111121121111111212222222222222222232222323333333332322323200000
0000023111111111111112111110100101110101111221212121111111111111111122110111111112222322213222221212121212212212121111121121212222322322233333333332323222200000
0000032111111111223232222222121101001111101001000000010000000001010111111110101001232222121121112221212121121121222121211111111122232222233333332332322232200000
0000021111111113222121222222322221110101111010001001000010101111211101001001000010022222322112121111111111111112212222222222222222322223232323233323232322200000
0000021212112122211211212132122223221110001110010010010112121111010110100010010100102222222221222222222212121111122112112122222222322322223333332332322223100000
0000011111121122212111121222222221222211110111100111212111010101011010101000100000000222223222112121221222222222222221211111111123232222233233233323232322200000
0000011111111232111112111223211122222222110101112111110101101010101101110110001010101012122222221212112121212122222222222222222222322223222222222232322232200000
0000001111111222121121211223111111122222221011121111111010010101011011011011100001000011222222222121121212121212122122122222222322322322222222222223223222200000
0000000121121321211211112232112111211222221111111011101101010110110110101101010100010101212222222212112121212121212121212121222222322222222222232323232232200000
0000012021112312212111112222111112111112221111110111111010101101101101010101010010100000121222322221221221212121121212121212122122222222222222222223222322200000
0000011221112221211111111232111211122222222111201011101101011010110110111010101001000100012122132322112112121212212121112121221221221222222222222232322222200000
0000012221113221212112112231112122212122122111201111111010101101101010101010010100010001001212213222212111112112121222221222212222212212122122222222222222200000
0000022222123212211121122222121212122221222211211111010111111011010101010101010101000100001121221232221122121221112111212121121212122222221222222222222222100000
0000022331123122121111212321122222221222222211211011111011101110110110111010101010101001000121121222322111111111221222121211112121222122122222212222222222100000
0000022323122222211121122322122221222222222211121111101111111101101010101101010001000100010021212122232211211121111111121212221212111212222222122222122222100000
0000023232132222111211222323322212222212212221121111111101111011010101010110100101010010100012121212223222111211112112111111112121222212111121222212222222100000
0000032222132212121212223233222222222222222221121111111011111111101010101101010101001001110101212121222322112112121111121121211112111121222212211122121222100000
0000022333132222212222222332332332322222222222122111011110111011011010010101101010101010112111121212122232211222311121211211112121121211111121122222222121100000
0000033333232331222112223323323323323322222222112111110101111110110101010110101101010110121212212121212322222223211211112112121211211121212112121121121222100000
0000033333223222121222223233233232323233232222212111111111110111011010101001110110111101103121121212212232322232311111211121211121212112121212112112112111100000
0000033322222222222122232332332323222323322322121211110110101101101101010101011011111111011122121221221323222223211111112111121212111211212121212121221212100000
0000032222222222322322223323323232322322323232221211111111111111011010101010101101011110110101112121212222323222111112111112111111212121121212121212112121100000
0000021112222222223232323332332323233232323223212221111111011011110111010101011010111011101010001222221232232222111111111121112112112112112121212121221212100000
0000011212222222122232232323323322322323232323222121111111110111101110111010110111010110110101010222223232323222111111121111111121111121121212121212121221100000
0000011112222222221223223333233232232322322323222121111111111110111101101101011101010101101110100122222222222222212112111112111211121211111111212121212121100000
0000011112232222222212233323332322223232232232322222111111111011111111111010110110101010111011010122222222222323232221111211112111211112121212111112121212100000
0000011121223222222231222333233232232323232323222212111111111111110111110111101101000101010111122323222222222233323121212112121121112121212111212121112112100000
0000011112223232223223222223332322223223223222322222211211111101101111011111011010101010101121322222222222223323222222121121111212121211121122121212121212100000
0000011111222232322323232222233232232232232232332222211111111111111110111111110101010101012323122111222222323222121221222211212111211121212121121212122121100000
0000011112222222232323323231222322223232322323222222212112111111011101111111011110110101232212211222122232322221212122221222111121112112111211212121211212100000
0000011111222223223232323232222222322322232232233222221121111110111111111110110111101122212222223222223322222122122121222221222112121121121112121212122121100000
0000011111222222222323232323232222223223223223232322221111110101111011212222222212221211111222333333322212212221221212222122221221111211212121211211211212100000
0000011111222222232232323232323222222222222232333223131121101111111223333232222232111011222223323222122122122122212221212222222222121121111211121121212121100000
0000011111222222222223232323232323122221221222323322222111111112233322222212222111111222222323221002121221222122122122121212221222222112121121212121121212100000
0000011111222222223222222332323232323233232223233232222111122332322121221121121221222222323120000100212122212212221221212121222222222221112112121212121211100000
0000011111222222232223223223232323333332333332333332313212323222111111111122212213223232110001010010021212121221212212221212212221222222211211211121212121100000
0000011111223222222222232232323233333233333323333323222212121111111121221221223232321100101010101001002121222122221222122122222122222222222112112112111212100000
0000011111133232222232222222232323332333333333323332322221211212222212222232332211001010010100010100101112121221212212212221222222222222222211111211212121100000
0000011112133322322222322323223233333333333333233333222212222122122223232312100010100101010201010010010112122122122122122122221222122222222221111112111211100000
0000011121123332223223222222232232333333333333333332322121111222322221110010010101010100101101001001010010111221221221221222222222222122222222101011112111100000
0000011211113332222322223223222322232323232323333333322111111211010101001010101010101010100010100101001010102112212212222222212221222222222222221110111112100000
0000011211122333222232222232232232323232323232332332332211111110111010110101010101010101010101010100101001010112122122122212222212222222222222222111111111100000
0000011121112332323222322322322322232323332323233323232322111112010101001010100100101010101000101010100110101011212221221222222222222222212222222121211111000000
0000011112121323322223232222223223223232232332332333233232211111111010101001010101010101001010100101010101010101021212212221222222222222122222222212112121100000
0000011121211233223222223232232232232232323233323232323323221111111010101010101010101010101010010100101010101010102121222122222122222122222222222221121112100000
0000021211122231222232322322322322323223232323233323232332322111111110100101010101010101010101010101010101010101010121212212212222212222122222222212111211100000
0000011111211232222223222223223223232232323232332322323233232311111111011010101010101010101010101010101010101010111102122122122222122221222222222211212112100000
0000011212112132313232232322332232322323232323323323232323323232111111110101010101010101010101010101010101010111010110121222222122222222222222222011211121100000
0000012111121132323322223223223223223232322323232332323232332322211111111010101010101010101010101010101010111010101101112212212222122222222221221111121211100000
0000011121211223232333232232232332232322323232323323232332323233222111111101010101010101010101010101010101110111011011111122122222222212121111211112112112100000
0000022112121122232333322323223223323232232323232332333233232332322211111111011010101010101010101010101011011101101111111111221222221121111112111111211121100000
0000022221212113223333233232322322323223232322323233232323232323232322111111101011010101010101010101010110101011011111111012212212111111111111110111112112100000
0000022212121212222333323323233223232323223232323323233233323232323232211111110110101010101010101010101010110110111111101111221111111111111212110001211211100000
0000012122122122323333332332322332323232332323232323232332332323232322322111121101011101110101010101010101010101101111111111111111111112122122211001112112100000
0000011222222222232333333323232323232323223232323232323233233232323232322221111111101011011011011010101010101111011111111111111111111121121222220011121211100000
0000011222221212232333333332323232323232332323232323232323322332322323232322111111011101101101101101110111111101111111111111121111111211222222211111212121100000
0000012122222222223333333333233232323232323232323232323232333223232322323222221111110111011011011011011101101111111111111111111111211212232223321111212212100000
0000021212222222233333333333332323232323232323232323232323232332323232323232322111201101110111111110110111011011111111111111111112112123212333221122121211100000
0000022121222222222333333333332332323232323233232332323232323323322323232323222211121111011101101101101101111111111111111111211211112222133322222211213211100000
0000021212222222222223333333333233232323232322323232332323332332333223232322323222111110110111011011111011111111111111111121112111222212332222322122132112100000
0000022221212222222232232323323332323323233233233323232332323233232332323232323232211211111010110110111111111111111111112111211122222233322232221212222121100000
0000022112222222222222223232333323332332323232323233233233232323323323223232323222222111110111101111111111111111111111121112112222123322223222212122222111100000
0000022222121222222222222323232333233233232323232332323323233232332332332223232332322212111111111111110111111111111111211121132122332222332322122222222112100000
0000022212122122222222222223233233332323323232323232332323323233233233232332323223222221211111011111111111111111111112111212311223212233232221222223222111100000
0000022221212212222222223232232332333332332323332323233232323323232332333232322332323222121111111111111111111111111211112231222333122232322212222332222112100000
0000021222122122222222222222322323332323323332323332332323232323323323323323233223232222222111111111111111111111112112232212233232222232221222223322222121100000
0000022122221221222232222222223232333333233233232323323232323232332332332332323232322323222211111111111111212111211222212223322223222322212222232332221111100000
0000022221221212122322222222232232323332332332323233232323232323323233233233232323232232222211111111121222222221222222123232222233332212122223323322221212100000
0000021212222122212222222222222323233323333233233323323332333333233323323323323332323322232231212222211101011223222122233222223232222121222332223222221111100000
0000022121221221221222322222232222323233333323332332333233333333332332332332333232332232323223222110010110111222221222332222232322212222223222322222221121100000
0000021212122212122122223222222232232333233233233233232323333333333233233232223323232323232221110001101111112222322232222222322221122222332233322323211211100000
0000022122212221212222232222222222323232333333323323323333333333333323323323322332323232321111111110111111122122322222223223222121222223222333332322221111100000
0000021212122212221212223222222222222323332333332333233233333333333333232332333323332323221211111101101112122222232222222222212122222332233333323222211112100000
0000022222121222122122122322222222232232323332333323332333333333333333323323333233233232221100000010111121121222232222222222121222233322333333332222211211100000
0000021212122122212212222232222222223223232333333233323333333333333333332332323332332323221111000000102111112112223222222212122223332233333333322222112112100000
0000022121212122221221222232322223222232232333233333233333333333333333333233233233323332221211000001111212111012232222221212223232322333333333122221121121100000
0000011212121221222212212222232322222222323232333333333233333333333333333323332332332323221221110121112111111021322222122132232323121333333321222212112112100000
0000022121222122221222122122232222222222232323333233332333333333333333333333233323323332222212101112121111111222212121222222323231122333332222222121211221100000
0000011212212222122212212212323232222222223232333333333333333333333333333332222333233233221121101111111111122221211212222323232212112333322222221212122121100000
0000022121222121221221221222132322222222222323323333233333333333333333333333232223332332221112111101011122221211122222323232321222113332222223122121211212100000
0000021222212212122222122121222323232222232322323233333333333333333333333333322222223333321111111111222222112112222223232322112121123222222321221212122121100000
0000022212121212212122221222212232322323223223232333333233333333332333333333333232222223232222222222221211121222222323332221222122212222223212212212212121100000
0000021212121212121222212212122223232322222222323232332333333333232332333333323323222221222222222121212112122222323233333222112121122222322222222122121212100000
0000022121212121212212222122221222323232322223223233233333333332323323333333333232332222212121111211121122222232233323332222221212222223222222222221222121100000
0000021212121212122122222212122222232323222222232323323333333332333223332333333323323322222121212112212222232323323233333222122122222322222222222122121221100000
0000012121212121221222122122212212223232322222322232333333333323323221222233333233233233322222222222232323232223233333332222212222232232322222222221222122100000
0000021212121212212212212221221221222323222222223223232333333332322212122233333332332333233323223232323232222332332322332221122222323222222222222212212212100000
0000022121212222122121221222122122222232323223222232323232333323232322212233333323333323332332332323232222323232323223233221322223232323222222222222221221100000
0000021212222121212122122221221221212223232322232322323323333332323233222233333333232333233323323232222333232323222233332222222323223222223222222222212212100000
0000022222121212121211212122212212222223232232322223223233233323323232332222333332333323332333332323233232332332222333332222232322322232232222222221222222100000
0000022121212121212122121222221221212222323323222222232323333332323233332222223333323333233323323232332332323222233333323223223232322322322222222222222122100000
0000022212121212121212122121222122221222232323222222322232323332322333333222233333233232333233333323323323222223333323232232323232232222222222222222212222100000
0000022221212121212121221222221221212212223232222222223232323333232333333323223333333333323323332332332322223233232232222323232323223222322222222222222221200000
0000022212121212121212122222222212221222222322322222222223233333222233333232233333332332333232323323222222323223222222323233232322322232222222222222221222100000
0000022221212121212121222222122221212212222232222222222322323333232223333322333333333323332333222222223233232322222323232323323232223222222222222222212222100000
0000022222121221221222222221222212212122122223222222222223232333323222332232323333333333323332333232332323232222222232323232332323222222222222222222222221200000
0000022122122122122222222122222222122221221222322222222232323233332222232323232333333233333323323323232323223222232323232323223232232222222222222222122212200000
0000021222212122222222212222212222221212212222223222222322223233332232223232323333333333323333233233323232322222323232323232232223222222222222222222222122100000
0000012122122222222122122222122222212122122122222222322222232323333223222323333333333333233332332332323232222232323232322322322322323222222222222222222222100000
0000011222222222221222222222222122222212221221232323222222222232333332233233332333333233333323333323232222232323232323223222222222222322222222222221222212100000
0000012112222222122221222222222222222122122212222232222222222223233332322323233333333333233233323232322322323232323232232223223222222223222222222222222122100000
0000011221222212222212221222122122122221221221212323222222222322323333322232323333333332333333232323223223232323232322322232222222222222222222222222122222100000
0000012112122222212222212221222221222212212212222223232222222222233333333323233333333333332332332322323233323232323223222322222222222222222222222122222222100000
0000011221222212222122122212221222222222122222212222322222222222322233333333333333333333333323323333232332232323232232223222222222222222222222222222221222100000
0000012112122222221222222122222212212222222122121222232322222222222323333333333333333333323333233232333232323232223222232222222222222222222222222221222222100000
0000021221212221222212212222222122122122221221212212323232222222222232333333333333333332333232333323323232323223232223222222222222222222222222222222222222100000
0000022122222222212222222212212221222222222122122122132322322222222323232333333333333323332333323233232323232322322322222222222222222222222222222222222222100000
0000022222222222122221222122122122212122221221221221222232232222232322322323333333332333323323233232323232322223222222222222222222222222222222122222222222100000
0000022222222222222122221221221221221222222212212212212323223223223222223223232333233323233233323233232323223232222222222222222222222222212222222222222222100000
0000022222222222221312212212122122122212222222121221212222323232322222222232223232332332332332323232323222322222223222322222222222222212222222222212222222100000
0000022221221222222122122122212221221222122221222121221222232323222222222222322323233323323232323323222323222322222222222222222222221222222212221222222222100000
0000022222222222212221221221222122212212221222212122121213223232322222222222223222323232323232323232232222232222222222332222222222222222221222222222221222200000
0000022222122122222122212212212212122122112222121212121221232323222222222222232223222323232323232322322322322222222222222222222222212222122222212221222222100000
0000022212222221221221221221221221222221122122212212212121222232232222222222222222223232323232223223222222222222222222222222222222222221222212222222222222100000
0000022222122122222212222122122122212122221222222121212212122323222222222222222222222223322222322232223222222222222222222222222222122222222222222212221222100000
0000022221222221222122212212212221222212212222221221221212122232323222222222222222222323232323222322222223222222222222222222222221222222212212221222212222100000
0000022212222122212222121221221212212122122222222122121212121223232222222222222222223222223222222222222222222222222222222222222222222212222122212221222222100000
0000022222222222222211222212212222122222222222222221212121212222222322222222222222232222222232222222222222222222222222222222222222222222222222222222222222100000
