0000000003333333333333333333333333333333333333333333333333333333333333333333333333333333333333333333333333333333333333333333333333333333333333333333333000000000
0000000003333333333333333333333333333333333333333333333333333333333333333333333333333333333333333333333333333333333333333333333333333333333333333333333000000000
0000000003333333333333333333333333333333333333333330113331113111333333333332333333333333333333333321123333333123333333333333333333333333333333333333333000000000
0000000003333333333333333333333333333333333333333320002330001100333333333211233333333333333333333300013333331002333333333333333333333333333333333333333000000000
0000000003333333333333333333333333333333333333333320000230002111333333332000012322233333332333333210013322221001333333333333333333333333333333333333333000000000
0000000003333333333333333333333333333333333333333320000130002101311110112100112100022211110113320100013100012113333333333333333333333333333333333333333000000000
0000000003333333333333333333333333333333333333333320000030011100300000002200220012001200000003100010011002200233333333333333333333333333333333333333333000000000
0000000003333333333333333333333333333333333333333320002010002000300031001110210000000100031001000210010002200033333333333333333333333333333333333333333000000000
0000000003333333333333333333333333333333333333333320003000011100300122001100210011111100031000000200000002200033333333333333333333333333333333333333333000000000
0000000003333333333333333333333333333333333333333320003200002000300031001110220023201100031001100110011002200133333333333333333333333333333333333333333000000000
0000000003333333333333333333333333333333333333333320013310001100300122001200221001002100131002200100012001000233333333333333333333333333333333333333333000000000
0000000003333333333333333333333333333333333333333331123321222211311232212321332212123221232113321121223211222333333333333333333333333333333333333333333000000000
0000000003333333333333333333333333333333333333333333333333333333333333333333333333333333333333333333333333333333333333333333333333333333333333333333333000000000
0000000003333333333333333333333333333333333333333333333333333333333333333333333333333333333333333333333333333333333333333333333333333333333333333333333000000000
0000000003333333333333311010101010101010101223333333323333333333222221223233333333333333333333333333333332110101010101010101101010101033333333333333333000000000
0000000003333333333333300000000000000000000233333333223333333221111112112323333333333333333333333333333333110000000000000000000000000003333333333333333000000000
0000000003333333333333310000000000000000001233333333233333321101000110111232333333333333333333333333333333210000000000000000010000000001333333333333333000000000
0000000003333333333333300000000000000000001122012112333333111001011011101122233333333333333333333333333332111000000000000000000000000000233333333333333000000000
0000000003333333333333310000000000000000000000122322333331100100000100010101111333333333333333333333333332111000000000000000000000000000033333333333333000000000
0000000003333333333333300000000000000000000012333333333301001000000000001010111122333333333333333333333332211000000000000000000000000000133333333333333000000000
0000000003333333333333310000000000000000001333333333333010000000000000000000111111223333333333333333333333210000000000000000000000000000033333333333333000000000
0000000003333333333333300000000000000000012333233333321000000000000000000000000111122233333333333333333332111000000000000000000000000000133333333333333000000000
0000000003333333333333310000000000000001122333333333210000000000000011010000010111112223333333333333333332211100000000000000000000000000033333333333333000000000
0000000003333333333333300000000000000000202133333332100000000000000010100010000101111112323333333333333232111000000000000000000000000000133333333333333000000000
0000000003333333333333310000000000000002122333333221000000000000100101000101001011011211232233333333333322211000000000000000000000000000033333333333333000000000
0000000003333333333333300000000000000012211333332100000000000001010110101010100100011011111113233323322222110000000000000000000000000000133333333333333000000000
0000000003333333333333310000000000000022211333333000000000000010111111111211111101011102121111313122331311210100000000000000000000000000033333333333333000000000
0000000003333333333333300000000000000112102233331000000000001001102112112222121111110111111011131121122122110100000000000000000000000000133333333333333000000000
0000000003333333333333310000000000000111012333310100000000000101111212322222322222111101110111111111221212111000000000000000000000000000033333333333333000000000
0000000003333333333333300000000000000111102333311000000000010101122233323333333333322111011011111111121212120100000000000000000000000000133333333333333000000000
0000000003333333333333310000000000000110013333220000000000001111123332212222233333333211110111010111212121211001000110000000000000000000033333333333333000000000
0000000003333333333333300000000000001111023333310000000001011012333111011110111333333321211010110111112123121220212111000000000000000000133333333333333000000000
0000000003333333333333310000000000001110013332210000000000101223110111101101000112333332311001000111111231223122112110000000000000000000033333333333333000000000
0000000003333333333333300000000000000110022333200000000101012322112122221222111121123333332110001111222333333232323121100000000000000000133333333333333000000000
0000000003333333333333310000000000001110123233100000001010212111122233333333333332110233333210110112323233333333332221100000000000000000033333333333333000000000
0000000003333333333333300000000000000101133333200000001111221222333333333333323333321122333312111123333333333333332311100000000000000000133333333333333000000000
0000000003333333333333310000000000000110223332100000101012122323333333333333322223332211333331122333333333333333232211100000000000000000033333333333333000000000
0000000003333333333333300000000000000001223333000000011112213333333333333333331101233320123333222333333333333333332120000000000000000000133333333333333000000000
0000000003333333333333310000000000000011233333100000110333133333333333333333333300123333023333333333333333333333332211000000000000000000033333333333333000000000
0000000003333333333333300000000000000002123333100000011231323333333333333333333330002333313333333333333333332323231120000000000000000000133333333333333000000000
0000000003333333333333310000000000000001233333100000112333333333323333333333333331000233333333333333333333333233322211000000000000000000033333333333333000000000
0000000003333333333333300000000000000001123233100001111232333333123333333333333323000033333333333333333333323322222121000000000000001000133333333333333000000000
0000000003333333333333310000000000000000133333100000112213333331223333333333333002000012333333333333333333333322322211000000000000022000033333333333333000000000
0000000003333333333333300000000000000000023333100001111233333321123333333333332001100002333333333333333332222223212121100000000000232000133333333333333000000000
0000000003333333333333310000000000000000011333100001121333333331023333333333333000000011333333333333333333232321222211100000000002332000033333333333333000000000
0000000003333333333333300000000000000000002333100011212233333320023333333333333001100003333333333333333323223222312121100000000011211000133333333333333000000000
0000000003333333333333310000000000000000001333100001122233333311023333333333333311000031333333333323323231221221212111100000000000000000033333333333333000000000
0000000003333333333333300000000000000000000223100010112333333332123333333333333331211321233333333332231323112131212111100000000000000000133333333333333000000000
0000000003333333333333310000000000000000000033100001121233333323212333333332332311100001012333333311213211221202121111110000000000000000033333333333333000000000
0000000003333333333333300000000000000000000003200000112233222233333321121311111111000000102333333322131323112121211111010000000000000000133333333333333000000000
0000000003333333333333310000000000000000000002100000011111111313233211221111000000000000001333333321212211221112111111100000000010000000033333333333333000000000
0000000003333333333333300000000000000000000003200000001111101121221121121011000000000000012333332321212221111211111110100000000021000000133333333333333000000000
0000000003333333333333310000000000000000000023200000000101011212111111210110000000000000112333232222131212121111111111100000000002100000033333333333333000000000
0000000003333333333333300000000000000000001223200000000001101111111111100010000000000001123333332312122121111112111111000000000000110000133333333333333000000000
0000000003333333333333310000000000000000002333200000000001011111211111101100001010001113233333333222231211212111111101110000000000000000033333333333333000000000
0000000003333333333333300000000000000000012322100000000000111112021111111010100101011212333333333312121121111111111111000000000000000000133333333333333000000000
0000000003333333333333310000000000000011123210000000000011121212121211211201111111221323333333333222132121221111111110110000000000000000033333333333333000000000
0000000003333333333333300000000000000001111100100000000010111111212121211121121121233232333333232221211211111111111101000000000000000000133333333333333000000000
0000000003333333333333310000000000000000000010000000000001111121212121212121212132223332333333322221212121211111111010100000000000000000033333333333333000000000
0000000003333333333333300000000000000000000000000000000000011112121212121312121221222222322322222121121121111111111110101000000000000000133333333333333000000000
0000000003333333333333310000000000000000000000000000000000000101111121112121111212222222132322221222112111111111111110000000000000000000033333333333333000000000
0000000003333333333333300000000000000000000000000000000000000010111110121111111211212222222231212121211111111011111101100100000000000000133333333333333000000000
0000000003333333333333310000000000000000000000000000000000000001000001110111111111121212321212121211111111110111111010101000000000000000033333333333333000000000
0000000003333333333333300000000000000000000000000000000000000000001011101101111121212123132221212121212111111111011111010000000000000001033333333333333000000000
0000000003333333333333310000000000000000000000000000000000000000000000001011111202111212212121120202111111111011010010100100000000000013233333333333333000000000
0000000003333333333333300000000000000000000000000000000000000000000000010001111121212123131212112111111111110111101110100001000000000023233333333333333000000000
0000000003333333333333310000000000000000000000000000000000000000000000001011111211122122121211120211111111111111111010101000000000000023333333333333333000000000
0000000003333333333333300000000000000000000000000000000000000000000000010011111112222212211111112111111111111101101111010100000000000032133333333333333000000000
0000000003333333333333310000000000000000000000000000000000000000000000001011111212112121111121111111111101111011011010101000100000000012133333333333333000000000
0000000003333333333333300000000011100000000000000000000000000000000000010111111121221111111111111111111111110110110111111010000000000013333333333333333000000000
0000000003333333333333310000000211110000000000000000000000000000000000101111111212112112121111121111111111211111101111101010100000000013333333333333333000000000
0000000003333333333333300000112111211000000000000000000000000000000001001101111121211120111112111111111112111101011111011101000000000000233333333333333000000000
0000000003333333333333310012233332311101000000000000000000000000000000011011111211121112112111211111120211110111110101110110000000000000033333333333333000000000
0000000003333333333333300033333323232110100000000000000000000000000000101111111111111111111112111211111101111110111111011100100000000000133333333333333000000000
0000000003333333333333310033333331322121100000000000000000000000000000101011111111111111111211121121111111111101110110111011001000000001233333333333333000000000
0000000003333333333333300133333321111111001100000000000000000000000001010111111111111120211112111211111111111011111102011100100000000001233333333333333000000000
0000000003333333333333310133233110010110012100000000000000000000000010101111101111111111111111121111111111110111111111110111010000000001233333333333333000000000
0000000003333333333333301331222200000001132210001100000000000000000100101101111121111111111212121212112112111111211111111101101000000001233333333333333000000000
0000000003333333333333313332321000000012311210000100000000000000001001011011101101111111111121111111111120111111111111111011010000000000233333333333333000000000
0000000003333333333333323333310000000013100010000000000000000000100011101101011121110112011112121221212121221111112111111111101000000000133333333333333000000000
0000000003333333333333313321000000000001200000000220000000000000000100101011111010101110211111212121221111111112111111110110010000000000133333333333333000000000
0000000003333333333333311100000000000001000000000233000000000000100010101110101111111111111212121222112121212121121111111111100000000000133333333333333000000000
0000000003333333333333300000000000000000001000001233110000000000001001001011011111011111111111212222221211121112111111111101110000000000033333333333333000000000
0000000003333333333333310000000000000000121100011333310000000000010010010101101010110111111112132232222122121211111211110111010000000000133333333333333000000000
0000000003333333333333300000000000000001121000011333321000000000001001101110110111111101111211322322222222212112121111111101010100000000033333333333333000000000
0000000003333333333333310000000000000131310010101333333000000000000010001001011001011011111122222223221222121221111111111011010100000000133333333333333000000000
0000000003333333333333300000000000001233200001001333333300000000001001010010101110110211111211323332332311222112121212111111011000000000033333333333333000000000
0000000003333333333333310000000000000333311000000233333310000000000000100100111011101101112122132332323132121221211111111101010000000000133333333333333000000000
0000000003333333333333300000000000000233130000000133333331000000001010100111101111111112111222333333222313121212121221120111100000000000033333333333333000000000
0000000003333333333333310000000000001000000000000233333333100000000000101000010110111110212123233333121121112111111111111111010000000000133333333333333000000000
0000000003333333333333300000000002320012100000000133333333310000100010010010110101101111112223333333212121111212121211111110110100000000033333333333333000000000
0000000003333333333333310000000013310113322100000033333333331000000001000101010111110111212223333332121111111111111111111111001000000000133333333333333000000000
0000000003333333333333300000000133310022233100000133333333333100000000001010011101011111112233333321211111111111111111111111010100000000033333333333333000000000
0000000003333333333333310000001333200023132100000033333333333310000010010001011011010111121223333322111110111111111111111110101000000000133333333333333000000000
0000000003333333333333300000003333200021210000000033333333333330010100000000010101101101112123333311111111111112111111111111010100000000033333333333333000000000
0000000003333333333333310000013333100002000000000023333333333333110000010100001010111012112133333231121111111120211112021111101010000000133333333333333000000000
0000000003333333333333300000000332000000101000000013333333333333200101000000000000000110111113331211111101111102021110110110010100000000033333333333333000000000
0000000003333333333333310000000000000000221000000013333333333333331110010000000000010101111211333112111111111111111111111111101010000000133333333333333000000000
0000000003333333333333300000000000000000221000000013333333333333333101100000000000000011011112232111111111111111111111111101010100000000033333333333333000000000
0000000003333333333333310000000000000000120000000013333333333333333320101010000000001010101111222211111111111111111111110111100000000000133333333333333000000000
0000000003333333333333300000000000000001100000000013333333333333333331101000000000000001011011121111111110111111110110101101010000000000033333333333333000000000
0000000003333333333333310000000000000000000000000013333333333333333333111101010000000100100101111211111101111111101101111011001000000000133333333333333000000000
0000000003333333333333300000000000000000000000000003333333333333321333311111101001001011010110211112111111111101111011011110010000000000033333333333333000000000
0000000003333333333333310000000003111000000000000002333333333333300023300011011001010110100001011111111111111011101110100000000000000000133333333333333000000000
0000000003333333333333300000000003310000000000000001333333333333330000000001110111101101101111111111111111101111110102111010101000000000033333333333333000000000
0000000003333333333333310000000003310000000000000001333333333333332000000000101110111111011110111111111101110110101111010101000000000000133333333333333000000000
0000000003333333333333300000000003210000000000000001333333333333333300000000011111111121111111111112111010000100010111121101000000000000033333333333333000000000
0000000003333333333333310000000002231000000000000001333333333333333320000000000122120111212111201211111111010000001223221100000000000000133333333333333000000000
0000000003333333333333300000000002333000000000000001333333333333333333000000000122121121112112111211110111100000012333332111110000000000033333333333333000000000
0000000003333333333333310000000001333301000000000001333333333333333333300000000133122221212211111111000102100000233333332123320000000000133333333333333000000000
0000000003333333333333300000000000333310000000000000233333333333333333331000001331113231212212111110100000111323333333320123320000000000033333333333333000000000
0000000003333333333333320000000000333311000000000000133333333333333333333200001323123333132222121211100002333333333333310033310000000000133333333333333000000000
0000000003333333333333332000000000333321000000000000013333333333333333333331100123232333321101211110010133333333333333300133210000000000033333333333333000000000
0000000003333333333333333201010101333322201010101010122333333333333333333333111123132333332111010233333333333333333333111233311010101010233333333333333000000000
0000000003333333333333333333333333333333333333333333333333333333333333333333333333333333333333333333333333333323233333333333333333333333333333333333333000000000
0000000003333333333333333333333333333333333333333333333333333333333333333333333333333333333333333333333333333212121333333333333333333333333333333333333000000000
0000000003333333333333333333333333333333333333333333333333222223332333332233323322222333222233332222322333233313112333333333333333333333333333333333333000000000
0000000003333333333333333333333333333333333333333333333332000013310233320233102310000233100023320001101331023333233333333333333333333333333333333333333000000000
0000000003333333333333333333333333333333333333333333333310011113300133310033101300112233001013201110100210133333333333333333333333333333333333333333333000000000
0000000003333333333333333333333333333333333333333333333101333333100123200031001301333333011113002330020100333333333333333333333333333333333333333333333000000000
0000000003333333333333333333333333333333333333333333332003333333000123200010001200013333000022013321021002333333333333333333333333333333333333333333333000000000
0000000003333333333333333333333333333333333333333333332003332331011023101000102100012333000011013330132013333333333333333333333333333333333333333333333000000000
0000000003333333333333333333333333333333333333333333331013300030000023012001211201223331013101013320031023333333333333333333333333333333333333333333333000000000
0000000003333333333333333333333333333333333333333333333003110233112021013001201102233331013101013210231023333333333333333333333333333333333333333333333000000000
0000000003333333333333333333333333333333333333333333333100100133232011023113201001033230003332100101231023333333333333333333333333333333333333333333333000000000
0000000003333333333333333333333333333333333333333333333310001100333110033223201100000231003333300012331033333333333333333333333333333333333333333333333000000000
0000000003333333333333333333333333333333333333333333333333233333333333333333333323233333233333333233333333333333333333333333333333333333333333333333333000000000
0000000003333333333333333333333333333333333333333333333333333333333333333333333333333333333333333333333333333333333333333333333333333333333333333333333000000000