0000000000000000000000000000000000000000000000000000000000000000000000000000000000000000000000000000000000000000000000000000000000000000000000000000000000000000
0000000000000000000000000000000000000000000000000000000000000000000000000000000000000000000000000000000000000000000000000000000000000000000000000000000000000000
0000000000000000000000000000000000000000000000000000000000000000000000000000000000000000000000000000000000000000000000000000000000000000000000000000000000000000
0000000000000000000000000000000000111111111111111111111111111111211111111111110000101010101010110110110111101111111111111111111111111111111111111111111111111000
0000000000000000000000000000000000112121211111112111111111111122122111121211110000110111111111111111111110111110111111111111111111111111111111111111111121121000
0000000000000000000000000000000000212121212111211121212111112121111212121212120000101101010101010101011111111111111011111111111111111111111111211121212111112000
0000000000000000000000000000000001121212111112121211211212121211211211211112110000110110111111111111110111101111101111111111111111111111111211111111111112111000
0000000000000000000000000000000001212121212112111121121212111221111221111211110000101011010101010101011101111010111111110111111111111111111111112111121111121000
0000000000000000000000000000000001212121211112121211111111212111211112222111120000101101011010101111110110101111111110111111101111111111111111211111111212111000
0000000000000000000000000000000001212122121211212112121121121212111111111112110000101010101101110101011101111011110111111011111111111111111111111112111111112000
0000000000000000000000000000000002121211211212121121111112121121112111111211110000101011101011011011101111011110111101101111111111111111111111111111111111111000
0000000000000000000000000000000001221221212111121212121212112111211112121112110000101010101101010101010101101011101111111101011111101111111111111111111121111000
0000000000000000000000000000000002122121212121211111211111211121111111111211110000010101010101011011011011011101110101101111111011111111111111111111111111121000
0000000000000000000000000000000002212121221121112121112121112112111211111111110000101010101010101010110101101110101110110110111110110111111111111111111111111000
0000000000000000000000000000000001212212212111211111211111211211121111111111110000010101010101010101011010110101111011111011101111111101011111111111111111111000
0000000000000000000000000000000001221221211111112121112121111111212112111121110000101010101010101010101101010110101101010110111010101111111111111111111111111000
0000000000000000000000000000000002122122112121111111111111112112221112111111110000010101010101010101101011011010110111111111101101111011101101111111111111111000
0000000000000000000000000000000002212212211112121121121111111211111111121111110000010010010101010101010101010101011010010010110111101110111111101111111111111000
0000000000000000000000000000000001221221212111111111111111211121121111111111110000101001010010101010101010101011010101101110101101011011110110111101111111111000
0000000000000000000000000000000002212212121121211211111111112111111111111111110000000101001010010100101010101101011010110101110110111101011011111111110111111000
0000000000000000000000000000000001222121212111111112111111111111111111111111110000010100101001001010101010101010101011010101011011010111101110101011011111111000
0000000000000000000000000000000001212122121212112111111111111121211111112111110000010010010100100101001010101010101010101010101010111010111011111101111101101000
0000000000000000000000000000000001222121211111121111112111211111111111111121110000001001000010101000101001010010101010101101010110101011001101010111010111111000
0000000000000000000000000000000001122121222121111121111111112111111111111111110000010010010100010010100101001010101010100101101011010101110110111101111101011000
0000000000000000000000000000000000122121211112112111111111211111111111111111100000000100100010100100101001010100100101010101010101011010011011101011010111101000
0000000000000000000000000000000000122212122121111111111111111111112122222121110000010001001000001010000100100010010101010101010101010111101010101101101010111000
0000000000000000000000000000000000022212121211121111111121111122221111111111110000000100000101010001010010010101010010010010101010101000101010101010110111010000
0000000000000000000000000000000000002121121211211112111111121211111111111111110000000001010000000100010100101001001001010100101010101011010101101101011010101000
0000000000000000000000000000000000000221212121111211111111111211111121111111110000010100000101010001000010000100101010100101010010101010101010110110101101110000
0000000000000000000000000000000000000122112111211111111111121111111111111111100000000000100000000100101001010010001001010010010101010101010101001001101010011000
0000000000000000000000000000000000000012121221112111111111111111111211111110110000000010001001000000000100001001010010001010101001001010101010101010101011010000
0000000000000000000000000000000000000001221121111111111111111111111111211111100000001000000000010101010001000100001001010001000100101001001010101010101001010000
0000000000000000000000000000000000000000121212121111111111111111111111111110110000000000100100000000000100010001010010001010101010010100101010101010010110101000
0000000000000000000000000000000000000000121122111121111111111111111111111111100000000000000000100001000000100100000100100000010001000101010001001001010010101000
0000000000000000000000000000000000000000011121212111111111211111111111111111110000000010000000000100010010000001010000010101000100101000100100101010010101001000
0001000000000000000000000000000000000000002112211111111111111111111111111110110000000000001000010000000000000100000101000000101010010010010101001001001001010000
0000000000000000000000000000000000000000001112121211111111111111111111111111110000000000000001000000000000100000100000001010000001000100100010100100101010001000
0000000000000000000000000000000000000000001111221112111111111111111111121111110000000000100000000001001000000100001001000000101000100010001000010010010001010000
0001100000000000000000000000000000000000021121122121111112112111111112111111110000000000000000000000000010000000100000010100000100010001010010100101001010001000
0001100000000000000000000000000000000000121111212111111211111111111111112111110000000000000000000000000000010000000100000001010001001000001001001000100001010000
0001000000000000000000000000000000000001221121112221211112121111211211121111210000000000000000001000100000000010000001010000000100000101000100010010001010000000
0001000000000000000000000000000000000012222111121121111211212121111112111211110000000000000000000000000010000000010000000100100001010000010001000001000001010000
0001110000000000000000000000000001110112222112111212121121212111121211121112110000000000000000000000000000000000000000000000000100000010000100001000010100001000
0001210000000000000000000000111111111112222111111121212112121221211121211111110000000000000000000000000000001000000010000010000000000000100000100010000001000000
0002110000000000000000111111011111111122222112111112111212112112121111121111120000000000000000000000000000000000010000010000010001001000001000001000101000100000
0001110000000000000022121111111111121122222111111111212112121221211212111121120000000000000000000000000000000000000000000000000000000010000010100000000101001000
0002211000000000001212121111112122121222222211112111111211121111121111111112120000000000000000000000000000000000000000000010000100010000100000000010100010000000
0001211000000001112121211121212121222222222221111111111112111212111111011121210000000000000000000000000000000000000000000000000000000000001001001000001011000000
0001121100000111211212122121221222222222222221111111111111111111111101101222120000000000000000000000000000000000000001000000010001000100000011100001010000010000
0001112200011121212212222212222222222222222212111111111111111110101110111222220000000000000000000000000000000000000000000001000000000000100011111110000101010000
0001122101121212122212212222222222222222222222111111111111111011110111111221220000000000000000000000000000000000000000000000000000000000000111001100001000001000
0001112111212212212221222222222222222222221222211111111110101110101101122122220000000000000000000000000000000000000000000000000001000100000010111211011010100000
0001212121212222222222222222222222212222222221221111111111111011110110222212220000000000000000000000000000000000000000000000000000000000100101101111111111101000
0001212212122122221222222221221122222222222222222111110101101101011012122222120000100000000000000000000000000000000000000000000000000000000112211112112212111000
0001221222122222222222222222222222222222222222212211111111011110110121221222220001110000000000010111011110000000000000000000000000010000001222210122121122211000
0001222222222222222222222222222222222222222122222221111011101011101212122122220001121100000101111111211121100000000000000000010000000000011112112122121221122000
0002121222212222222222222222222222222222222222221222211110111101122121212221220001211000011111111122212111110000000000000000000000000001011121112212222122212000
0001222222222222222222222222222222222222222222122222222111111112121211212222220001111110011111112122212221100000000000000000000000000011212212222223221222121000
0002122222232222222222222222222222222222222222222212212222212222222122122212220001221112111112121222122122110000000000000000000000000111121212121222222222222000
0002222222222222222222222222222222222222222222222222222222222122112212121222120001221212212112112112211222110000000000000000000000001121121222222222221222222000
0001222223223222222232222222222222222222222222222221222212122222222121222222220001111122222221211221222221111000000000000000000000011112221222122222222222212000
0002222222222222222222232222222223222222222222212222221222221212212212121212220001111111121212222112122221222110000000000000000000111121212221212222222221222000
0002222322322222322223222222222222222222222222222222122212212222221212222222220001212211121222211222222221221111111122101011110001111222112122222222222222222000
0002222222222322222322222222222222222222222222222122222222222122122221221222120001112121112121222221121111122121221221222111120011111211212122222221122222211000
0002222323232222232222222222222222222222222222212222222212122212221221222222220001212111221112212221111212121212212222122222221212121211222212222212231222221000
0002222222222222222222222222222222222222222222222222122222221222222122222122220001221122122211222111121212121122122222122212111121122212212121222221222222222000
0002232322322232322232222222222222222222222222222222222212222212212221222222120001112212112121222212212121212121222212222122222221212121212222222112111222122000
0002222222223222222222222222222222222222222222221221221222212222122122212212220001212121221121121212121212122212112232222222212122121212212122212221222111222000
0002323232322223223223222222222222222222222222222222222222222222222221222222220001121222112211211112122211222121211222232312221222221212212222222121211221222000
0002222222222322222222222222222222322222222222222222222221221222212222221222120001122122222222211211222122122122121111111121122211121211212222122112212222211000
0002323232322223223232232222222222222222222222221222122222222212222212122222220001221211111121212212121212222222122221212111211111111111112111211222222221222000
0002222222223222322222222222222222222222222222222222221222221222212222221221210001322222122221221221222122111111211111111111010101111111111122221222222212221000
0002232323222322222323232223223222322223222222222222122222122212222121222222220001222222221212121122111111111111112121111111111111111121121222222222211221212000
0002222222232232322222222222222222223222222222222222222222222221222222121212120002122222122222212111211111111110000000001111111111111111111222212212222222221000
0002323232223222223223222223222222322222222222222222222222221222221212222222210001212111111111111111111111111000000000011101111121121111121212211222222212122000
0002222223222232222222232222222232222222222222222222122222222212222222121212120001111111111111111111112111100000000000010111111111111111121212112222221222211000
0002232322232222323232222222322222222232222222222222222122122222122122222222210000111111111111101111112111000000000000001101111111111112111221222232222122212000
0002222223223232222222232322222222322222222222222222222222222222222221212121220000111111111111111111111100000000000000000111111112111111121212222222222322122000
0000000000000000000000000000000000000000000000000000000000000000000000000000000000111111111111111111110000000000000000000101111111111112121121212222223212222000
0000000000000000000000000000000000000000000000000000000000000000000000000000000000111101111111111121100000000000000000000111111111111111212112122222222222122000
0000000000000000000000000000000000000000000000000000000000000000000000000000000000111111111111211100000000000000000000000010111111111211121222122222222211222000
0000010000000000000000000000000000000000000000000000000000000000000101011011010000111111111111121000000000000000000000000011011111111111112112122121222122212000
0001101000000000000000000000000000000000000000000000000000000000111110111101110001111111111111100000000000000000000000000011111111111212111211121212112121212000
0001010110101000000000000000000000000000000000000000000000000000000011101111110000111111111110000000000000000000000000000000011111111111121112111212121211221000
0000010001000000000000000000000000000000000000000000000000000000111101011011110001111111010100000000000000000000000000000000110111112111111211212112121221212000
0000101000000010000000000000000000000000000000000000000000000000000010101111110001111101101000000000000000000000000000000000111111111121211112112212121212121000
0000010101001000000000000000000000000000000000000000000000000000001001111111110000110110100000000000000000000000000000000000101111211111112111121121121212121000
0000101000000000010010000000000000000000000000000000000000000000000001011010110001111101000000000000000000000000000000000000011111111111211121211211212112121000
0000100010000100000000000100000000000000000000000000000000000000000111101111110000111100000000000000000000000000000000000000001011111111112111111211121121211000
0000100000100001000000000000000000000000000000000000000000000000000100101011110001211000000000000000000000000000000000000000000110111212111212121121211212121000
0000010100001000001001000000000000000000000000000000000000000000000001110101110000100000000000000000000000000000000000000000001011111111221121112111111212121000
0000100001000010000000000000000000000000000000000000000000000000000001111011010000000000000000000000000000000000000000000000000101111111122122111121212122221000
0000001000010001001000000100000000000000000000000000000000000000000010111111110000000000000000000000000000000000000000000000010011111212111212212211221211212000
0000100010001000000001000000000000000000000000000000000000000000000000010111110000000000000000000000000000000000000000000000001011111121212221211112122212211000
0000001000100010010000000000000000000000000000000000000000000000000000001011010000000000000000000000000000000000000000000000001011111111111122212122221222122000
0000010001000000000000000100000000000000000000000000000000000000000000100101110000000000000000000000000000000000000000000000000101011112122221122121222122121000
0000000100010101001001000000000000000000000000000000000000000000000000001011010000000000000000000000000000000000000000000000000100111121211111222112112121212000
0000101001000000000000010000000000000000000000000000000000000000000000000010110000000000000000000000000000000000000000000000000101011121112112111112121211121000
0000000000010010100010000000001000000000000000000000000000000000000000000100100000000000000000000000000000000000000000000000000110011112221111111211211222111000
0000101010001000000000001000000000000000000000000000000000000000000000000001010000000000000000000000000000000000000000000000000000101211111121112122121221212000
0000001001010001000001000000000000000000000000000000000000000000000000000011010000000000000000000000000000000000000000000000000010111111111111211111222212111000
0000100010000100010100010001000000000000000000000000000000000000000000000101110000000000000000000000000000000000000000000000000001000111111211112121211212221000
0000010100100010000000000000000100000000000000000000000000000000000000000011010000000000000000000000000000000000000000000000000001110001111112121221122112121000
0000010010010100100010010000010000000000000000000000000000000000000000000000100000000000000000000000000000000000000000000000000000001000011111221112222111212000
0000101001000010000100000001000000000000000000000000000000000000000000000000110000000000000000000000000000000000000000000000000000100011111111212212121121222000
0000000100010100001000100100000000000000000000000000000000000000000000000010010000000000000000000000000000000000000000000000000000010100011111222122212221112000
0000101001001000100000000000000000000000000000000000000000000000000000010000000000000000000000000000000000000000000000000000000000010011011111211212112112211000
0000100100100010001010010000001000000000000000000000000000000000000000000000100000000000000000000000000000000000000000000000000000000010110121212122221121212000
0000010010010100010000100101000000000000000000000000000000000000000000000000000000000000000000000000000000000000000000000000000000010010101112221222212111221000
0000101010100001001010000000000001000000000000000000000000000000000000010100100000000000000000000000000000000000000000000000000000001101111111122212211222122000
0000000100011010000000100100001000000000000000000020000000000000000000000000000000000000000000000000000000000000000000000000000000000000011121211222121221212000
0000101001000001010100000000000000000000000000022210000000000000000000001123230000000000000000000000000000000000000000000000000000010000101111112112212121222000
0000100101010100010001001001000000100000011111222200000002221000002232332323320000000000000000000000000000000000000000000000000000000100001111212211222212221000
0000010100101010100100000100001000000001100002221200000232232222232323232323230000000000000000000000000000000000000000000000000000001010010111221131122222221000
0000100101000001010000100100100000000012000011211200000323232223232332323323230000000000000000000000000000000000000000000000000000000100001111212213212222112000
0000010010101010001010010000000010010002101001202200122332322232323233332331320000000000000000000000000000000000000000000000000000000011000011221112212212212000
0000101100010001100010010101001000000001200112220222223223233223233322232322330000000000000000000000000000000000000000000000000000000010101111122211222221212000
0000101011010101010100100100000000100001212123323222222123322233323232332332320000000000000000000000000000000000000000000000000000000101110112211122122212222000
0000101000100010100010010000100010000001222322221221011223233223232333233232330000000000000000000000000000000000000000000000000000000011111111222222121222222000
0000101110010101010101001000001000000000022222000011111323323232333232323323320000000000000000000000000000000000000000000000000000000101011111221222222222222000
0000101001001000100100100010112000133321121110000122232323233233232323323230110000000000000000000000000000000000000000000000000000000000111022132221222222121000
0000101010100101001010010133232333100001110012222232323232332223323332311000000000000000000000000000000000000000000000000000000000000010111112121121222122211000
0002211010101010100101001132322300000021000122312223232323233231000000000000100000000000000000000000000000000000000000000000000000000001011111112112222122222000
0002323110010101010000100233233200011200002232310023221133322200000000000000000000000000000000000000000000000000000000000000000000000010110101121222222212222000
0002332321010010010101000223232300121000122121000000000122232100000000000000100000000000000000000000000000000000000000000000000000000001011111112122112122221000
0002323022211112121210010233232322211022221000000000111333300000000000000000000000000000000000000000000000000000000000000000000000000000101111111212122221222000
0002332222222222222222222232332321113222210000000122221323000000000000000001000000000000000000000000000000000000000000000000000000000010111011111122212222222000
0002323222222221221222222233233222232222000000012111222210000000000000000000100000000000000000000000000000000000000000000000000000000000100111011121122221222000
0003232311010101000221222232323223222200000123323332120000000000000000000000000000000000000000000000000000000000000000000000000000000000011111101221222122221000
0002322223232222333232232332332322220012332100000000000000000000000000000000100000000000000000000000000000000000000000000000000000000001001110010112121221122000
0002222223222122223233223233233321123211000000000000000000000000000000000010000000000000000000000000000000000000000000000000000000000000010011000112221222212000
0002222232221212223222322323323213200000000010010000000000000000000000000000000000000000000000000000000000000000000000000000000000000001001001100012121121222000
0002222222331122232322210132332320010100001000000000000000000000000000000001000000000000000000000000000000000000000000000000000000000000010101100010112212211000
0001123112222122322101321123233200100001000010010010000000000000111100000000010000000000000000000000000000000000000000000000000000000000000101010101111121222000
0000102221321222232010032223220010001000101000000000100000000001222221000010000000000000000000000000000000000000000000000000000000000000101010110000111212112000
0001111112321222321101033223320101010010000101001010000100000122221222200000100000000000000000000000000000000000000000000000000000000000000101110010111111211000
0001010322231222231110323322220010001000100000000000010000001122222222210000000000000000000000000000000000000000000000000000000000000000100010101001011111121000
0001111011322322321011232332321001010122221010101001000000012222222221220010100000000000000000000000000000000000000000000000000000000000010011011100010111121000
0000101102231222331001332322220101001222222000000010000000012222222222221000000000000000000000000000000000000000000000000000000000000000101001010101011001212000
0001110112231222321111233233230101012222232101010000010010022222222222221000100000000000000000000000000000000000000000000000000000000000000101101100001111112000
0000111012231322323001323323231010112211122200001010000001112222222222222010000000000000000000000000000000000000000000000000000000000001010010110101101111111000
0001101102231222322102232332321010223222122210100101110222222222222222222000010000000000000000000000000000000000000000000000000000000000000100001010001011221000
0000111112231223221102332322332011322322223221010010000022222222222222222001000000000000000000000000000000000000000000000000000000000001010001011101001111012000
0001101012322223221012323332222123222222222220122222231222222232222222222100000000000000000000000000000000000000000000000000000000000000000000100101100111111000
0001111112231322321103332322333022232323232232222222222222102222232222221001010000000000000000000000000000000000000000000000000000000000001010010110101011111000
0001111103222223221022323232223112322222223222322323232322223222222232211000000000000000100100000000000000000000000000000000000000000001000001001011101111011000
0000110112232223321233233332232013213232322322223222222223222232232222200010100000000010000001010001001000000000000000000000000000000000010010010101110011111000
0001111013222223221323323231232122211223232232322232323222232222222222101001000000000000000100000000000000100000000100000000000000000001000100101011110000100000
0001111112232323230332332322223123201222223222232322222323222232322322221100010000000101000001000000100010000100010000000000000000000000001001001011101101110000
0001101123232223231233233232223222111211222323222232322222232222222223222221000000000000010000000100001000000000000000010000000000000000000000100101110010010000
0001111133223232321323323322223233111120112223232322232323222323232322232222210000001010000100010000000000010001000001000001000000100010010100010101011101110000
0001111113223223231323232332222322211111112322322232322322322222222223222322220000000000010000000000100100000000000100000000000100000000000001001010111110001000
0001110113232232232123332322231231112111222232223223223223223232323222222223220000010100000001000100000001000100010000000000000000000000001000101011011110101000
0001011122233233232332323232322321111111232323232322322322322223222322323222220000000001010100101000010100010000000000100001000000000010000010010100111111110000
0001111223222323232123323322232321112111232232322232232232232322322232222323220000010100000001000010000001000000100100000000000100000000010100101011111111000000
0001111122232323232323232332232321112103223223223223223223222322232222322222230000000000100100100100010000000000000001000100010000100000000001001001011111010000
0001112222323233322223323322332321121213232322323323232322323232323232232323220000010101000010010001001000100101010100000000000000000101010100100101111111010000
0000000000000000000000000000000000000000000000000000000000000000000000000000000000000000000000000000000000000000000000000000000000000000000000000000000000000000
0000000000000000000000000000000000000000000000000000000000000000000000000000000000000000000000000000000000000000000000000000000000000000000000000000000000000000
0000000000000000000000000000000000000000000000000000000000000000000000000000000000000000000000000000000000000000000000000000000000000000000000000000000000000000