0000000000000000000000000000000000000000000000000000000000000000000000003333333333333333000000000000000000000000000000000000000000000000000000000000000000000000
0000000000000000000000000000000000000000000000000000000000000000033333333333333333333333333333300000000000000000000000000000000000000000000000000000000000000000
0000000000000000000000000000000000000000000000000000000000000333333333333333333333333333333333333330000000000000000000000000000000000000000000000000000000000000
0000000000000000000000000000000000000000000000000000000003333333333333333333333333333333333333333333333000000000000000000000000000000000000000000000000000000000
0000000000000000000000000000000000000000000000000000003333333333333333333333333333333333333333333333333333000000000000000000000000000000000000000000000000000000
0000000000000000000000000000000000000000000000000003333333333333333333333333333333333333333333333333333333333000000000000000000000000000000000000000000000000000
0000000000000000000000000000000000000000000000000333333333333333333333333333333333333333333333333333333333333330000000000000000000000000000000000000000000000000
0000000000000000000000000000000000000000000000033333333333333333333333333333333333333333333333333333333333333333300000000000000000000000000000000000000000000000
0000000000000000000000000000000000000000000033333333333333333333333333333333333333333333333333333333333333333333333300000000000000000000000000000000000000000000
0000000000000000000000000000000000000000000333333333333333333333333333333333333333333333333333333333333333333333333330000000000000000000000000000000000000000000
0000000000000000000000000000000000000000033333333333333333333333333333333333333333333333333333333333333333333333333333300000000000000000000000000000000000000000
0000000000000000000000000000000000000003333333333333333333333333333333333333333333333333333333333333333333333333333333333000000000000000000000000000000000000000
0000000000000000000000000000000000000333333333333333333333333333333333333333333333333333333333333333333333333333333333333300000000000000000000000000000000000000
0000000000000000000000000000000000003333333333333333333333333333333333333333333333333333333333333333333333333333333333333333000000000000000000000000000000000000
0000000000000000000000000000000000033333333333333333333333333333333333333333333333333333333333333333333333333333333333333333300000000000000000000000000000000000
0000000000000000000000000000000003333333333333333333333333333333333333333333333333333333333333333333333333333333333333333333333000000000000000000000000000000000
0000000000000000000000000000000033333333333333333333333333333333333333333333333333333333333333333333333333333333333333333333333300000000000000000000000000000000
0000000000000000000000000000003333333333333333333333333333333333333333333333333333333333333333333333333333333333333333333333333333000000000000000000000000000000
0000000000000000000000000000033333333333333333333333333333333333333333333333333333333333333333333333333333333333333333333333333333300000000000000000000000000000
0000000000000000000000000000333333333333333333333333333333333333333333333333333333333333333333333333333333333333333333333333333333330000000000000000000000000000
0000000000000000000000000003333333333333333333333333333333333333333333333333333333333333333333333333333333333333333333333333333333333000000000000000000000000000
0000000000000000000000000033333333333333333333333333333333333333333333333333333333333333333333333333333333333333333333333333333333333300000000000000000000000000
0000000000000000000000000333333333333333333333333333333333333333333333333333333333333333333333333333333333333333333333333333333333333330000000000000000000000000
0000000000000000000000003333333333333333333333333333333333333333333333333333333333333333333333333333333333333333333333333333333333333333000000000000000000000000
0000000000000000000000033333333333333333333333333333333333333333333333333333333333333333333333333333333333333333333333333333333333333333300000000000000000000000
0000000000000000000000333333333333333333333333333333333333333333333333333333333333333333333333333333333333333333333333333333333333333333330000000000000000000000
0000000000000000000003333333333333333333333333333333333333333333333333333333333333333333333333333333333333333333333333333333333333333333333000000000000000000000
0000000000000000000033333333333333333333333333333333333333333333333333333333333333333333333333333333333333333333333333333333333333333333333300000000000000000000
0000000000000000000333333333333333333333333333333333333333333333333333333333333333333333333333333333333333333333333333333333333333333333333330000000000000000000
0000000000000000003333333333333333333333333333333333333333333333333333333333333333333333333333333333333333333333333333333333333333333333333333000000000000000000
0000000000000000003333333333333333333333333333333333333333333333333333333333333333333333333333333333333333333333333333333333333333333333333333000000000000000000
0000000000000000033333333333333333333333333333333333333333333333333333333333333333333333333333333333333333333333333333333333333333333333333333300000000000000000
0000000000000000333333333333333333333333333333333333333333333333333333333333333333333333333333333333333333333333333333333333333333333333333333330000000000000000
0000000000000003333333333333333333333333333333333333333333333333333333333333333333333333333333333333333333333333333333333333333333333333333333333000000000000000
0000000000000003333333333333333333333333333333333333333333333333333333333333333333333333333333333333333333333333333333333333333333333333333333333000000000000000
0000000000000033333333333333333333333333333333333333333333333333333333333333333333333333333333333333333333333333333333333333333333333333333333333300000000000000
0000000000000333333333333333333333333333333333333333333333333333333333333333333333333333333333333333333333333333333333333333333333333333333333333330000000000000
0000000000000333333333333333333333333333300000000000000000000000000000000000000000000000000000000003333333333333333333333333333333333333333333333330000000000000
0000000000003333333333333333333333333333300000000000000000000000000000000000000000000000000000000000003333333333333333333333333333333333333333333333000000000000
0000000000033333333333333333333333333333300000000000000000000000000000000000000000000000000000000000000033333333333333333333333333333333333333333333300000000000
0000000000033333333333333333333333333333300000000000000000000000000000000000000000000000000000000000000000333333333333333333333333333333333333333333300000000000
0000000000333333333333333333333333333333300000000000000000000000000000000000000000000000000000000000000000003333333333333333333333333333333333333333330000000000
0000000000333333333333333333333333333333300000000000000000000000000000000000000000000000000000000000000000000333333333333333333333333333333333333333330000000000
0000000003333333333333333333333333333333300000000000000000000000000000000000000000000000000000000000000000000033333333333333333333333333333333333333333000000000
0000000003333333333333333333333333333333300000000000000000000000000000000000000000000000000000000000000000000000333333333333333333333333333333333333333000000000
0000000033333333333333333333333333333333300000000000000000000000000000000000000000000000000000000000000000000000033333333333333333333333333333333333333300000000
0000000033333333333333333333333333333333300000000000000000000000000000000000000000000000000000000000000000000000003333333333333333333333333333333333333300000000
0000000333333333333333333333333333333333300000000000000000000000000000000000000000000000000000000000000000000000000333333333333333333333333333333333333330000000
0000000333333333333333333333333333333333300000000000000000000000000000000000000000000000000000000000000000000000000033333333333333333333333333333333333330000000
0000003333333333333333333333333333333333300000000000000000000000000000000000000000000000000000000000000000000000000003333333333333333333333333333333333333000000
0000003333333333333333333333333333333333300000000000000000000000000000000000000000000000000000000000000000000000000003333333333333333333333333333333333333000000
0000003333333333333333333333333333333333300000000000000000000000000000000000000000000000000000000000000000000000000000333333333333333333333333333333333333000000
0000033333333333333333333333333333333333300000000000000000000000000000000000000000000000000000000000000000000000000000033333333333333333333333333333333333300000
0000033333333333333333333333333333333333300000000000000000000000000000000000000000000000000000000000000000000000000000003333333333333333333333333333333333300000
0000033333333333333333333333333333333333300000000000000000000000000000000000000000000000000000000000000000000000000000003333333333333333333333333333333333300000
0000333333333333333333333333333333333333300000000000000000000000000000000000000000000000000000000000000000000000000000000333333333333333333333333333333333330000
0000333333333333333333333333333333333333300000000000000000000000000000000000000000000000000000000000000000000000000000000333333333333333333333333333333333330000
0000333333333333333333333333333333333333333333333333000000000000000000000000033333333333300000000000000000000000000000000033333333333333333333333333333333330000
0003333333333333333333333333333333333333333333333333000000000000000000000000033333333333333000000000000000000000000000000033333333333333333333333333333333333000
0003333333333333333333333333333333333333333333333333000000000000000000000000033333333333333300000000000000000000000000000003333333333333333333333333333333333000
0003333333333333333333333333333333333333333333333333000000000000000000000000033333333333333330000000000000000000000000000003333333333333333333333333333333333000
0033333333333333333333333333333333333333333333333333000000000000000000000000033333333333333333000000000000000000000000000000333333333333333333333333333333333000
0033333333333333333333333333333333333333333333333333000000000000000000000000033333333333333333000000000000000000000000000000333333333333333333333333333333333300
0033333333333333333333333333333333333333333333333333000000000000000000000000033333333333333333300000000000000000000000000000333333333333333333333333333333333300
0033333333333333333333333333333333333333333333333333000000000000000000000000033333333333333333330000000000000000000000000000033333333333333333333333333333333300
0033333333333333333333333333333333333333333333333333000000000000000000000000033333333333333333330000000000000000000000000000033333333333333333333333333333333300
0333333333333333333333333333333333333333333333333333000000000000000000000000033333333333333333333000000000000000000000000000033333333333333333333333333333333330
0333333333333333333333333333333333333333333333333333000000000000000000000000033333333333333333333000000000000000000000000000033333333333333333333333333333333330
0333333333333333333333333333333333333333333333333333000000000000000000000000033333333333333333333000000000000000000000000000013333333333333333333333333333333330
0333333333333333333333333333333333333333333333333333000000000000000000000000033333333333333333333300000000000000000000000000003333333333333333333333333333333330
0333333333333333333333333333333333333333333333333333000000000000000000000000033333333333333333333300000000000000000000000000003333333333333333333333333333333330
0333333333333333333333333333333333333333333333333333000000000000000000000000033333333333333333333300000000000000000000000000003333333333333333333333333333333330
0333333333333333333333333333333333333333333333333333000000000000000000000000033333333333333333333300000000000000000000000000003333333333333333333333333333333330
3333333333333333333333333333333333333333333333333333000000000000000000000000033333333333333333333330000000000000000000000000003333333333333333333333333333333330
3333333333333333333333333333333333333333333333333333000000000000000000000000033333333333333333333330000000000000000000000000000333333333333333333333333333333333
3333333333333333333333333333333333333333333333333333000000000000000000000000033333333333333333333330000000000000000000000000000333333333333333333333333333333333
3333333333333333333333333333333333333333333333333333000000000000000000000000033333333333333333333330000000000000000000000000000333333333333333333333333333333333
3333333333333333333333333333333333333333333333333333000000000000000000000000033333333333333333333330000000000000000000000000000333333333333333333333333333333333
3333333333333333333333333333333333333333333333333333000000000000000000000000033333333333333333333330000000000000000000000000000333333333333333333333333333333333
3333333333333333333333333333333333333333333333333333000000000000000000000000033333333333333333333330000000000000000000000000000333333333333333333333333333333333
3333333333333333333333333333333333333333333333333333000000000000000000000000033333333333333333333330000000000000000000000000000333333333333333333333333333333333
3333333333333333333333333333333333333333333333333333000000000000000000000000033333333333333333333330000000000000000000000000000333333333333333333333333333333333
3333333333333333333333333333333333333333333333333333000000000000000000000000033333333333333333333330000000000000000000000000000333333333333333333333333333333333
3333333333333333333333333333333333333333333333333333000000000000000000000000033333333333333333333330000000000000000000000000000333333333333333333333333333333333
3333333333333333333333333333333333333333333333333333000000000000000000000000033333333333333333333330000000000000000000000000000333333333333333333333333333333333
3333333333333333333333333333333333333333333333333333000000000000000000000000033333333333333333333330000000000000000000000000000333333333333333333333333333333333
3333333333333333333333333333333333333333333333333333000000000000000000000000033333333333333333333330000000000000000000000000000333333333333333333333333333333330
0333333333333333333333333333333333333333333333333333000000000000000000000000033333333333333333333330000000000000000000000000000333333333333333333333333333333330
0333333333333333333333333333333333333333333333333333000000000000000000000000033333333333333333333300000000000000000000000000000333333333333333333333333333333330
0333333333333333333333333333333333333333333333333333000000000000000000000000033333333333333333333300000000000000000000000000003333333333333333333333333333333330
0333333333333333333333333333333333333333333333333333000000000000000000000000033333333333333333333300000000000000000000000000003333333333333333333333333333333330
0333333333333333333333333333333333333333333333333333000000000000000000000000033333333333333333333300000000000000000000000000003333333333333333333333333333333330
0333333333333333333333333333333333333333333333333333000000000000000000000000033333333333333333333000000000000000000000000000003333333333333333333333333333333330
0333333333333333333333333333333333333333333333333333000000000000000000000000033333333333333333333000000000000000000000000000003333333333333333333333333333333330
0033333333333333333333333333333333333333333333333333000000000000000000000000033333333333333333330000000000000000000000000000033333333333333333333333333333333300
0033333333333333333333333333333333333333333333333333000000000000000000000000033333333333333333330000000000000000000000000000033333333333333333333333333333333300
0033333333333333333333333333333333333333333333333333000000000000000000000000033333333333333333300000000000000000000000000000033333333333333333333333333333333300
0033333333333333333333333333333333333333333333333333000000000000000000000000033333333333333333300000000000000000000000000000333333333333333333333333333333333300
0033333333333333333333333333333333333333333333333333000000000000000000000000033333333333333333000000000000000000000000000000333333333333333333333333333333333300
0003333333333333333333333333333333333333333333333333000000000000000000000000033333333333333330000000000000000000000000000000333333333333333333333333333333333000
0003333333333333333333333333333333333333333333333333000000000000000000000000033333333333333300000000000000000000000000000000333333333333333333333333333333333000
0003333333333333333333333333333333333333333333333333000000000000000000000000033333333333333000000000000000000000000000000003333333333333333333333333333333333000
0003333333333333333333333333333333333333333333333333000000000000000000000000033333333333300000000000000000000000000000000003333333333333333333333333333333330000
0000333333333333333333333333333333333333333333333333000000000000000000000000000000000000000000000000000000000000000000000033333333333333333333333333333333330000
0000333333333333333333333333333333333333300000000000000000000000000000000000000000000000000000000000000000000000000000000033333333333333333333333333333333330000
0000333333333333333333333333333333333333300000000000000000000000000000000000000000000000000000000000000000000000000000000333333333333333333333333333333333300000
0000033333333333333333333333333333333333300000000000000000000000000000000000000000000000000000000000000000000000000000000333333333333333333333333333333333300000
0000033333333333333333333333333333333333300000000000000000000000000000000000000000000000000000000000000000000000000000003333333333333333333333333333333333300000
0000003333333333333333333333333333333333300000000000000000000000000000000000000000000000000000000000000000000000000000003333333333333333333333333333333333000000
0000003333333333333333333333333333333333300000000000000000000000000000000000000000000000000000000000000000000000000000033333333333333333333333333333333333000000
0000003333333333333333333333333333333333300000000000000000000000000000000000000000000000000000000000000000000000000000333333333333333333333333333333333333000000
0000000333333333333333333333333333333333300000000000000000000000000000000000000000000000000000000000000000000000000000333333333333333333333333333333333330000000
0000000333333333333333333333333333333333300000000000000000000000000000000000000000000000000000000000000000000000000033333333333333333333333333333333333330000000
0000000033333333333333333333333333333333300000000000000000000000000000000000000000000000000000000000000000000000000033333333333333333333333333333333333300000000
0000000033333333333333333333333333333333300000000000000000000000000000000000000000000000000000000000000000000000000333333333333333333333333333333333333300000000
0000000033333333333333333333333333333333300000000000000000000000000000000000000000000000000000000000000000000000003333333333333333333333333333333333333000000000
0000000003333333333333333333333333333333300000000000000000000000000000000000000000000000000000000000000000000000033333333333333333333333333333333333333000000000
0000000003333333333333333333333333333333300000000000000000000000000000000000000000000000000000000000000000000003333333333333333333333333333333333333330000000000
0000000000333333333333333333333333333333300000000000000000000000000000000000000000000000000000000000000000000033333333333333333333333333333333333333330000000000
0000000000033333333333333333333333333333300000000000000000000000000000000000000000000000000000000000000000000333333333333333333333333333333333333333300000000000
0000000000033333333333333333333333333333300000000000000000000000000000000000000000000000000000000000000000033333333333333333333333333333333333333333300000000000
0000000000003333333333333333333333333333300000000000000000000000000000000000000000000000000000000000000003333333333333333333333333333333333333333333000000000000
0000000000000333333333333333333333333333300000000000000000000000000000000000000000000000000000000000000333333333333333333333333333333333333333333330000000000000
0000000000000333333333333333333333333333300000000000000000000000000000000000000000000000000000000000333333333333333333333333333333333333333333333330000000000000
0000000000000033333333333333333333333333333333333333333333333333333333333333333333333333333333333333333333333333333333333333333333333333333333333300000000000000
0000000000000033333333333333333333333333333333333333333333333333333333333333333333333333333333333333333333333333333333333333333333333333333333333000000000000000
0000000000000003333333333333333333333333333333333333333333333333333333333333333333333333333333333333333333333333333333333333333333333333333333333000000000000000
0000000000000000333333333333333333333333333333333333333333333333333333333333333333333333333333333333333333333333333333333333333333333333333333330000000000000000
0000000000000000033333333333333333333333333333333333333333333333333333333333333333333333333333333333333333333333333333333333333333333333333333300000000000000000
0000000000000000033333333333333333333333333333333333333333333333333333333333333333333333333333333333333333333333333333333333333333333333333333300000000000000000
0000000000000000003333333333333333333333333333333333333333333333333333333333333333333333333333333333333333333333333333333333333333333333333333000000000000000000
0000000000000000000333333333333333333333333333333333333333333333333333333333333333333333333333333333333333333333333333333333333333333333333330000000000000000000
0000000000000000000033333333333333333333333333333333333333333333333333333333333333333333333333333333333333333333333333333333333333333333333300000000000000000000
0000000000000000000003333333333333333333333333333333333333333333333333333333333333333333333333333333333333333333333333333333333333333333333000000000000000000000
0000000000000000000000333333333333333333333333333333333333333333333333333333333333333333333333333333333333333333333333333333333333333333330000000000000000000000
0000000000000000000000333333333333333333333333333333333333333333333333333333333333333333333333333333333333333333333333333333333333333333330000000000000000000000
0000000000000000000000003333333333333333333333333333333333333333333333333333333333333333333333333333333333333333333333333333333333333333000000000000000000000000
0000000000000000000000000333333333333333333333333333333333333333333333333333333333333333333333333333333333333333333333333333333333333330000000000000000000000000
0000000000000000000000000033333333333333333333333333333333333333333333333333333333333333333333333333333333333333333333333333333333333300000000000000000000000000
0000000000000000000000000003333333333333333333333333333333333333333333333333333333333333333333333333333333333333333333333333333333333000000000000000000000000000
0000000000000000000000000000333333333333333333333333333333333333333333333333333333333333333333333333333333333333333333333333333333330000000000000000000000000000
0000000000000000000000000000033333333333333333333333333333333333333333333333333333333333333333333333333333333333333333333333333333300000000000000000000000000000
0000000000000000000000000000003333333333333333333333333333333333333333333333333333333333333333333333333333333333333333333333333333000000000000000000000000000000
0000000000000000000000000000000333333333333333333333333333333333333333333333333333333333333333333333333333333333333333333333333330000000000000000000000000000000
0000000000000000000000000000000003333333333333333333333333333333333333333333333333333333333333333333333333333333333333333333333000000000000000000000000000000000
0000000000000000000000000000000000333333333333333333333333333333333333333333333333333333333333333333333333333333333333333333330000000000000000000000000000000000
0000000000000000000000000000000000003333333333333333333333333333333333333333333333333333333333333333333333333333333333333333000000000000000000000000000000000000
0000000000000000000000000000000000000333333333333333333333333333333333333333333333333333333333333333333333333333333333333330000000000000000000000000000000000000
0000000000000000000000000000000000000003333333333333333333333333333333333333333333333333333333333333333333333333333333333000000000000000000000000000000000000000
0000000000000000000000000000000000000000333333333333333333333333333333333333333333333333333333333333333333333333333333330000000000000000000000000000000000000000
0000000000000000000000000000000000000000003333333333333333333333333333333333333333333333333333333333333333333333333333000000000000000000000000000000000000000000
0000000000000000000000000000000000000000000033333333333333333333333333333333333333333333333333333333333333333333333300000000000000000000000000000000000000000000
0000000000000000000000000000000000000000000000333333333333333333333333333333333333333333333333333333333333333333330000000000000000000000000000000000000000000000
0000000000000000000000000000000000000000000000000333333333333333333333333333333333333333333333333333333333333330000000000000000000000000000000000000000000000000
0000000000000000000000000000000000000000000000000003333333333333333333333333333333333333333333333333333333333000000000000000000000000000000000000000000000000000
0000000000000000000000000000000000000000000000000000003333333333333333333333333333333333333333333333333333000000000000000000000000000000000000000000000000000000
0000000000000000000000000000000000000000000000000000000003333333333333333333333333333333333333333333333000000000000000000000000000000000000000000000000000000000
0000000000000000000000000000000000000000000000000000000000003333333333333333333333333333333333333333000000000000000000000000000000000000000000000000000000000000
0000000000000000000000000000000000000000000000000000000000000000333333333333333333333333333333330000000000000000000000000000000000000000000000000000000000000000
0000000000000000000000000000000000000000000000000000000000000000000000333333333333333333330000000000000000000000000000000000000000000000000000000000000000000000
