3333333333333333333333333333333333333333333333333333333333333333333333333333333333333333333333333333333333333333333333333333333333333333333333333333333333333333
3333333333333333333333333333333333333333333333333333333333333333333333333333333333333333333333333333333333333333333333333333333333333333333333333333333333333333
3333333333333333333333333333333333333333333333333333333333333333333333333333333333333333333333333333333333333333333333333333333333333333333333333333333333333333
3333333333333333333333333333333333333333333333333333333333333333333333333333333333333333333333333333333333333333333333333333333333333333333333333333333333333333
3333333333333333333333333333333333333333333333333333333333333333333333333333333333333333333333333333333333333333333333333333333333333333333333333333333333333333
3333333333333333333333333333333333333333333333333333333333333333333333333333333333333333333333333333333333333333333333333333333333333333333333333333333333333333
3333333333333333333333333333333333333333333333333333333333333333333333333333333333333333333333333333333333333333333333333333333333333333333333333333333333333333
3333333333333333333333333333333333333333333333333333333333333333333333333333333333333333333333333333333333333333333333333333333333333333333333333333333333333333
3333333333333333333333333333333333333333333333333333333333333333333333333333333333333333333333333333333333333333333333333333333333333333333333333333333333333333
3333333333333333333333333333333333333333333333333333333333333333333333333333333333333333333333333333333333333333333333333333333333333333333333333333333333333333
3333333333333333333333333333333333333333333333333333333333333333333333333333333333333333333333333333333333333333333333333333333333333333333333333333333333333333
3333333333333333333333333333333333333333333333333333333333333333333333333333333333333333333333333333333333333333333333333333333333333333333333333333333333333333
3333333333333333333333333333333333333333333333333333333333333333333333333333333333333333333333333333333333333333333333333333333333333333333333333333333333333333
3333333333333333333333333333333333333333333333333333333333333333333333333333333333333333333333333333333333333333333333333333333333333333333333333333333333333333
3333333333333333333333333333333333333333333333333333333333333333333333333333333333333333333333333333333333333333333333333333333333333333333333333333333333333333
3333333333333333333333333333333333333333333333333333333333333333333333333333333333333333333333333333333333333333333333333333333333333333333333333333333333333333
3333333333333333333333333333333333333333333333333333333333333333333333333333333333333333333333333333333333333333333333333333333333333333333333333333333333333333
3333333333333333333333333333333333333333333333333333333333333333333333333333333333333333333333333333333333333333333333333333333333333333333333333333333333333333
3333333333333333333333333333333333333333333333333333333333333333333333333333333333333333333333333333333333333333333333333333333333333333333333333333333333333333
3333333333333333333333333333333333333333333333333333333333333333333333333333333333333333333333333333333333333333333333333333333333333333333333333333333333333333
3333333333333333333333333333333333333333333333333333333333333333333333333333333333333333333333333333333333333333333333333333333333333333333333333333333333333333
3333333333333333333333333333333333333333333333333333333333333333333333333333333333333333333333333333333333333333333333333333333333333333333333333333333333333333
3333333333333333333333333333333333333333333333333333333333333333333333333333333333333333333333333333333333333333333333333333333333333333333333333333333333333333
3333333333333333333333333333333333333333333333333333333333333333333333333333333333333333333333333333333333333333333333333333333333333333333333333333333333333333
3333333333333333333333333333333333333333333333333333333333333333333333333333333333333333333333333333333333333333333333333333333333333333333333333333333333333333
3333333333333333333333333333333333333333333333333333333333333333333333333311101110111011333333333333333333333333333333333333333333333333333333333333333333333333
3333333333333333333333333333333333333333333333333333333333333333333331110100010001000100101133333333333333333333333333333333333333333333333333333333333333333333
3333333333333333333333333333333333333333333333333333333333333333331101001010101010101010110111333111011101110111333333333333333333333333333333333333333333333333
3333333333333333333333333333333333333333333333333333333333333331101010011111111111101011011011331000100010001000133333333333333333333333333333333333333333333333
3333333333333333333333333333333333333333333333333333333333333110010101101010101010110111101000100103310101010101333333333333333333333333333333333333333333333333
3333333333333333333333333333333333333333333333333333333333311001110111111101111101101101100110101010103010101033333333333333333333333333333333333333333333333333
3333333333333333333333333333333333333333333333333333333333100110111101010111010111011110101001010101010301001333333333333333333333333333333333333333333333333333
3333333333333333333333333333333333333333333333333333333310111111010111111011111011110111010101033333013310133333333333333333333333333333333333333333333333333333
3333333333333333333333333333333333333333333333333333333101101011111010101101010110111010100101333333303301333333333333333333333333333333333333333333333333333333
3333333333333333333333333333333333333333333333333333310111011101000111110111111101101111010013333333133103333333333333333333333333333333333333333333333333333333
3333333333333333333333333333333333333333333333333333101101110101011101011101010111011010101033333330113033333333333333333333333333333333333333333333333333333333
3333333333333333333333333333333333333333333333333331011110110101110111101111111011110111010333333310101133333333333333333333333333333333333333333333333333333333
3333333333333333333333333333333333333333333333333311110101001010111101110101010110111101001333333301111133333333333333333333333333333333333333333333333333333333
3333333333333333333333333333333333333333333333333130111101010111010110111111111101101011013333333110101013333333333333333333333333333333333333333333333333333333
3333333333333333333333333333333333333333333333331311010010101011111011010101010111011111103333330111111103333333333333333333333333333333333333333333333333333333
3333333333333333333333333333333333333333333333313310110101011101011111111110111101110101013333331101010110333333333333333333333333333333333333333333333333333333
3333333333333333333333333333333333333333333333133101010010101111101010101011101011011111133333310111111011333333333333333333333333333333333333333333333333333333
3333333333333333333333333333333333333333333333333110101011110101011111011101111111101010101111111010101113033333333333333333333333333333333333333333333333333333
3333333333333333333333333333333333333333333333331010010110111111110101110110101010111111111010101111110101033333333333333333333333333333333333333333333333333333
3333333333333333333333333333333333333333333313331010111011010101011110111011111111010101010111110101011111033333333333333333333333333333333333333333333333333333
3333333333333333333333333333333333333333333333310101010111111011101011011110101010111111111101011111101011133333333333333333333333333333333333333333333333333333
3333333333333333333333333333333333333333333333310010111101010110111101101011111111101010101011101010111101103333333333333333333333333333333333333333333333333333
3333333333333333333333333333333333333333333333101011101111111111010111111101010010111111111110111111010110103333333333333333333333333333333333333333333333333333
3333333333333333333333333333333333333333333333101110110101010101111101010111101111010101010101100001111111103333333333333333333333333333333333333333333333333333
3333333333333333333333333333333333333333333331000101111110111110101111111010101011111111101111011000100101103333333333333333333333333333333333333333333333333333
3333333333333333333333333333333333333333333331011111010111101011110101010110011101010101011011000000010110113333333333333333333333333333333333333333333333333333
3333333333333333333333333333333333333333333310101011111010111101011111111110110111111111131110101000001011003333333333333333333333333333333333333333333333333333
3333333333333333333333333333333333333333333310011101010111010111110101010101011101010103333311110000101101113333333333333333333333333333333333333333333333333333
3333333333333333333333333333333333333333333101110111111101111010111110111100101111111033333330110101110111013333333333333333333333333333333333333333333333333333
3333333333333333333333333333333333333333333100111101010111011111010101101010110101010133333333331110101101103333333333333333333333333333333333333333333333333333
3333333333333333333333333333333333333333333011010111111011101011111111111101011110111133333333333333111011113333333333333333333333333333333333333333333333333333
3333333333333333333333333333333333333333331010111010101101111101010101010100010101101133333333333333333110101333333333333333333333333333333333333333333333333333
3333333333333333333333333333333333333333331011101111110110101011111011111101011111110333333333333333333311111333333333333333333333333333333333333333333333333333
3333333333333333333333333333333333333333331010111010111111111110101110101110101010111333333333333333333330101133333333333333333333333333333333333333333333333333
3333333333333333333333333333333333333333330111101111010101010101110133333011001111010333333333333333333333110103333333333333333333333333333333333333333333333333
3333333333333333333333333333333333333333331010111011111011111111011333333331100010111333333333333333333333311110333333333333333333333333333333333333333333333333
3333333333333333333333333333333333333333331011101101010110101010113333333333311011101333333333333333333333330111133333333333333333333333333333333333333333333333
3333333333333333333333333333333333333333330110110111111111110111133333333333333010111333333333333333333333333101013333333333333333333333333333333333333333333333
3333333333333333333333333333333333333333311111011101010101011101333333333333333330101333333133333333333333333111003333333333333333333333333333333333333333333333
3333333333333333333333333333333333333333310011110111111111101110333333333333333333313333333303333333333333333301110333333333333333333333333333333333333333333333
3333333333333333333333333333333333333333330110101101010101011013333333333333333333333333333331333333333333333331110133333333333333333333333333333333333333333333
3333333333333333333333333333333333333333331101111011111011111113333333333333333333333333333333033333333333333333001033333333333333333333333333333333333333333333
3333333333333333333333333333333333333333330111011110101110101033333333333333333333333333333333131333333333333313010133333333333333333333333333333333333333333333
3333333333333333333333333333333333333333331101101011110111111133333333333333333333333333333333330133333333333333100133333333333333333333333333333333333333333333
3333333333333333333333333333333333333333330111111101011010101333333333333333333333333333333333333301333333333333013333333333333333333333333333333333333333333333
3333333333333333333333333333333333333333331101010111101111110333333333333333333333333333333333333331011333333333333333333333333333333333333333333333333333333333
3333333333333333333333333333333333333333330110111010111010103333333333333333333333333333333333333333333033333333333333333333333333333333333333333333333333333333
3333333333333333333333333333333333333333333011101111101111113333333333333333333333333333333333333333333333333333333333333333333333333333333333333333333333333333
3333333333333333333333333333333333333333333110111010111010133333333333333333333333333333333333333333333333333333333333333333333333333333333333333333333333333333
3333333333333333333333333333333333333333333011101111011111033333333333333333333333333333333333333333333333333333333333333333333333333333333333333333333333333333
3333333333333333333333333333333333333333333301110101101010333333333333333333333333333333333333333333333333333333333333333333333333333333333333333333333333333333
3333333333333333333333333333333333333000000001011110111111333333333333003000333333333333333333121112133332133333333333333333333333333333333333333333333333333333
3333333333333333333333333333333333333000000000101011101013333333333330003000333333333333333333111211121331233333333333333333333333333333333333333333333333333333
3333333333333333333333333333333333330000000000011110111103333333333330003003333333333333333333211112111321133333333333333333333333333333333333333333333333333333
3333333333333333333333333333333333330003333000110111010133333333333330003003333333333333333331113333312111133333333333333333333333333333333333333333333333333333
3333333333333333333333333333333333330003333000010000000000003330000030030003300000030033330001213333311112132133332132121212333333333333333333333333333333333333
3333333333333333333333333333333333330000000003000000000033000300000000030003000000030003330031113333211321311133321131123221333333333333333333333333333333333333
3333333333333333333333333333333333300000000033300001000333300300033300030030003330000003300031121211112311312133322222233312333333333333333333333333333333333333
3333333333333333333333333333333333300033330003300010103330000000333300030030000000000003300331111112113222322233321231212333333333333333333333333333333333333333
3333333333333333333333333333333333300033333000300011100000000000333300000000000000003003000312222222333212312333322332221223333333333333333333333333333333333333
3333333333333333333333333333333333300033333000000101000333003000333300300000033333333003003322133333333223321333212333332212333333333333333333333333333333333333
3333333333333333333333333333333333300333330003000310003333003000333000300030033330033000033312233333333123122333221321333122333333333333333333333333333333333333
3333333333333333333333333333333333000000000003000301000300003000000000300330000000033000033321233333332213221222122322233221333333333333333333333333333333333333
3333333333333333333333333333333333000000000033003331000000003300000000300333000000333000333322333333332123322121221321212123333333333333333333333333333333333333
3333333333333333333333333333333333333333333333333333333333333333333333333333333333333000333333333333333333333333333333333333333333333333333333333333333333333333
3333333333333333333333333333333333333333333333333333333333333333333333333333333333300003333333333333333333333333333333333333333333333333333333333333333333333333
3333333333333333333333333333333333333333333333333333333333333333333333333333333333000033333333333333333333333333333333333333333333333333333333333333333333333333
3333333333333333333333333333333333333333333333333333333333333333333333333333333333333333333333333333333333333333333333333333333333333333333333333333333333333333
3333333333333333333333333333333333333333333333333333333333333333333333333333333333333333333333333333333333333333333333333333333333333333333333333333333333333333
3333333333333333333333333333333333333333333333333333333333333333333333333333333333333333333333333333333333333333333333333333333333333333333333333333333333333333
3333333333333333333333333333333333333333333333333333333333333333333333333333333333333333333333333333333333333333333333333333333333333333333333333333333333333333
3333333333333333333333333333333333333333333333333333333333333333333333333333333333333333333333333333333333333333333333333333333333333333333333333333333333333333
3333333333333333333333333333333333333333333333333333331010101010101010101010101010010010010010101010101010110333333333333333333333333333333333333333333333333333
3333333333333333333333333333333333333331110101010101010100100100100100010001000101001001001001001010101010010101010110110113333333333333333333333333333333333333
3333333333333333333333333333333332111101001010100100100010010101010010101010101000101010101010100100010010101010101001001001011111333333333333333333333333333333
3333333333333333333333333333333331000101010010010101010101010010010101001001001010100100100100101010101001000100100100101010100001333333333333333333333333333333
3333333333333333333333333333333333333310101001010010010100101001001000101010100101010010010101001001001010101010010101010101033333333333333333333333333333333333
3333333333333333333333333333333333333333333333333310101010100101010101010010010100101010101001010101010101010101133333333333333333333333333333333333333333333333
3333333333333333333333333333333333333333333333333333333333333333333333333333333333333333333333333333333333333333333333333333333333333333333333333333333333333333
3333333333333333333333333333333333333333333333333333333333333333333333333333333333333333333333333333333333333333333333333333333333333333333333333333333333333333
3333333333333333333333333333333333333333333333333333333333333333333333333333333333333333333333333333333333333333333333333333333333333333333333333333333333333333
3333333333333333333333333333333333333333333333333333333333333333333333333333333333333333333333333333333333333333333333333333333333333333333333333333333333333333
3333333333333333333333333333333333333333333333333333333333333333333333333333333333333333333333333333333333333333333333333333333333333333333333333333333333333333
3333333333333333333333333333333333333333333333333333333333333333333333333333333333333333333333333333333333333333333333333333333333333333333333333333333333333333
3333333333333333333333333333333333333333333333333333333333333333333333333333333333333333333333333333333333333333333333333333333333333333333333333333333333333333
3333333333333333333333333333333333333333333333333333333333333333333333333333333333333333333333333333333333333333333333333333333333333333333333333333333333333333
3333333333333333333333333333333333333333333333333333333333333333333333333333333333333333333333333333333333333333333333333333333333333333333333333333333333333333
3333333333333333333333333333333333333333333333333333333333333333333333333333333333333333333333333333333333333333333333333333333333333333333333333333333333333333
3333333333333333333333333333333333333333333333333333333333333333333333333333333333333333333333333333333333333333333333333333333333333333333333333333333333333333
3333333333333333333333333333333333333333333333333333333333333333333333333333333333333333333333333333333333333333333333333333333333333333333333333333333333333333
3333333333333333333333333333333333333333333333333333333333333333333333333333333333333333333333333333333333333333333333333333333333333333333333333333333333333333
3333333333333333333333333333333333333333333333333333333333333333333333333333333333333333333333333333333333333333333333333333333333333333333333333333333333333333
3333333333333333333333333333333333333333333333333333333333333333333333333333333333333333333333333333333333333333333333333333333333333333333333333333333333333333
3333333333333333333333333333333333333333333333333333333333333333333333333333333333333333333333333333333333333333333333333333333333333333333333333333333333333333
3333333333333333333333333333333333333333333333333333333333333333333333333333333333333333333333333333333333333333333333333333333333333333333333333333333333333333
3333333333333333333333333333333333333333333333333333333333333333333333333333333333333333333333333333333333333333333333333333333333333333333333333333333333333333
3333333333333333333333333333333333333333333333333333333333333333333333333333333333333333333333333333333333333333333333333333333333333333333333333333333333333333
3333333333333333333333333333333333333333333333333333333333333333333333333333333333333333333333333333333333333333333333333333333333333333333333333333333333333333
3333333333333333333333333333333333333333333333333333333333333333333333333333333333333333333333333333333333333333333333333333333333333333333333333333333333333333
