0000000000000000000000000000000000000000000000000000000000000000000000000000000000000000000000000000000000000000000000000000000000000000000000000000000000000000
0000000000000000000000000000000000000000000000000000000000000000000000000000000000000000000000000000000000000000000000000000000000000000000000000000000000000000
0000000000000000000000000000000000000000000000000000000000000000000000000000000000000000000000000000000000000000000000000000000000000000000000000000000000000000
0000000000000000000000000000000000000000000000000000000000000000000000000000000000000000000000000000000000000000000000000000000000000000000000000000000000000000
0000000013221000000000000000000000000000000000000000000000000000000000000000000000330000000000000000003330000000000000000000000000000000000000000000000000000000
0000003333333330000000000000000000000000000000000000000000000000000000000000000000330000033333333000003330000000000000000000000000000000000000000000000000000000
0000033000000130000000000000000000000000000000000000000000000000000000000000000000330000033000023300003330000000000000000000000000000000000000000000000000000000
0000130000000000000000000000000000000000000000000000000000000000000000000000000000330000033000000330003330000000000000000000000000000000000000000000000000000000
0000230000000000000000123200000000001232200000000222100000000000023100000000023100330000033000000330003330000012332000000000000000000000000123100000000000023000
0000330000000000000013333333000000133333330000033333330000003313333330000003333332330000033000000330003330000333333320000032000000033000013333333000003303333000
0000132000000000000132000003300001330000000000332000033000003330000133000023200003330000033000000330003330000000000231000033000000131000132000033300003331000000
0000033330000000000330000002300003300000000002300000003200003300000033000033000000330000033000000330003330000000000033000023100000330002330000002300003330000000
0000003333333000000310000000320013100000000003300000003310003300000033000131000000330000033000002320003330000000000033000003300000330003310000000320003300000000
0000000001333320002333333333330023000000000003300000003320003300000033000230000000330000033333333300003330000002233333000003300003300003333333333330003300000000
0000000000000330003333333333330033000000000003300000003330003300000033000330000000330000033333210000003330000333333333000000320003300003333333333330003300000000
0000000000000032002300000000000023000000000003300000003320003300000033000230000000330000033000000000003330003300000033000000330013100003300000000000003300000000
0000000000000033002300000000000023000000000003300000003320003300000033000230000000330000033000000000003330003300000033000000330033000003300000000000003300000000
0000000000000032000330000000000003200000000003300000003300003300000033000032000000330000033000000000003330003300000033000000032233000003330000000000003300000000
0000200000000231000330000000000003300000000001320000023100003300000033000033000002330000033000000000003330003300000233000000033332000000330000000000003300000000
0000332100003330000033200001300000332000130000333100233000003300000033000003300023330000033000000000003330002330002333000000023330000000033200002300003300000000
0000023333333100000002333333300000023333330000013333320000003300000033000000333330330000033000000000003330000233333033000000003330000000002333333300003300000000
0000000000000000000000000000000000000000000000000000000000000000000000000000000000000000000000000000000000000000000000000000003300000000000000000000000000000000
0000000000000000000000000000000000000000000000000000000000000000000000000000000000000000000000000000000000000000000000000000023100000000000000000000000000000000
0000000000000000000000000000000000000000000000000000000000000000000000000000000000000000000000000000000000000000000000000000033000000000000000000000000000000000
0000000000000000000000000000000000000000000000000000000000000000000000000000000000000000000000000000000000000000000000000000233000000000000000000000000000000000
0000000000000000000000000000000000000000000000000000000000000000000000000000000000000000000000000000000000000000000000000033330000000000000000000000000000000000
0000000000000000000000000000000000000000000000000000000000000000000000000000000000000000000000000000000000000000000000000000000000000000000000000000000000000000
0000000000000000000000000000000000000000000000000000000000000000000000000000000000000000000000000000000000000000000000000000000000000000000000000000000000000000
0000000000000000000000000000000000000000000000000000000000000000000000000000000000000000000000000000000000000000000000000000000000000000000000000000000000000000
0000000000000000000000000000000000000000000000000000000000000000000000000000000000000000000000000000000000000000000000000000000000000000000000000000000000000000
0000000000000000000000000000000000000000000000000000000000000000000000000000000000000000000000000000000000000000000000000000000000000000000000000000000000000000
0000000000000000000000000000000000000000000000000000000000000000000000000000000000000000000000000000000000000000000000000000000000000000000000000000000000000000
0000000000000000000000000000000000000000000000000000000000000000000000000000000000000000000000000000000000000000000000000000000000000000000000000000000000000000
0033332100000000000000000000000000000000000000000023000000003033000000000330000000000000000000000000000000022310000000000000000000000000000000000000000000000000
0033333332000000000000033000000000000000000000000003000000033033000000000330000000000000000000000000000002333333300000000000000000000000000000000000000000000000
0033000013000000000000033000000000000000000000000003200000030000000000000330000000000000000000000000000033000000000000000000000000000000000000000000000000000000
0033000003000001232000333333003001300013220000000001300000130033000002200330000012300000001320000000000330000000000001322000003300220001230000000232000000232100
0033000013000033333300333333003133300333333000000000300000320033000033333330002333333000033333200000000330000000000033333320003313333033333000033333300003333300
0033333331000330000230033000003300003300003300000000330000300033000330000330003000003000330000300000000330000333330000000130003330003300003200330000230033000000
0033333330000300000030033000003000003000000300000000030002300033000300000330023000003202300000320000000330000333330000233330003300003300003200300000030013321000
0033000330000333333330033000003000003000000300000000030003200033000300000330023333333302300000330000000330000000330003333330003300003300003300333333330003333200
0033000023000333333330033000003000003000000300000000033003000033000300000330033333333303300000320000000330000000330033000030003300003300003300333333330000002310
0033000003000300000000033000003000003100001300000000003023000033000310000330013000000001310000310000000132000000330030000030003300003300003300300000000000000330
0033000003300131000130023100003000002310013200000000003331000033000231003330003310003000231003300000000003300002330032000330003300003300003300133000130031000320
0033000000300013333300002333003000000233332000000000002330000033000033332330000333332000023333000000000000333333100013333030003300003300003300013333300003333300
0000000000000000000000000000000000000000000000000000000000000000000000000000000000000000000000000000000000000000000000000000000000000000000000000000000000000000
0000000000000000000000000000000000000000000000000000000000000000000000000000000000000000000000000000000000000000000000000000000000000000000000000000000000000000
0000000000000000000000000000000000000000000000000000000000000000000000000000000000000000000000000000000000000000000000000000000000000000000000000000000000000000
0000000000000000000000000000000000000000000000000000000000000000000000000000000000000000000000000000000000000000000000000000000000000000000000000000000000000000
0000000000000000000000000000000000000000000000000000000000000000000000000000000000000000000000000000000000000000000000000000000000000000000000000000000000000000
0000000000000000000000000000000000000000000000000000000000000000000000000000000000000000000000000000000000000000000000000000000000000000000000000000000000000000
0000000000000000000000000000000000000000000000000000000000000000000000000000000000000000000000000000000000000000000000000000000000000000000000000000000000000000
0000000000000000000000000000000000000000000000000000000000000000000000000000000000000000000000000000000000000000000000000000000000000000000000000000000000000000
0000000000000000000000000000000000000000000000000000000000000000000000000000000000000000000000000000000000000000000000000000000000000000000000000000000000000000
0000000000000000000000000000000000000000000000000000000000000000000000000000000000000000000000000000000000000000000000000000000000000000000000000000000000000000
0000000000000000000000000000000000000000000000000000000000000000000000000000000000000000000000000000000000000000000000000000000000000000000000000000000000000000
0000000000000000000000000000000000000000000000000000000000000000000000000000000000000000000000000000000000000000000000000000000000000000000000000000000000000000
0000000000000000000000000000000000000000000000000000000000000000000000000000000000000000000000000000000000000000000000000000000000000000000000000000000000000000
0000000000000000000000000000000000000000000000000000000000000000000000000000000000000000000000000000000000000000000000000000000000000000000000000000000000000000
0000000000000000000000000000000000000000000000000000000000000000000000000000000000000000000000000000000000000000000000000000000000000000000000000000000000000000
0000000000000000000000000000000000000000000000000000000000000000000000000000000000000000000000000000000000000000000000000000000000000000000000000000000000000000
0000000000000000000000000000000000000000000000000000000000000000000000000000000000000000000000000000000000000000000000000000000000000000000000000000000000000000
0000000000000000000000000000000000000000000000000000000000000000000000000000000000000000000000000000000000000000000000000000000000000000000000000000000000000000
0000000000000000000000000000000000000000000000000000000000000000000000000000000000000000000000000000000000000000000000000000000000000000000000000000000000000000
0000000000000000000000000000000000000000000000000000000000000000000000000000000000000000000000000000000000000000000000000000000000000000000000000000000000000000
0000000000000000000000000000000000000000000000000000000000000000000000000000000000000000000000000000000000000000000000000000000000000000000000000000000000000000
0000000000000000000000000000000000000000000000000000000000000000000000000000000000000000000000000000000000000000000000000000000000000000000000000000000000000000
0000000000000000000000000000000000000000000000000000000000000000000000000000000000000000000000000000000000000000000000000000000000000000000000000000000000000000
0000000000000000000000000000000000000000000000000000000000000000000000000000000000000000000000000000000000000000000000000000000000000000000000000000000000000000
0000000000000000000000000000000000000000000000000000000000000000000000000000000000000000000000000000000000000000000000000000000000000000000000000000000000000000
0000000000000000000000000000000000000000000000000000000000000000000000000000000000000000000000000000000000000000000000000000000000000000000000000000000000000000
0000000000000000000000000000000000000000000000000000000000000000000000000000000000000000000000000000000000000000000000000000000000000000000000000000000000000000
0000000000000000000000000000000000000000000000000000000000000000000000000000000000000000000000000000000000000000000000000000000000000000000000000000000000000000
0000000000000000000000000000000000000000000000000000000000000000000000000000000000000000000000000000000000000000000000000000000000000000000000000000000000000000
0000000000000000000000000000000000000000000000000000000000000000000000000000000000000000000000000000000000000000000000000000000000000000000000000000000000000000
0000000000000000000000000000000000000000000000000000000000000000000000000000000000000000000000000000000000000000000000000000000000000000000000000000000000000000
0000000000000000000000000000000000000000000000000000000000000000000000000000000000000000000000000000000000000000000000000000000000000000000000000000000000000000
0000000000000000000000000000000000000000000000000000000000000000000000000000000000000000000000000000000000000000000000000000000000000000000000000000000000000000
0000000000000000000000000000000000000000000000000000000000000000000000000000000000000000000000000000000000000000000000000000000000000000000000000000000000000000
0000000000000000000000000000000000000000000000000000000000000000000000000000000000000000000000000000000000000000000000000000000000000000000000000000000000000000
0000000000000000000000000000000000000000000000000000000000000000000000000000000000000000000000000000000000000000000000000000000000000000000000000000000000000000
0000000000000000000000000000000000000000000000000000000000000000000000000000000000000000000000000000000000000000000000000000000000000000000000000000000000000000
0000000000000000000000000000000000000000000000000000000000000000000000000000000000000000000000000000000000000000000000000000000000000000000000000000000000000000
0000000000000000000000000000000000000000000000000000000000000000000000000000000000000000000000000000000000000000000000000000000000000000000000000000000000000000
0000000000000000000000000000000000000000000000000000000000000000000000000000000000000000000000000000000000000000000000000000000000000000000000000000000000000000
0000000000000000000000000000000000000000000000000000000000000000000000000000000000000000000000000000000000000000000000000000000000000000000000000000000000000000
0000000000000000000000000000000000000000000000000000000000000000000000000000000000000000000000000000000000000000000000000000000000000000000000000000000000000000
0000000000000000000000000000000000000000000000000000000000000000000000000000000000000000000000000000000000000000000000000000000000000000000000000000000000000000
0000000000000000000000000000000000000000000000000000000000000000000000000000000000000000000000000000000000000000000000000000000000000000000000000000000000000000
0000000000000000000000000000000000000000000000000000000000000000000000000000000000000000000000000000000000000000000000000000000000000000000000000000000000000000
0000000000000000000000000000000000000000000000000000000000000000000000000000000000000000000000000000000000000000000000000000000000000000000000000000000000000000
0000000000000000000000000000000000000000000000000000000000000000000000000000000000000000000000000000000000000000000000000000000000000000000000000000000000000000
0000000000000000000000000000000000000000000000000000000000000000000000000000000000000000000000000000000000000000000000000000000000000000000000000000000000000000
0000000000000000000000000000000000000000000000000000000000000000000000000000000000000000000000000000000000000000000000000000000000000000000000000000000000000000
0000000000000000000000000000000000000000000000000000000000000000000000000000000000000000000000000000000000000000000000000000000000000000000000000000000000000000
0000000000000000000000000000000000000000000000000000000000000000000000000000000000000000000000000000000000000000000000000000000000000000000000000000000000000000
