0000000000000000000000000000000000000000000000000000000000000000000000000000000000000000000000000000000000000000000000000000000000000000000000000000000000000000
0000000000000000000000000000000000000000000000000000000000000000000000000000000000000000000000000000000000000000000000000000000000000000000000000000000000000000
0000000000000000000000000000000000000000000000000000000000000000000000000000000000000000000000000000000000000000000000000000000000000000000000000000000000000000
0000000000000000000000000000000000000000000000000000000000000000000000000000000000000000000000000000000000000000000000000000000000000000000000000000000000000000
0000000000000000000000000000000000000000000000000000000000000000000000000000000000000000000000000000000000000000000000000000000000000000000000000000000000000000
0000000000000000000000000000000000000000000000000000000000000000000000000000000000000000000000000000000000000000000000000000000000000000000000000000000000000000
0000000000000000000000000000000000000000000000000000000000000000000000000000000000000000000000000000000000000000000000000000000000000000000000000000000000000000
0000000000000000000000000000000000000000000000000000000000000000000000000000000000000000000000000000000000000000000000000000000000000000000000000000000000000000
0000000000000000000000000000000000000000000000000000000000000000000000000000000000000000000000000000000000000000000000000000000000000000000000000000000000000000
0000000000000000000000000000000000000000000000000000000000000000000000000000000000000000000000000000000000000000000000000000000000000000000000000000000000000000
0000000000000000000000000000000000000000000000000000000000000000000000000000000000000000000000000000000000000000000000000000000000000000000000000000000000000000
0000000000000000000000000000000000000000000000000000000000000000000000000000000000000000000000000000000000000000000000000000000000000000000000000000000000000000
0000000000000000000000000000000000000000000000000000000000000000000000000000000000000000000000000000000000000000000000000000000000000000000000000000000000000000
0000000000000000000000000000000000000000000000000000000000000000000000000000000000000000000000000000000000000000000000000000000000000000000000000000000000000000
0000000000000000000000000000000000000000000000000000000000000000000000000000000000000000000000000000000000000000000000000000000000000000000000000000000000000000
0000000000000000000000000000000000000000000000000000000000000000000000000000000000000000000000000000000000000000000000000000000000000000000000000000000000000000
0000000000000000000000000000000000000000000000000000000000000000000000000000000000000000000000000000000000000000000000000000000000000000000000000000000000000000
0000000000000000000000000000000000000000000000000000000000000000000000000000000000000000000000000000000000000000000000000000000000000000000000000000000000000000
0000000000000000000000000000000000000000000000000000000000000000000000000000000000000000000000000000000000000000000000000000000000000000000000000000000000000000
0000000000000000000000000000000000000000000000000000000000000000000000000000000000000000000000000000000000000000000000000000000000000000000000000000000000000000
0000000000000000000000000000000000000000000000000000000000000000000000000000000000000000000000000000000000000000000000000000000000000000000000000000000000000000
0000000000000000000000000000000000000000000000000000000000000000000000000000000000000000000000000000000000000000000000000000000000000000000000000000000000000000
0000000000000000000000000000000000000000000000000000000000000000000000000000000000000000000000000000000000000000000000000000000000000000000000000000000000000000
0000000000000000000000000000000000000000000000000000000000000000000000000000000000000000000000000000000000000000000000000000000000000000000000000000000000000000
0000000000000000000000000000000000000000000000000000000000000000000000000000000000000000000000000000000000000000000000000000000000000000000000000000000000000000
0000000000000000000000000000000000000000000000000000000000000000000000000000000000000000000000000000000000000000000000000000000000000000000000000000000000000000
0000000000000000000000000000000000000000000000000000000000000000000000000000000000000000000000000000000000000000000000000000000000000000000000000000000000000000
0000000000000000000000000000000000000000000000000000000000000000000000000000000000000000000000000000000000000000000000000000000000000000000000000000000000000000
0000000000000000000000000000000000000000000000000000000000000000000000000000000000000000000000000000000000000000000000000000000000000000000000000000000000000000
0000000000000000000000000000000000000000000000000000000000000000000000000000000000000000000000000000000000000000000000000000000000000000000000000000000000000000
0000000000000000000000000000000000000000000000000000000000000000000000000000000000000000000000000000000000000000000000000000000000000000000000000000000000000000
0000000000000000000000000000000000000000000000000000000000000000000000000000000000000000000000000000000000000000000000000000000000000000000000000000000000000000
0000000000000000000000000000000000000000000000000000000000000000000000000000000000000000000000000000000000000000000000000000000000000000000000000000000000000000
0000000000000000000000000000000000000000000000000000000000000000000000000000000000000000000000000000000000000000000000000000000000000000000000000000000000000000
0000000000000000000000000000000000000000000000000000000000000000000000000000000000000000000000000000000000000000000000000000000000000000000000000000000000000000
0000000000000000000000000000000000000000000000000000000000000000000000000000000000000000000000000000000000000000000000000000000000000000000000000000000000000000
0000000000000000000000000000000000000000000000000000000000000000000000000000000000000000000000000000000000000000000000000000000000000000000000000000000000000000
0000000000000000000000000000000000000000000000000000000000000000000000000000000000000000000000000000000000000000000000000000000000000000000000000000000000000000
0000000000000000000000000000000000000000000000000000000000000000000000000000000000000000000000000000000000000000000000000000000000000000000000000000000000000000
0000000000000000000000000000000000000000000000000000000000000000000000000000000000000000000000000000000000000000000000000000000000000000000000000000000000000000
0000000000000000000000000000000000000000000000000000000000000000000000000000000000000000000000000000000000000000000000000000000000000000000000000000000000000000
0000000000000000000000000000000000000000000000000000000000000000000000000000000000000000000000000000000000000000000000000000000000000000000000000000000000000000
0000000000000000000000000000000000000000000000000000000000000000000000000000000000000000000000000000000000000000000000000000000000000000000000000000000000000000
0000000000000000000000000000000000000000000000000000000000000000000000000000000000000000000000000000000000000000000000000000000000000000000000000000000000000000
0000000000000000000000000000000000000000000000000000000000000000000000000000000000000000000000000000000000000000000000000000000000000000000000000000000000000000
0000000000000000000000000000000000000000000000000000000000000000000000000000000000000000000000000000000000000000000000000000000000000000000000000000000000000000
0000000000000000000000000000000000000000000000000100000000000000000000000000000000000000000000000000000000000000000000000000000000000000000000000000000000000000
0000000000000000000000000000000000000000000000000022000000000000000000000000000000000000000000000000000000000000000000000000000000000000000000000000000000000000
0000000000000000000000000000000000000000000000000010100000000000000000000000000000000000000000000000000000000000000000000000000000000000000000000000000000000000
0000000000000000000000000000000000000000000000000002110000000000000000000000000000000000000000000000000000000000000000000000000000000000000000000000000000000000
0000000000000000000000000000000000000000000000000001120000000000000000000000000000000000000000000000000000000000000000000000000000000000000000000000000000000000
0000000000000000000000000000000000000000000000000001012000000000000000000000000000000000000000000000000000000000000000000000000000000000000000000000000000000000
0000000000000000000000000000000000000000000000000000102200000000000000000000000000000000000000000000000000000000000000000000000000000000000000000000000000000000
0000000000000000000000000000000000000000000000000000111221000000000000000000000000000000000000000000000000000000000000000000000000000000000000000000000000000000
0000000000000000000000000000000000000000000000000000101211000000000000000000000000000000000000000000000000000000000000000000000000000000000000000000000000000000
0000000000000000000000000000000000000000000000000000101021100000000000000000000000000000000000000000000000000000000000000000000000000000000000000000000000000000
0000000000000000000000000000000000000000000000000000010111110000000000000000000000000000000000000000000000000000000000000000000000000000000000000000000000000000
0000000000000000000000000000000000000000000000000000011112121000000000000000000000000000000000000000000000000000000000000000000000000000000000000000000000000000
0000000000000000000000000000000000000000000000000000011111111100000000000000000000000000000000000000000000000000000000000000000000000000000000000000000000000000
0000000000000000000000000000000000000000000000000000001010211100000000000000000000000000000000000000000000000000000000000000000000000000000000000000000000000000
0000000000000000000000000000000000000000000000000000001101111110000000000000000000000000000000000000000000000000000000000000000000000000000000000000000000000000
0000000000000000000000000000000000000000000000000000000110111112000000000000000000000000000000000000000000000000000000000000000000000000000000000000000000000000
0000000000000000000000000000000000000000000000000000001012111212100000000000000000000000000000000000000000000000000000000000000000000000000000000000000000000000
0000000000000000000000000000000000000000000000000000000101111111110000000000000000000000000010000000000000000000000000000000000000000000000000000000000000000000
0000000000000000000000000000000000000000000000000000000111011111210000000000000000000000001111110000000000000000000000000000000000000000000000000000000000000000
0000000000000000000000000000000000000000000000000000000101111211121000000000000000000000010000001100000000000000000000000000000000000000000000000000000000000000
0000000000000000000000000000000000000000000000000000000101111111112100000000000000000000020000000110000000000000000000000000000000000000000000000000000000000000
0000000000000000000000000000000000000000000000000000000010011121121110000000000000000000010000000011000000000000000000000000000000000000000000000000000000000000
0000000000000000000000000000000000000000000000000000000001100111112110000000000000000000010000000002000000000000000000000000000000000000000000000000000000000000
0000000000000000000000000000000000000000000000000000000011121012111211000000000000000000000000001212210000000000000000000000000000000000000000000000000000000000
0000000000000000000000000000000000000000000000000000000001011211111112000000000000000000000000011000010000000000000000000000000000000000000000000000000000000000
0000000000000000000000000000000000000000000000000000000011101011111111200000000000000000001000110101012000000000000000000000000000000000000000000000000000000000
0000000000000000000000000000000000000000000000000000000011111001211121120000000000000000001000101000001100000000000000000000000000000000000000000000000000000000
0000000000000000000000000000000000000000000000000000000001011210110111220000000000000000000100100010100200000000000000000000000000000000000000000000000000000000
0000000000000000000000000000000000000000000000000000000001101012121111121000000000000000000101101000001100000000000000000000000000000000000000000000000000000000
0000000000000000000000000000000000000000000000000000000001011010111011112100000000000000000012000100100100000000000000000000000000000000000000000000000000000000
0000000000000000000000000000000000000000000000000000000000101201001111111210000000000000000002100001000100000000000000000000000000000000000000000000000000000000
0000000000000000000000000011101100000000000000000000000000110111111111121110000000000000000000101010011200000000000000000000000000000000000000000000000000000000
0000000000000000000000000000000100000000000000000000000000110101112111112110000000000000000000110000001000000000000000000000000000000000000000000000000000000000
0000000000000000000000000100000010000000000000000000000000111110101110111212000000000000000000002101012000000000000000000000000000000000000000000000000000000000
0000000000000000000000001000000000000000000000000000000000111121100111111122000000000000000000000121220000000000000000000000000000000000000000000000000000000000
0000000000000000000000000000000010000000000000000000000000021101121111101112210000000000000000000000000000000000000000000000000000000000000000000000000000000000
0000000000000000000000000000000010000000000000000000000000010210011121111111120000000000000000000000000000000000000000000000000000000000000000000000000000000000
0000000000000000000000012121000010000000000000000000000000010012100111111122110000000000000000000000000000000000000000000000000000000000000000000000000000000000
0000000000000000000000010101200000000000000000000000000000001101121011110111211000000000000000000000000000000000000000000000000000000000000000000000000000000000
0000000000000000000000110010020100000000000000000000000000001011101122111111122200000000000000000000000000000000000000000000000000000000000000000000000000000000
0000000000000000000000100001002200000000000000000000000000001111111001211111112200000000000000000000000000000000000000000000000000000000000000000000000000000000
0000000000000000000000110100011100000000000000000000000000002110111210211011111110000000000000000000000000000000000000000000000000000000000000000000000000000000
0000000000000000000000100001002000000000000000000000000000000211010122111111111110000000000000000000000000000000000000000000000000000000000000000000000000000000
0000000000000000000000101000011000000000000000000000000000000011111010221111112110000000000000000000000000000000000000000000000000000000000000000000000000000000
0000000000000000000000100101020000000000000000000000000000000100111110011011111121100000000000000000000000000000000000000000000000000000000000000000000000000000
0000000000000000000000020001200000000000000000002121100000000010101121111110111112210000000000000000000000000000000000000000000000000000000000000000000000000000
0000000000000000000000011112000000000000000000020002100000000011101011211111110111110000000000000000000000000000000000000000000000000000000000000000000000000000
0000000000000000000000000000000000000000000000111111020000000010111101011110111111120000000000000000000000000000000000000000000000000000000000000000000000000000
0000000000000000000000000000000000000000000000100220010000000011011111011111111121110000000000000000000000000000000000000000000000000000000000000000000000000000
0000000000000000000000000000000000000000000000100120010000000012010112111111011111210000000000000000000000000000000021000000000000000000000000000000000000000000
0000000000000000000000000000000000000000000000100102010000000012101010122211110111122200000000000000000000000000001101110000000000000000000000000000000000000000
0000000000000000000000000000000000000000000000111000210000000011010101100111111110112100000000000000000000000000001000011000000000000000000000000000000000000000
0000000000000000000000000000000000000000000000012000200000000001010011111111011111112100000000000000000000000000000001102000000000000000000000000000000000000000
0000000000000000000000000000000000000000000000001121000000000001001100111121110111121110000000000000000000000000011221122200000000000000000000000000000000000000
0000000000000000000000000000000000000000000000000000000000000000110110101121111111112110000000000000000000000000012000000200000000000000000000000000000000000000
0000000000000000000000000000000000000000000000000000000000000000101011110112011110111111000000000000000000000000001112121100000000000000000000000000000000000000
0000000000000000000000000000000000000000000000000000000000000000110101011102110111111112000000000000000000000000002100011210000000000000000000000000000000000000
0000000000000000000000000000000000000000000000000000000000000000110111010112111111111112100000000000000000000000002100000010000000000000000000000000000000000000
0000000000000000000000000000000000000000000000000000000000000000210101110101111110111111100011222000000000000000000200000200000000000000000000000000000000000000
0000000000000000000000000000000000000000000000000000000000000000120101011111110111111112212221102200000000000000000022112100000000000000000000000000000000000000
0000000000000000000000000000000000000000000000000000000000000000101011101011111111111111121100000120000000000000000000110000000000000000000000000000000000000000
0000000000000000000000000000011000000000000000000210000000000000110101111011111111111211100010111022000000000000000000000000000000000000000000000000000000000000
0000000000000000000000000000001110000000000000000212210000000000120101011111111011011112210000011112100000000000000000000000000000000000000000000000000000000000
0000000000000000000000000000000111100000000000000021122221211222221011110101221111111111211101001101210000000000000000000000000000000000000000000000000000000000
0000000000000111200000000000000011221000000000000021011122211111011100102111021111111211122000101100120000000000000000000000000000000000000000000000000000000000
0000000000002100110000000000000011111100000000000012100001010000112011101122011011101112121101001200122000000000000000000000000000000000000000000000000000000000
0000000000000120120000000000000001111120000000000001210100001001011100121001111111111111122100010200002200000000000000000000000000000000000000000000000000000000
0000000000010012002000000000000001111111000000000000221001000100001110101211012101011111112101001200000220000000000000000000000000000000000000000000000000000000
0000000000000011212000000000000000011111100000000000022110100010101011111011212111111111221100100200000022100000000000000000000000000000000000000000000000000000
0000000000001010022000000000000000100111110000000000002211010000001000101111012111111111112200011100000001210000000000000000000000000000000000000000000000000000
0000000000001200020000000000000000111111112211000000000122210101011111011012211111011111111211002000000000220000000000000000000000000000000000000000000000000000
0000000000000011200000000000000000011021111112100000000002221100100101111101111211110111111211011000000000012000000000000000000000000000000000000000000000000000
0000000000000000000000000000000000111011111111110000000000022221001210101210101210111111111221011000000000002200000000000000000000000000000000000000000000000000
0000000000000000000000000000000000010111112111111000000000001222211111010112111211111111111112120000000000000210000000000000000000000000000000000000000000000000
0000000000000000000000000000000000011010122111111000000000000002222210111101112211011111122111200000000000000120000000000000000000000000000000000000000000000000
0000000000000000000000000000000000001011012111101200000000000000012220101211001111110111111222100000000000000020000000000000000000000000000000000000000000000000
0000000000000000000000000000000000001110112111111121000000000000000001010111211021011111121111000000000000000021000000000000000000000000001100000000000000000000
0000000000000000000000000000000000001101102111111121000000000000000010101001112221111011111110000000000000000012000000000000000000000002121000000000000000000000
0000000000000000000000000000000000000111101221111111200000000000000010101111100111101111112100000000000000000012000000000000000000001221200000000000000000000000
0000000000000000000000000000000000000111011111111111110000000000000011110011221012111111221000000000000000000011000000000000000001222222000000000000000000000000
0000000000000000000000000000000000000011010111111111111000000000000011011210011212011111100000000000000000000011000000000000000120121112000000000000000000000000
0000000000000000000000000000000000000011111011111111112100000000000010010112100111111121000000000000000000000020000000000000012211211120000000000000000000000000
0000000000000000000000000000000000000021110111211111112110000000000011110010121110111200000000000000000000000210000000000011211022211200000000000000000000000000
0000000000000000000000000000000000000001110101112111111110000000000021111111001220111000000000000000000000000200000000000111111121122100000000000000000000000000
0000000000000000000000000000000000000011111110121121110112000000000010101112211012200000000000000000000000002100000000002111112211122000000000000000000000000000
0000000000000011110000000000000000000001101101021111111111200000000010110010122112000000000000000000000000011000000000111111121111111000000000000000000000000000
0000000000000100010000000000000000000001111110112111111111110000000001011211101210000000000000000000000000120000000001111110211111210000000000000000000000000000
0000000000001000001000000000000000000000101110101111112111010000000001101011112000000000000000000000000000200000000011111021111111200000000000000000000000000000
0000000000010000001000000000000000000000111011011211211111111000000001011111210000000000000000000000000012000000000010102021111111100000000000000000000000000000
0000000000010000002000000000000000000000110111001111111111012200000000101122000000000000000000000000000120000000002210111211111121000000000000000000000000000000
0000000000100000001000000000000000000000120111100121121111111010000000101110000000000000000000000000001200000000001011011211111111000000000000000000000000000000
0000000000112222001000000000000000000000011121011012111111111110000000121000000000000000000000000000012100000000010101102111111120000000000000000000000000000000
0000000000110001211000000000000000000000001210110102111111111111000000200000000000000000000000000000120000000000110101111111112200000000000000000000000000000000
0000000000100100122000000000000000000000001111111010211211211112000011000000000000000000000000000001200000000001101010121111111210000000000000000000000000000000
0000000001000001011000000000000000000000002210110101211111111111201100000000000000000000000000000021000000000011101010211101211100000000000000000000000000000000
0000000001010100120000000000000000000000001210201101111111112111121000000000000000000000000000000210000000000101011011110111112100000000000000000111100000000000
0000000001000000110000000000000000000000001110102010121112121011110000000000000000000000000000012210000000001100101111111111121000000000000000010000010000000000
0000000001101010200000000000000000000000000201111010112112111111110000000000000000000000001121211120000000101101011021111112120000000000000000100000010000000000
0000000001100001000000000000000000000000000211110101012121121111020000000000000000000000001211112121000000121001101211101112120000000000000000000000000000000000
0000000000210112000000000000000000000000000011011011002111211111111000000000000000000000002111111220000001111110101111111111210000000000000002000000000000000000
0000000000011210000000000000000000000000000021110110111211112111112100000000000000000000021111121121000011010101112111111111200000000000000012111110000000000000
0000000000000000000000000000000000000000000011011111100121112121111110000000000000000000211111111121000011010110012101111122000000000000000021001011000000000000
0000000000000000000000000000000000000000000021110111011021111111111110000000000000000012111111112220000010101011111111111112000000000000000010100101100000000000
0000000000000000000000000000000000000000000001201101101022121111211111000000000000000221111211111120000111101110021111211112000000000000000020000010220000000000
0000000000000000000000000000000000000000000002111111110102111211111111000000000000012211111111211120001100111101111111122122000000000000000020101000120000000000
0000000000000000000000000000000000000000000122201111011001121212111111000000000000121211111111122122222211111121221212121221000000000000000021000010110000000000
0000000000000000000000000000000000000000001221221011110101211112011011100000000022122222112222212111110111112111122222222120000000000000000001010001100000000000
0000000000000000000000000000000000000000002100120110210110212121121111100001221100101000100001010100001000120000000101112322100000000000000002001011000000000000
0000000000000000000000000000000000000000222100021111101100121111211101222110000101001010001010000010100001001010100010010011112210000000000000210120000000000000
0000000000000000000000000000000000000012111100001201111011021211111221110001010010010001000000101000010100010000010100001000010112100000000000112100000000000000
0000000000000000000000000000000000000121000000001101011110112212221110000100002332000100101010000010000010100101000001010010000000122000000000000000000000000000
0000000000000000000000000000000000001220000000000211111101012112211001010001123332010000000001010001010000001000010100000001010101011100000000000000000000000000
0000000000000000000000000000000000002200000000000021111111122222100000001001332320000101010100001000001010100010100010101000000000100120000000000000000000000000
0000000000000000000000000000000000002100000000000011111112100121010101000112312300101000000010100101010000010000001000000101010101001021000000000000000000000000
0000000000000000000000000000000000012000000000000002112210010001000010010033023100000010101000000000000101000101000010100000000000000112000000000000000000000000
0000000000000000000000000000000000020010000000000000221000100100101000100231232010101000010010101010101000010000101000010101010101010011000000000000000000000000
0000000000000000000000000000000000020100000000000021100100010000000010002311320000000101000001000111123210001010000101000000100000001012000000000000000000000000
0000000000000000000000000000000000020200000000001110001001000101010100103303301010100001101223310333333300100001010000010101001010100012000000000000000000000000
0000000000122210000000000000000000021200000000110001000010010000000000012123100000121113302333312213202301001000000101000000000000010112000000000000000000000000
0000000001100122000000000000000000021020000011100100101000100101010101012123001010333233333233332023102300010010100000101010101010100022000000000000000000000000
0000000001000100100000000000000000012102121101001000000010000000000000012131103201333333322011011000010110000100010100000000000100001120000000000000110000000000
0000000020000100200000000000000000002110100010000010101000101010101010112333133211331232000000100010001001010001000010101010101001001200000000000022012000000000
0000000011102000100000000000000000002211001000101000000100000001000001013322331000000001010100010100100100110100010100000000000000102100000000000200000100000000
0000000100121000100000000000000000000121100010000101010010101010010100023300100001010100000010100010010001221001000001010101010100122000000000001000000100000000
0000000100012100000000000000000000000002211001010000001000000000000010133110000100000010110111112111110112212100101010001000000010120000000000001021112200000000
0000000000010110200000000000000000000000121100001010100010101010101000133000101001011121212222121112222221111211000000100010101001220000000000001200000110000000
0000000010010001200000000000000000000000002110100000010000000000010010010010000112221111112111111100110111121112221111001000000100210000000000001100000200000000
0000000012200000100000000000000000000000001200010101001010101010100100101001111221111111111121111110111111112211222111210101010001200000000000000200001100000000
0000000000210012000000000000000000000000000121000000100000000000001011100111210101121111111111210110211121211222112000002200001011200000000000000022122000000000
0000000000012210000000000000000000000000000021010100001010101010100121211211011101111101112111111010212111211121220000000011100002000000000000000000100000000000
0000000000000000000000000000000000000000000012000010100001000101011221121110110121121111111122111102111111212102210000000000110102000000000000000000000000000000
0000000000000000000000000000000000000000000001201000010101112222111111111111011101211011112112001112011121121212100000000000111012000000000000000000000000000000
0000000000000000000000000000000000000000000001110010100011212101012111111210111111211111111212110121112111111112000000000000221102210000000000000000000000000000
0000000000000000000000000000000000000000000000210000001122121111010211211111010112111111111111120021111212111220000011112211012211111122220000000000000000000000
0000000000000000000000000000000000000000000000211010112210011010110111211111110001211101111121011111111121111200000210101101100110111111012221000000000000000000
0000000000000000000000000000000000000000000000021011210000001120111122121210102101211111111121011110111112112100021010111011111111111111111110120000000000000000
0000000000000000000000000000000000000000000000012212100000000210111022121111010111210111111111102111111111211111201011101111111012112122211222122100000000000000
0000000000000000000000000000001111121100021100000000000000000111211112111110101011211111111211112111121111121121010101111101111222212112112111211122000000000000
0000000000000000000000001121121111111111221121000000000000000010201102211111110101111111111200121111112111221011101010110111222211112111112211222100120000000000
0000000000000000000000221111111111101111111111121111000000000011202110212121011111210111212111111112101222110100111011011112111111211121220111100000000000000000
0000000000000000001122211111111111111211111111121111100000000002111011212121001112111111112111211111111210010111011101012211111111121222100000000000000000000000
0000000000000001211111111111111211111111111211111111111000000012111111112121010011111121112011211111121001010011101102211111111121220000000000000000000000000000
0000000000000011111111111111111111111111111201211111111110000101111110211121111102111111211101111122111011010101101121111112111122210000000000000000000000000000
0000000000000021111211221212122121121111121111111111111111220221220111122121011122111111111111121122110101101010221111210111111220000000000000000000000000000000
0000000000011221222212111011101121212211111121121111111111112212211111121221100112111211111121112221101011101122111111121111121000000000000000000000000000000000
0000000001111110110111010110110101010101121121111121111111111221122211111221110011111112210111111111011101112111110112112112210000000000000000000000000000000000
0000000001121112111122121112120110101110101122111111111111112111112201112211111111121112111121121001001110121111111111111211000000000000000000000000000000000000
0000000000000000000000000022111011110110101001221121111111112111111212112221101121111121111211210101110112211111111111222100000000000000000000000000000000000000
0000000000000000000000000002211111111011110010111121121111211121111121112221010121111121012122011100011121111111111011220000000000000000000000000000000000000000
0000000000000000000000000000001111011020111101011122111111211112111112212211110121111122012221010111011111111111111112110000000000000000000000000000000000000000
0000000000000000000000000000000000111111110111101010211121111212111011211220111121112122121210101111211111111211212222000000000000000000000000000000000000000000
0000000000000000000000000000000000000122011010201101002211111211111111112221010111111121111110110112111111111121121000000000000000000000000000000000000000000000
0000000000000000000000000000000000000001121020121111101012121211111111121220100211111111210111011121111101111112200000000000000000000000000000000000000000000000
0000000000000000000000000000000000000000002111111111110101111111212111112121010211111212101011102111101111111212100000000000000122210000000000000000000000000000
0000000000000000000000000000000000000000000022011101111010012211211111111121121211112221111011121110111111122200000000000000001110112000000000000000000000000000
0000000000000000000000000000000000000000000000012111111011000102112121111221011210112110101101211112111111210000000000000000001000001200000000000000000000000000
0000000000000000000000000000000000000000000000001220111111011001221211121221012111122111101121111112112112100000000000000000002111100100000000000000000000000000
0000000000000000000000000000000000000000000000000011221112010101012212121121102111221101111211111111211221000000000000000000011111221120000000000000000000000000
0000000000000000000000000000000000000000000000000000211201111010101212121111011112220110122111111211121000000000000000000000002221101210000000000000000000000000
0000000000000000000000000000000000000000000000000000001211102011011122111121112222101011211111111122100000000000000000000000011011120110000000000000000000000000
0000000000000000000000000000000000000000000000000000000011202111110112111121102112111012111011111221000000000000000000000000002000012110000000000000000000000000
0000000000000000000000000000000000000000000000000000000000211111021011212121011211111111110110231000000000000000000000000000001200001200000000000000000000000000
0000000000000000000000000000000000000000000000000000000000002202011001111112010211101111111112100000000000000000000000000000000121112000000000000000000000000000
0000000000000000000000000000000000000000000000000000000000001211111100111111101110111101011011222221220000000000000000000000000001110000000000000000000000000000
0000000000000000000000000000000000000000000000000000000000000012112011010111221111111111122212111101021100000000000000000000000000000000000000000000000000000000
0000000000000000000000000000000000000000000000000000000000000000122221211112112110122121210111010110111111000000000000000000000000000000000000000000000000000000
0000000000000000000000000000000000000000000000000000000000000000011211121012212101101010111011101111110211210000000000000000000000000000000000000000000000000000
0000000000000000000000000000000000000000000000000000000000000001111122110120212111111111111111111011021011122100000000000000000000000000000000000000000000000000
0000000000000000000000000000000000000000000000000000000000000111211112101021111211112222222222222221111111011121000000000000000000000000000000000000000000000000
0000000000000000000000000000000000000000000000000000000000001111121210101220120221110111011111111012222222111101200000000000000000000000000000000000000000000000
0000000000000000000000000000000000000000000000000000000000011121112101010121020121111111111111111111011112211111210000000000000000000000000000000000000000000000
0000000000000000000000111100000000000000000000000000000000002112120101011012011112111111111111111111111111112211222000000000000000000000000000000000000000000000
0000000000000000000001010121000000000000000000000000000000122111210101011002011201222222221111112111121110111222211200000000000000000000000000000000000000000000
0000000000000000000011001011210000000000000000000000000002112112010100111100202100000000011121211112111121211111222121000000000000000000000000000000000000000000
0000000000000000000000100000110000000000000000000000000111111211010111011000111010000000002221212212112211121121122222100000000000000000000000000000000000000000
0000000000000000000100001001122000000000000000000000001111111110101010112000112010000000000000222022210122222122121222220000000000000000000000000000000000000000
0000000000000000000101000112001200000000000000000000011111121101011021010000111010000000000000001000000011000110122111222000000000000000000000000000000000000000
0000000000000000000110010110000010000000000000000000012111210101001102110000011110000000000000000000000000000000000000001000000000000000000000000000000000000000
0000000000000000000100101100000020000000000000000000121111101011111201100000021120000000000000000000000000000000000000000000000000000000000000000000000000000000
0000000000000000000011002000000010000000000000000001111121010110110111200000020210000000000000000000000000000000000000000000000000000000000000000000000000000000
0000000000000000000011010000000000000000000000000011111201010110120221100000020220000000000000000000000000000000000000000000000000000000000000000000000000000000
0000000000000000000001110000000010000000000000000111112101110111012001000000020120000000000000000000000000000000000000000000000000000000000000000000000000000000
0000000000000000000000120000000010000000000000000021121010011011110000000000011110000000000000000000000000000000000000000000000000000000000000000000000000000000
0000000000000000000000002000000000000000000000000111210111101101200000000000010120000000000000000000000000000000000000000000000000000000000000000000000000000000
0000000000000000000000000110000200000000000000001212101001011121000000000000011020000000000000000000000000000000000000000000000000000000000000000000000000000000
0000000000000000000000000000111000000000000000011121101111102000000000000000010110000000000000000000000000000000000100000000000000000000000000000000000000000000
0000000000000000000000000000000000000000000000021211010112210000000000000000011020000000000000000000000000000000121120000000000000000000000000000000000000000000
0000000000000000000000000000000000000000000000022110111100000000000000000000011020000000000000000000000000000002000001000000000000000000000000000000000000000000
0000000000000000000000000000000000000000000000121101121000000000000000000000001020000000000000000000000000000010000001000000000000000000000000000000000000000000
0000000000000000000000000000000000000000000000211111000000000000000000000000001010000000000000000000000000000100000001000000000000000000000000000000000000000000
0000000000000000000000000000000000000000000000211110000000000000000000000000001110000000000000000000000000000200000001000000000000000000000000000000000000000000
0000000000000000000000000000000000000000000001111000000000000000000000000000001012000000000000000000000000001111000001000000000000000000000000000000000000000000
0000000000000000000000000000000000000000000011210000000000000000000000000000001112000000000000000000000000002111210001000000000000000000000000000000000000000000
0000000000000000000000000000000000000000000011100000000000000000000000000000001011000000000000000000000000001010011001000000000000000000000000000000000000000000
0000000000000000000000000000000000000000000020000000000000100000000000000000001002000000000000000000000000010000102120000000000000000000000000000000000000000000
0000000000000000000000000000000000000000000110000000000021121000000000000000000110100000001000000000000000010100010210000000000000000000000000000000000000000000
0000000000000000000000000000000000000000000000000000001122011100000000000000000101100000001000000000000000010010001200000000000000000000000000000000000000000000
0000000000000000000000000000000000000000000000000000001210210200000000000000000020100000010000000000000000110100101200000000000000000000000000000000000000000000
0000000000000000000000000000000000000000000000000000000022120100000000000000000011110000020000000000000000110000012000000000000000000000000000000000000000000000
0000000000000000000000000000000000000000000000000000010001111100000000000000000001111000210000000000000000110010121000000000000000000000000000000000000000000000
0000000000000000000000000000000000000000000000000000010000211100000000000000000000211211000000000000000000011000210000000000000000000000000000000000000000000000
0000000000000000000000000000000000000000000000000000011000122200000000000000000000001000000000000000000000012122100000000000000000000000000000000000000000000000
0000000000000000000000000000000000000000000000000000001000022000000000000000000000000000000000000000000000000000000000000000000000000000000000000000000000000000
0000000000000000000000000000000000000000000000000000000211121000000000000000000000000000000000000000000000000000000000000000000000000000000000000000000000000000
0000000000000000000000000000000000000000000000000000000001200000000000000000000000000000000000000000000000000000000000000000000000000000000000000000000000000000
0000000000000000000000000000000000000000000000000000000000000000000000000000000000000000000000000000000000000000000000000000000000000000000000000000000000000000
0000000000000000000000000000000000000000000000000000000000000000000000000000000000000000000000000000000000000000000000000000000000000000000000000000000000000000
0000000000000000000000000000000000000000000000000000000000000000000000000000000000000000000000000000000000000000000000000000000000000000000000000000000000000000
0000000000000000000000000000000000000000000000000000000000000000000000000000000000000000000000000000000000000000000000000000000000000000000000000000000000000000
0000000000000000000000000000000000000000000000000000000000000000000000000000000000000000000000000000000000000000000000000000000000000000000000000000000000000000
0000000000000000000000000000000000000000000000000000000000000000000000000000000000000000000000000000000000000000000000000000000000000000000000000000000000000000
0000000000000000000000000000000000000000000000000000000000000000000000000000000000000000000000000000000000000000000000000000000000000000000000000000000000000000
0000000000000000000000000000000000000000000000000000000000000000000000000000000000000000000000000000000000000000000000000000000000000000000000000000000000000000
0000000000000000000000000000000000000000000000000000000000000000000000000000000000000000000000000000000000000000000000000000000000000000000000000000000000000000
0000000000000000000000000000000000000000000000000000000000000000000000000000000000000000000000000000000000000000000000000000000000000000000000000000000000000000
0000000000000000000000000000000000000000000000000000000000000000000000000000000000000000000000000000000000000000000000000000000000000000000000000000000000000000
0000000000000000000000000000000000000000000000000000000000000000000000000000000000000000000000000000000000000000000000000000000000000000000000000000000000000000
0000000000000000000000000000000000000000000000000000000000000000000000000000000000000000000000000000000000000000000000000000000000000000000000000000000000000000
0000000000000000000000000000000000000000000000000000000000000000000000000000000000000000000000000000000000000000000000000000000000000000000000000000000000000000
0000000000000000000000000000000000000000000000000000000000000000000000000000000000000000000000000000000000000000000000000000000000000000000000000000000000000000
0000000000000000000000000000000000000000000000000000000000000000000000000000000000000000000000000000000000000000000000000000000000000000000000000000000000000000
0000000000000000000000000000000000000000000000000000000000000000000000000000000000000000000000000000000000000000000000000000000000000000000000000000000000000000
0000000000000000000000000000000000000000000000000000000000000000000000000000000000000000000000000000000000000000000000000000000000000000000000000000000000000000
0000000000000000000000000000000000000000000000000000000000000000000000000000000000000000000000000000000000000000000000000000000000000000000000000000000000000000
0000000000000000000000000000000000000000000000000000000000000000000000000000000000000000000000000000000000000000000000000000000000000000000000000000000000000000
0000000000000000000000000000000000000000000000000000000000000000000000000000000000000000000000000000000000000000000000000000000000000000000000000000000000000000
0000000000000000000000000000000000000000000000000000000000000000000000000000000000000000000000000000000000000000000000000000000000000000000000000000000000000000
0000000000000000000000000000000000000000000000000000000000000000000000000000000000000000000000000000000000000000000000000000000000000000000000000000000000000000
0000000000000000000000000000000000000000000000000000000000000000000000000000000000000000000000000000000000000000000000000000000000000000000000000000000000000000
0000000000000000000000000000000000000000000000000000000000000000000000000000000000000000000000000000000000000000000000000000000000000000000000000000000000000000
0000000000000000000000000000000000000000000000000000000000000000000000000000000000000000000000000000000000000000000000000000000000000000000000000000000000000000
0000000000000000000000000000000000000000000000000000000000000000000000000000000000000000000000000000000000000000000000000000000000000000000000000000000000000000
0000000000000000000000000000000000000000000000000000000000000000000000000000000000000000000000000000000000000000000000000000000000000000000000000000000000000000
0000000000000000000000000000000000000000000000000000000000000000000000000000000000000000000000000000000000000000000000000000000000000000000000000000000000000000
0000000000000000000000000000000000000000000000000000000000000000000000000000000000000000000000000000000000000000000000000000000000000000000000000000000000000000
0000000000000000000000000000000000000000000000000000000000000000000000000000000000000000000000000000000000000000000000000000000000000000000000000000000000000000
0000000000000000000000000000000000000000000000000000000000000000000000000000000000000000000000000000000000000000000000000000000000000000000000000000000000000000
0000000000000000000000000000000000000000000000000000000000000000000000000000000000000000000000000000000000000000000000000000000000000000000000000000000000000000
