0000000000000000000000000000000000000000000000000000000000000000000000000000000000000000000000000000000000000000000000000000000000000000000000000000000000000000
0000000000000000000000000000000000000000000000000000000000000000000000000000000000000000000000000000000000000000000000000000000000000000000000000000000000000000
0000000000000000000000000000000000000000000000000000000000000000000000000000000000000000000000000000000000000000000000000000000000000000000000000000000000000000
0000000000000000000000000000000000111111111111111111111111111111211111111111110000101010101010101101101110111011111011111111111111111111111111111111111111111000
0000000000000000000000000000000000112212121111112121111111111121212111112111110001110111111111111110111101111111111111111111111111111111111111111111111111112000
0000000000000000000000000000000000211212111111211111121111111121121212121221120000101101010101101011111111111111111111111111111111111111111111211121121121121000
0000000000000000000000000000000001121121212112121212121212121221111211211112120001010110111011011111010111010110101111111111111111111111111211111111112111211000
0000000000000000000000000000000001212212111111211111211212112121121121111211110000110101010110110101111101111111111011110111111111111111111111112111211111111000
0000000000000000000000000000000001221212212112112121121111121211111122222111120001011101101101101110101110110101111111011111011111111111111111211111111112112000
0000000000000000000000000000000001212121111211212111111121212121211111111112110000100101010111011011011011111111011101111101111111111111111111111111111211111000
0000000000000000000000000000000002121212121212121121211121211111112111111211110000110101101010101101110110101011110111110111111111011111111111111111111111211000
0000000000000000000000000000000001221212211211112121212112112121211111121111110000101010110101110110101101111101111011011111011011111111111111111111121111111000
0000000000000000000000000000000011212121212121211211111111211121111111111211210000101010010110101010110110101011011111110101111111110111111111111111111111111000
0000000000000000000000000000000002212212121111121112121211121112111111111111110000101011010101010101010101011101101010111111110110111111011111111111111111111000
0000000000000000000000000000000001221212212112111211111112111211112111211111110000101001010101010101101011101010111011010110111111101101111111111111111111111000
0000000000000000000000000000000001212221211111121112121211121111221112111112110000101010101010101010110101010110101101111011010101110111111111111111111111111000
0000000000000000000000000000000002212122112121111111111111111212121112111111110000101010101010101010011010101010111011010111111110111111011011111111111111111000
0000000000000000000000000000000001221212211112112121111111112111121111121111110000010010010101010101010101011011010101101101001011010101111110110111111111111000
0000000000000000000000000000000002212221212111111111111111211121111111111111110000101001010010010010101010101010101101010101111011111111010111111110111111111000
0000000000000000000000000000000001221212121121211111111111111111211111111111110000000101001001010101010101010101010101101101010110101010111011011011110111111000
0000000000000000000000000000000002222122112111112121111211111211111111111111110000101001010101001010010101010101010101010110101010110111011101111111011111011000
0000000000000000000000000000000001121212212112111111111111111111111111112111110000010100010010010001010010101010101010110101101101011010101111010101111101111000
0000000000000000000000000000000001222121211211121111121111121112111111111111110000000010100100101010101001010010101010101010101011010111011010111111010111101000
0000000000000000000000000000000001122121221121111211111111111121111111111111110000101001001001000100010100101010101010101010101101101010101101101010111101111000
0000000000000000000000000000000000212212121111211111111111211111111111111121110000000100010010010010100010010010010101010101010010101101010110101101101011010000
0000000000000000000000000000000000122121212121111111111111111111112121222111110000010001000100101000010101001001001001001010101101010101110101110110110110111000
0000000000000000000000000000000000022212122111121121111112111212211111111111110000000100010000000101001000101010100100101001010010101010010110010101011011010000
0000000000000000000000000000000000001221112121211111111111121121111111111111110000010001000101010010010010010000101010100101001010100101010101101110101101011000
0000000000000000000000000000000000000221212121111111111111112111111111111111110000000000010000000100001001001010010010010100101010101010101010101010110101101000
0000000000000000000000000000000000000122112112112111111111111111211212111111110000001001000010100001000100100010101001010010101001010101010101010101010101010000
0000000000000000000000000000000000000012121211111111211111111111111111111110110000000000001000001000100010001000000100101010100100100101010101010101010101011000
0000000000000000000000000000000000000001221221121121111111111111111111111111010000001001000000100010010000100101010010000010010101010100100101010010101010101000
0000000000000000000000000000000000000000121122111111111111111211111111111111100000000000000100000000000100000000100100101001000010001010010101001010010101010000
0000000000000000000000000000000000000000121121211111111111121111111111111111110000000001000000001000100001010101000001000100101001010001010010101001010101010000
0000000000000000000000000000000000000000011122121111111111111111111111111110110000000100000010000000000100000000010100010001000100100101001000100101000100101000
0001000000000000000000000000000000000000001211212121111111111111111111111111110000000000000000001000010000000010000010000100010010001000100101010010010010100000
0000000000000000000000000000000000000000001112121111111111111111111111111111110000000000010000100001000000101000010000100001000000100010010010001001010101001000
0000000000000000000000000000000000000000001111221211111111111111111111112111110000000000000000000000000000000000000100001000010101001001001001010100010000100000
0001100000000000000000000000000000000000021121121112111111211111111111111111110000000000000010000000000100000001010001000010000000100000100100000010100101010000
0001000000000000000000000000000000000000121111122211111111121111111111121111110000000000000000000000000000100100000000010000101010001010000010101000010010001000
0001000000000000000000000000000000000001221112112121121121211111111112111111210000000000000000000000100000000000000010000100000000100000101000000101001000100000
0001100000000000000000000000000000010012221211112121211112121211212111121211110000000000000000000000000000000000010000010000100100000100000010100000000010010000
0001110000000000000000000000000010110012222111111212111221212121111121111112110000000000000000000000000001000000000000000000000000100001001000001010101001000000
0001200000000000000000001000111111111122222112111121212112112121212111212111110000000000000000000000000000000000000001000010001000000100000010010000000000010000
0002110000000000000000111111111111111122222111111112121121212121211121121111120000000000000000000000000000000000100000000000000000100000010000000010010101000000
0001110000000000000012121111111111121122222111111111112112121212112111211111120000000000000000000000000000000000000000001000100010000001000100100000000000001000
0002211000000000001212121111111122122122222211211121121121112111211111101121120000000000000000000000000000000000000000000000000000000100000000001001001010100000
0001211000000001111212121121122121222222222211111111111111211121111111011121210000000000000000000000000000000000000001000000000000010000010010000000000020000000
0001122100000111212121221212212222222222222221111111111111111111111111102212220000000000000000000000000000000000000000000001001001000000000001101001010000010000
0001021200111121212122122221222222222222221222111111111111111110111010111222120000000000000000000000000000000000000000000000000000000001000021111110000101101000
0001122101121212122212221222222222222222222222111111111111101011101101111222220000000000000000000000000000000000000000000000000000000000000111101100101000000000
0001112111212212222221222222222222221222222212211111110110111101010111122122120000000000000000000000000000000000000000000000000000000100000010201110001010010000
0001121121122122212222222222222222212222221222221111111111101111111010222122220000000000000000000000000000000000000000000000000000000000010100101211111111101000
0001212212212222221222222221221122222222222222122111111101110101010111212222120000100000000000000000000000000000000000000000001000100000000112211112111212111000
0002212222122222222222222222222222222222222222221211011110110110111021222212220001110000000000001111011110000000000000000000000000000000001112210112212122211000
0001221222222222222222222222222222222222222222222221111011011101101121122122220002111100000110111111111111100000000000000000000000000000011212112122121221121000
0001222222212222222222222222222222222222222221222122211111101011122121212222220002211000011111111122222121100000000000000000000000000001011112112222222122112000
0001222122222222222222222222222222222222222222222222222211111112122112212221220001112110011121212122212121110000000000000000000000000011212221222222221222212000
0002122222223222222222222222222222222222222222212221222122222222212212122122220001221112111112112222221122100000000000000000000000000111121212212222222222212000
0002222222322222222222222222222222222222222221222222222221212122212121212222220002212112222211121112112122110000000000000000000000000221212122222222222122222000
0001222222222222222232222222222222222222222222222221222122222221222121221222120001111212222212211121122221210000000000000000000000010112221222222222122222122000
0002222222322222222222222222222222222222222222222122222221221222212212122212220001211111121221222112222221122100000000000000000000111211212221121222222222222000
0001222232223222322222222222222222222222222222222222212212221221221212221222220002121211222222221221222222221111111112101001110000121222111222222222222222212000
0002222222322222222232222222222222222222222222212222222222122212222221222222210001112121111121212221121111122121221222122111220021111121121222222221122222211000
0002223222222232222222222222222222222222222222222221222122222122212122212222220001221111212111221311111212121221212222212222221111121211222212222122222222222000
0002222232232222232232222222222222222222222222222122222222122221222212222122120002212122122212132121121212121122122221222212111221212212212111222221122222222000
0002223222222222322222222222222222222222222222122222212212221222221221222222220001121212112121212121212212121212222222212222122122222121212222222112111221222000
0002322223222322222232222222222222222222222222222221222222222212222122212212210001212222211121121212121211212221112222222212222121121221221222212212222111222000
0002223222223223222322222222222222222222222222221222222222121222212221222222220001122121112212211121221221222211111222233222221222211212212222122121211221212000
0002222323222222232222222222222222222222222222222222221222222222222222122122120001221122222221211211222222122122212121111111212221221212122212221212212222211000
0002323222232322222232232222222222222222222222222221222222222122212212222222220002212221111122212121121212222122122111212121121101111111111121112122221221222000
0002222223222223223222222223222222322223222222212222122222122212222122121221210001322212122221122222212121211211212111111110101011011111111222222222222212222000
0002223222232322222232322222222232222322222222222222222222221222122212222222220002222222221212221121211111111111111211111111111111111121121213222122211221211000
0002232232222223232222222223222222222222222222222222222212222212222222212212120002222222122222111111111111111110000000010111111111121111111222121222222212222000
0002222223232322222322322322222222232222222222222221222222222222212212212222210002111211111111111111111111111000000000011110111121111111121222212222212222112000
0002232322222223222222222222222232222222222222222222212222212212222221221212210001111111111111111111211112100000000000001011111111211111211212112222222222211000
0002222223232322232322322222322222222222222222222222222212222222121222122221220001111111111111111111112210000000000000001111111111111111112212222222222122221000
0002232322222232222222222322223222323223222222222222222222222222222212221222120000111111111111111111111100000000000000000011111111111111121221222222222222122000
0000000000000000000000000000000000000000000000000000000000000000000000000000000001101111111111111111110000000000000000001111111111111112121121212221223222222000
0000000000000000000000000000000000000000000000000000000000000000000000000000000000111110111111111121100000000000000000000011011111111111212111222222222222122000
0000000000000000000000000000000000000000000000000000000000000000000000000000000001111111111111111100000000000000000000000101111111111111112122122222222211222000
0000110010000000000000000000000000000000000000000000000000000000101101111111110000111111111111121000000000000000000000000010111111112121121112121211222122212000
0001101100001000000000000000000000000000000000000000000000000001001011011101110001111111111111100000000000000000000000000020101111111111112111121222112212212000
0000100010100000000000000000000000000000000000000000000000000000010110111011110001111110110110000000000000000000000000000000111111111112111121212111211211121000
0000010100000010000000000000000000000000000000000000000000000000010101001111110001111111110100000000000000000000000000000000101111121211111212111212121212121000
0000101001001000000000000000000000000000000000000000000000000000010010110111110001111110101000000000000000000000000000000000111112111121112111212211212121221000
0000010100000000000100000000000000000000000000000000000000000000001001111111110001111011100000000000000000000000000000000000010111111111121121111212112212111000
0000101000010001000000000000000000000000000000000000000000000000000001011010110001111100000000000000000000000000000000000000011111111111211111212111122111221000
0000100001000000010000100000000000000000000000000000000000000000000111101111110001111101000000000000000000000000000000000000001011111111112121111212111122111000
0000010000001001000000000000000000000000000000000000000000000000000100101011110001210000000000000000000000000000000000000000000111111112111111212111211211221000
0000100100100000000001000010000000000000000000000000000000000000000001111101110000100000000000000000000000000000000000000000001010111121212211112121111212121000
0000001000001010001000000000000000000000000000000000000000000000000011011010110000000000000000000000000000000000000000000000000101111111121122111111211222221000
0000100010010000100000000000000000000000000000000000000000000000000001111101110000000000000000000000000000000000000000000000001011111111112222211221122112112000
0000001000000100000010000100000000000000000000000000000000000000000000010111110000000000000000000000000000000000000000000000000111011122211222211112112212221000
0000100001010000100000000000000000000000000000000000000000000000000000001011010000000000000000000000000000000000000000000000010101111111111222112121222212121000
0000000100000100001000000000000000000000000000000000000000000000000000010101110000000000000000000000000000000000000000000000000101111111221211222121221222211000
0000010001010001000000010000000000000000000000000000000000000000000000000010110000000000000000000000000000000000000000000000000010111121111111212112112211122000
0000010010000000000010000100000000000000000000000000000000000000000000000111010000000100000000000000000000000000000000000000000100012121122112111112221211211000
0000000100010100100000000000000000000000000000000000000000000000000000000000100000000000000000000000000000000000000000000000000110010112211111121211121221211000
0000010001000000000100100000000000000000000000000000000000000000000000000011010000100000000000000000000000000000000000000000000001011211111112111121221221112000
0000001010010101000000001000010000000000000000000000000000000000000000000001000000000000000000000000000000000000000000000000000010011101111211112112121212211000
0000100001000000010010010000000000000000000000000000000000000000000000000111110000000000000000000000000000000000000000000000000001000111111111212111211212212000
0000010100010101000000000000000000000000000000000000000000000000000000000001010000000000000000000000000000000000000000000000000001110101111121121221222112122000
0000100101000010001001000001000100000000000000000000000000000000000000000010100000000000000000000000000000000000000000000000000000000000011111221121212121212000
0000010000010100000000010000000000000000000000000000000000000000000000000000100000000000000000000000000000000000000000000000000000101001111111212111221111212000
0000100101000010010100000000100000000000000000000000000000000000000000000000010000000000000000000000000000000000000000000000000000010100101111222122112222122000
0000010010101000000001000100000000000000000000000000000000000000000000010010000000000000000000000000000000000000000000000000000000000011011111111212211111112000
0000100100001001010100010000000000000000000000000000000000000000000000000000000000000000000000000000000000000000000000000000000000001000110121221222221122211000
0000010010100100001000000010010000000000000000000000000000000000000000000000100000000000000000000000000000000000000000000000000000010011011112212122112121122000
0000101010010010010010100100000010000000000000000000000000000000000000001000000000000000000000000000000000000000000000000000000000001001111111222212221212212000
0000000100101000100000000000000000000000000000000020000000000000000000001000000000000000000000000000000000000000000000000000000000000100011211111222121221222000
0000101001010010001001010000100000000000000000022210000000000000000000000123330000000000000000000000000000000000000000000000000000000000101111212112211121121000
0000100100100100100000000100000100100000011011222100000002221000002232332332320000000000000000000000000000000000000000000000000000010100001111111211122213222000
0000010101001001010100100001000000000001000011222200000232232222233232232323320000000000000000000000000000000000000000000000000000000100010111222132122221221000
0000100100100100100010001010000000000012000001211200000323232223323233323232320000000000000000000000000000000000000000000000000000000010001012121212212222112000
0000010010010010101000101000101001000002101101202100222323232232323323233322320000000000000000000000000000000000000000000000000000000101001102121112112212222000
0000101010101001000101000100000000000002200012220132223232323232323232323232230000000000000000000000000000000000000000000000000000000011001011221212222221222000
0000101010100101010000101001000001001001202213233222222223323223233232323322330000000000000000000000000000000000000000000000000000000001110111211221212212222000
0000010100100010101010001000001000000000222322311221010223232233323233232333230000000000000000000000000000000000000000000000000000000110111111223212122222222000
0000101010101001000010100100100000100001022222000011112232333223233232333232320000000000000000000000000000000000000000000000000000000011111111221122222222222000
0000101010000100101010010010012100132321121110000122232323232323323323232320200000000000000000000000000000000000000000000000000000000000111022122221122222121000
0000010101101010101001000233323232100001100012222232323232332232323233210000010000000000000000000000000000000000000000000000000000000001011111221211232121221000
0002221010010010000100101132322300000021000222312232323233233230000000000001000000000000000000000000000000000000000000000000000000000010101111112112221122222000
0003323201001010110101000232323210012100012223210023210123322200000000000000000000000000000000000000000000000000000000000000000000000001010101121232222222222000
0002232320110101000010010233232300112000122122000000000122323200000000000010000000000000000000000000000000000000000000000000000000000010111111111121121222212000
0002332122110111112201000323233222211012221000000000001332300000000000000000010000000000000000000000000000000000000000000000000000000000101111112122122221221000
0002322122222222222222222323323221112232110000000022221233000000000000000000000000000000000000000000000000000000000000000000000000000001011011111122212221222000
0002332322222221221222222232323322233221000000003112223210000000000000000001000000000000000000000000000000000000000000000000000000000000101111011111112221222000
0002323211101010001221222323323223222110001133323321120000000000000000000000100000000000000000000000000000000000000000000000000000000000101011101222222122222000
0002322223232222332323223232332322220013331000000000000000000000000000000000000000000000000000000000000000000000000000000000000000000000011110010112121221122000
0002222232221212223232322333233221033300000000000000000000000000000000000000100000000000000000000000000000000000000000000000000000000000001011000112221222212000
0002222223221122223222232232323323100000000100001000000000000000000000000000000000000000000000000000000000000000000000000000000000000001010011100011121121222000
0002222222322122232323211033332320000010010000100000000000000000000000000010000000000000000000000000000000000000000000000000000000000000000101101011111212211000
0000122112221122232101321122323201010100000100000010100000000000011000000000100000000000000000000000000000000000000000000000000000000000101010100000111211222000
0001012231322122231010032223321001000001010001000100000000000001222221000000000000000000000000000000000000000000000000000000000000000000001001010001111122211000
0001111012222122321101032322320100101000001000000000000000000022212222100010100000000000000000000000000000000000000000000000000000000000010110110100101111212000
0001010322322122321110332322230010100010100010101001001000000222222122210000000000000000000000000000000000000000000000000000000000000000000010111001011211121000
0000111111232322321010323232230100010122220100000010000000012222222222220010010000000000000000000000000000000000000000000000000000000000100011010100010011112000
0001101012222222321001232332321010100222222010100000010010022222222222221000000000000000000000000000000000000000000000000000000000000000011001011000011101122000
0000111102321222331101323323230101012221322100001010000000022222222222221001000000000000000000000000000000000000000000000000000000000000100010101101011111112000
0001010112232222322100332323230101022320132101000001001000022222222222222000010000000000000000000000000000000000000000000000000000000000000101010101001102111000
0001111012221322322101323332321000232222022300101010100122222222222222222001000000000000000000000000000000000000000000000000000000000001000100101100100111121000
0000111012322222320112232322332012222222222221000100000022222222222222222000000000000000000000000000000000000000000000000000000000000000010010011010001111021000
0001101112231323221002333232223122232322322221022222322222223222222222222100100000000000000000000000000000000000000000000000000000000000000000100111100011111000
0001011103222222320113232332323023222232232322232222222222102223222222221001000000000000000000000000000000000000000000000000000000000000001010010101101011112000
0001111112231223221113323232232112323223222232222323222322222222232232210100000000000000010010000000000000000000000000000000000000000001000001001010101211011000
0001110112222232321232332322222112212222232322322222322223223222222222200001010000000001000000010000000000000000000000000000000000000000010100101101110001121000
0001111013232223221332323331233032301323223222232322232322222232322322101010000000000100000100100010010000000000000000000000000000000001000010010111110101100000
0000111112222223230323332322223122210223222232223223222223232222222222221000100000000000000000000000000100101000000100000000000000000000001001001010110100100000
0001110123232232331232323332222223111211232322322322232322222322322322222220010000000101010010000000010000000000010000000000000000000000000000100011111001110000
0000111132223223221333232322223322211111012232232232322232322223222223222223200000010000000000010001000001000000000000010000000000000000100100010100111010110000
0001111113232232331323332322222322211111112223223222232222232322232222232322220000000010010000000000001000000010000001000010000000000000000001001011011110001000
0001111113233232232123232322321231111121223232322323223232322223222323222222220000101000000010100100000100010000010000000000000010001001001001010101011110101000
0001011123223232323323323332232321122100322322232232322322232322232222223223220000000000101000010000100001000000000100000000100000000000000010001010111111110000
0001111213132232232122332322232230112111232232323222232232322232322322322222320000101010000010100100000100000001000001000000000000000000010001010101011111000000
0001111123232333332223233232232321121112323232232323223223223222222232223232220000000000001001000010010000010000010000001000001001000000001000100101111110101000
0001112222323223232232323321332321012212232232322322323232232232323223232223220000010001000010101000000100000100100101000001000000000100100010010101111111010000
0000000000000000000000000000000000000000000000000000000000000000000000000000000000000000000000000000000000000000000000000000000000000000000000000000000000000000
0000000000000000000000000000000000000000000000000000000000000000000000000000000000000000000000000000000000000000000000000000000000000000000000000000000000000000
0000000000000000000000000000000000000000000000000000000000000000000000000000000000000000000000000000000000000000000000000000000000000000000000000000000000000000
