2222222222222222222222222222222222222222222222222232222232232232232232232232322323232322222223223232323232323232323232323223223223223223232232322323232323232323
2222222122221222122122122212212122122222222222222212222212222212222222222222222222222222222222222222222222222222222222222222222222222222222222222222222222222222
2111111211112111211211211121121211211111121112121212121221212122121212121212122121212121212121222122212221222212212122121221221222122212212212122122121221221222
2122221212212122121212121212112121212222121221212122122122212221222222222222222222222222222212212222222222221222222222222222222212221222222222222222222222222212
2121121212121212121212121212121212121112122121221212212212122122212122122122121222122121211222222221222122122221221212122122121222222221212212212212212212121222
2121212121212121212121212121212112121221212122122121221222212221222222222222222212222222122121221222222222222122222222222221222221212122222222222222222222222222
2121212121212121212121212121211212121212121212121222122121222122212121212121221222212212212222122222212212212222121221212122222122222222122122121221221212212212
2121212121212121212121212112121212121212121212121212121221212212122222222222222212222122122121222212222222222212222212222222122222122122222222222222222222222222
2121212121212121212121211212121212121212121212122121222122212221221212121212121222122221221212221222212212212222212222212212221212222221212121221212121221212122
2121212121212121211212121212112121121212121221212122121212121212222222222222222222221222122122122221222222222122122212222222122222212122222222122222222222222222
2121212121212121121211212121212112121212121212121212212221222122121212121212212212122121212212212222221212122222222221212122222122122222122122221221221212122122
2121212121212112121212121211211212121121212121221221212122121221221221222221222122222222221221222122122222221212121222222221212222222122212221222222222222222212
2121212112121212121212121121212121212121212122121212122121212212212212212122212222121212121212122222221221222222222212122122222121212212222122121212121212121222
2121212121212121212121212121212121121212121212121212212122121221221222122221222122222212121221221212122222212212122122222221212222221221212222222222222222222212
2121212121121212121211212121121212121212121212122121212212212122122121221212212221212122212122122222221212221222221222121222221212122122222121212121212122121222
2121212121212112121121211212121121211211212121212122121212122212212222122222221222221221212121221222122222122212122212222121222122212221212222222222222221222212
2121211212121212112121212121212121121212121221212121221212212121221212212121212212122121221212212212221212221222221222122222121221221212221212121212121222212222
2121212121212121212121212112112112121121212121221212121221212212122121222212222212212122121212122222222222122212122212212121222122122222122222222222222121222122
2121212121121212121212112121211212121212121212121212122121221222121222121221221221212121212122212212121212221222212122122222212212212121221212121212122222122212
2121212112121121212112121211212121121212121212121221212122121212212112212212222121212121212121221222212221212212122212221212122221222222122221222122212121221222
2121212121212121121212112121121212121121212121222222212121212221222221222122122122121212121212122121222122221222212221212222212122121212212122212221221222122122
2121212121212121212121211212121121112121121212122222222212121212212122122222222212222121212121212222212212122121221212222121222122212221222212121212122122212212
2121121212121212121121121211212112121212121212122222222122212221222222222222222222122122122121211212121221212212122221212212121221221212212122222122212212122122
2121212121212121212112121121211212121121212121222222221221222122121222222222222222222212212121121212222122221212212122221222212212122221221221212212221221221222
2121212112121121121212121212121211212121121211212222212222121222222122222222222222222222121212121221212222222121212212122121221222212122122122121221212212212212
2121211212112121212121212112112121112112121121222222221212212222212221222222222232322222222121221212222222322221212122212212122121221212212212222122122122122222
2121121212121212112112111211211212121212112212222221212221222222222222222222222222222222122212212221222222322221212212121222212212122221221221212212212212221212
2121212121212121211211212121212111211212121222122122222122212222222222222222222232322222222222222122122223232222212221222121221222212122122122121221221221212122
2121212121212112121212121212121212121121212122222212122222222223222222222222223222223232222222222212222232232222221212212212122121212212212212212122122122122212
2121212121211212112121121121112112112121122212222222222222222232232222222223232322232222222222122212122223223222221221221222212212221212121212122212212212212122
2121212112121212121112112112211211211212121222222212122222323222222232232322222232223222222222222222222322322322222122122121221221212221222122212121212121221221
2112112121212121212121212121121121121212122222222222222222222222222222222222223223323222222222222222222323232232221212212212122121221212121212122122122212122122
2121212121121121121211211212121212112121222222222222222222222223232232322222323232323222222222222222222323223222221221221222212122121222122212212212212122212212
2121212112121212112121121211212121221222222322232222222232222232223223222232232323232222223222222322222323232222221212122121212212122121212121221221212212121221
2121121212121211211212121121121212212222232222222222222222222223232322223223232332323322232222223222222232323232222212212122121221212122122122121212212121221212
2112121212112121212112112112121222221222232222222222222222322322322323323232323232323233222323222222222222222222322221212112122122122212212212212212122122122122
2121212112121121121211212121212221212222232223222222222232223223223232232323232323232322323222222222222222222223232322121211212121212121212121221221212212212212
2121211212112121211121211211222212222223222322222232223222322232232323232323223232322323222323222222222222222222323221212121112122121221221221212122121221212122
2121121211212112121212121121212122222232322222232222322223232223232232323232332323232222332222322222232222222222222222221212211212121212122122121212212121221212
2112121212121211121121112122222212222323222222223232222232222323232323232323232323232322232323222222222223222222222221222222221212121221212121221221221221212212
2121211211211121212112121222212222222322322232323222323223222223232323232323232323232232222323323222223222322322222121222222222222212122121212122121212121221212
2121121212121212111211212222222222232232323222232323223232322232323232323232323232323232232232232322222323223222221212122232222222222121212221212121221221212122
2112121121112111212121222121222232323232232223223232232232222223232323232323232323232323222323232222222222322322222222222222222212222212121212121212122121212212
2121212112121212121121122212222232322323222222322323223232332322323232323232323232323222323232323323222322222222221122222222122222222221212122122122121212212121
2121121212111211211212121222222232323222323232232232322323223232323232323232323232332332232232323232222222222322222122222222122222222222122121212121212121212122
2112112111212121121121222122222223222232222222323232232323232232232323232323232323232232323232323222232322322232222212222222221222222222121221212212121221221212
2121211212121112112112112222222322223222223232232232323232323232323232323232323232323232323232223223223222222223222221222222222222222222222122121212212121212122
2112121211211212121211222222222222222223222223223232332323232323232323232323232323232323232323232322232322222323232222222222222222222222222212121212121212121212
2121121121121211211212121222222222322322232322322323223232323232323232323232323232323232323232322323232232222323223222222223222222222222222121212121212212212212
2112112112112121121121212222222222222232322232232323232323232323232323232323232323232323232323232323232232323222322222222222322222222222222221221221221212121212
2121212121211112112121122222222232323232223232323232323232323232323232323232323232323232323232323232323232322322222222222222232222222223222212122121212121212121
2112112112121212121212212222222323222322322322223232323323232323232323232323232323232323232323232323232323232232323222232323222222212222322222121212121221221222
2121211211121211211121222222223232232232232233232232332323323232323232323223232323232323323232323232322323233223232222232322232221222232222121212121221212121212
2111121121211121121212122322222322222232222322322323223232323232323232322323223232323232323232323232323223232323233233223323222222212233222221212121121212121212
1212121212121212121121222222222232223223232232323232332323232323232322323232322322323232323232323232232323232232323232323232323222222323232222121212121212212121
2121211121112112112121223222223222222322223232232323223232323223222232232222232232232322323232323232323232323232323232323232222222222223222222212121212212121212
2111121211211211212122222222222222222323232232323232323232232322323223223232323223223232323232323232232232232323232323232323322222222222223222222121212121212212
1212121121212121211212223223222322223232232323223232323223222232222322322223222322322232232323323232323223232323232332323232232222222323222222222121212121221212
2121212112112112121212222232232232322323232323232322322323232322323222232322232232232323232323232322232323232323232323232323222222222222222222222212121221212121
2111111211211211211222232322223232232323232323232232232322322232222232222223222223223222323232323232323232323232323232323222323222232332323222222212122121212122
1212212121121212121222232232322323232323223232223223232232232322323222322322223232232232323232322323222322322323232323232322222222222223222222222211212121212121
2121121121211211212222223222232222323232232232323232223223222222222232222222322222322323232323232322323223232323233232322222222322223232223222222212121212121212
2112112121121121212222222323223232323232223232322223232222323232322222223222222322232232223222322323222232223232323232323232222222222322322222222222121212122121
2121212112121212212222223232232323232323232323232322322322222222222222322222222223222322322323222222232222322322323232323222223232223232322222222221212121212122
2112121212121212122222223223222323232323232322322323222232322322223222222222222222222222232222223223222232232232232323232232222222322223232232322222212212121212
2121212121212121222222222323232323232332323232323222232222222222322222222222222222222222222222222222222222322323232323232222322222223232323223232322221221212121
2121212112121212222222223223232232323232323232232323223222322222222222222222222222222222222222222222223222222222322323232322222222223223223232222232212121212122
2121212121212122222222222322232323232323232323222232222232222322222222222222222222222222221222222222222232323232232323232232322222222323232232322222222121212121
2212121212121212122222323223222323233232323223232322322222222222222222222222222212122121222212222222222222222223222323233232322222232323223222222322222212121212
2122122122121222222232222232223223223232322322322222232222222222222222222222221222212222121221221222222222323222232223232323232222322323232222222232222121212121
2212212212212222222222323222222322323232323223223232222322222222222222222222122212221212222122122222222232222232223232323232323232232322322323223222322221212122
2121212121222222223222322222232223232323222322232223232222222222222222222222221221212221212212222122222222223222322223232323232323223232232322222222222222121212
2121212121212222222222222222223222232322323223222322222222222222222222222121222122221212121221212222222222222222223232232323223232322323232332322223222212212121
2121212121222222222222322222222323232323232222232223222322222222222222212222121221212212212122122212222222222223222223223232332232323223232223222222222222212121
2121212121222221222222223222222232323232223232222322232222222222222221222222222122121221221212221222222222223222223222323232323232232323232322232322222122121212
2112112111212212221222222222222232323223232223232223222222322222222122222121212212212121212221212222122222222222222323223232323232323232232222223222222222212121
1211211211222222222222232222222322322323223222223222232232222222222222222222221221221221212121222122222222222223222222323232323232323223232222222322122221212121
2111121121122222222222222222222232323232322323222323222222222222222222212212122121212122121212212222222222222222232322322323232323232323232222222222212212121212
1121211112112222222222222222222323232322232222322222232222222222222122222222212212212212122122122212222222222222222223232323232322322323232322223221221212121121
2111112111111222121222222222222232323233223232232323222232222222222222122121221221221212121212212222222222222223222322223232323232323232323223222222121212121212
1212121121211111222222222222222323232322322223222222223222222222222222222222122121212122121221221222122222222222222223232232323232323232322322332222121121212121
2111211211212122122222222222222232323232223222232323222222222222221221221212212122121212122122122212222222222222222322223232323232232323232323223322212121211212
1212112112112122222222222222222323232222322232322222322222222222222222222222122212122122121212212222222222222222222223232323232323232232323232323232212121121212
2111211211212122222212222222222232322232223222223232222222222222222122121212212121212212122221222122212222222222232222222323232323223232323223232232221212121212
2121212112121222122222223222222323232222222232322222322223222222222222222222122122121212212122122221222222222222222232323223232322323232322323223223222121212121
2112111211212212212222223222222323222222223222223232222222222222212212122121221212221221221212212122222221222222222222223232323232323232323232323232222121212112
2121212121212121222232322222222323232222222232232222222222222222222122221222122221212122122122122221222222222222222223222323232323232323232232323232321212121212
2112121121212121222322323222222232322121222222222222222222222222122221222212212121221212121221221222212222222222222322232232323232232323232322323232221212112121
2121112112121212222232233222222323222121122222232222222222222212221222121221221212122122122122122121222212222222222222223223232323232323232232232222212121212121
2112121212122121223222323232222232322111112222222222222222221222122121222121212212212121212121212122122222222222222222322323232232322323232323222321211212121212
2121212121212212222222323232223232222111112222222222222222122212212212212122121221121212121212121212212122222222222222222232323232232323232232222222121211212121
2112112112121222222232232322322233222111112122232222222222221222122122122212121212121212122121212212122221222222222232232322323232323232323222322221212121212112
2121211212112122122222323222232222321100112222322232222222222222212212212121221212121212212122121221221222221222222222222232323232323232322323223222121212121212
2112121211212112121222323232322232321101112222232322222222222221221221221221212121212121212221222122222222222222222222223223232323232323232322322212121212112121
2121121121211212122222232323223222321000122232322323232322222222222122122122122121212121222222222222222222222222222223222323232323232323232223222221221212121212
2112112121121121212222232322322223221001122232232232323232323222222212212121212212121212212222222222222222222222122222222223232323232323232322322212121212121121
2121212112121212122222232323222322221011222322222222232323232222221222122222221221212122222222322232223222222222222222223232323232323232323222232212212121212121
2112112121211212222122323232232233211011222222222223222222322322222222212121221212221221222223223223222222222222222222222223232323232323232232222121211212121212
2121211211121121222222232232323232221011222222222222222222222222222121222222122221212222222222232222222222222222222222222322323232323232323222322212121211211212
2112121122121212122223223232322222111112222222212212212222222222221222121212212121221212122222222222222222222222222222222232323232323232232322221212121212121211
2121121211211211212222322222221111211222121212121221212112111211212111212121121111111111111122222222212121212222222222222223232323232323322222222121212121121122
2112121121121121212222222321001111122222222222222212221221222122121221121211111111111111111110111111112112121121212222222322323232323232323222212212121121212112
2121121212121211211121222210001122222222222222222222222222221222212212221222121111101000000001101111111111121211212122222222323232323232323222221212112121212121
2112112112112121121212122111111222222232232232232222222222222111212222222221222221111000011111111111112121211121121211212222223232323233232222121212121212112121
2121212121211212121121212222222112122232322322322323232322221211111212222222122122211000011111222122222222222212212122121212222223232323222222212121212112121212
2112121112121112112112112122211111122222232232232222222222211111111112122111212212110000001121212222222222222222222222222222222223232323232221221212121212112112
2121112211112121212121212222111111122232322223222222323222211111111111212111111121110000001212222222223232323232222222222222212222323232322222121212112121212121
2112211121212112112121212121211111212222223232232322222222211111111111121111111112100000001212122222222223223222322322222222222223232323222222212121212112121212
2121121212121211212121212222111111222232322223222232322222111110111112121211111121100000011212222222232322322322222222222222222222323232232212121212121212112112
2112121211211212121212222222211111222222232322232222222222211101111111221111111112100000001212222222222232232232323222222222222223232323222222121211211211212121
2121121121121121121221222222211112122223222223223232322222211111111212122111111121100000012121222222323223232322222223222222222223232322222212212121212121211212
2112112121212112121222222332211111121222232222222222222121221121111121212121211111000000111222222322222322323232322322222222221223232323222221212112121212121212
2121212112112121212222323232211011122222222222222221212121212112112121212111111111000000111111222222222223222222222222232232221222323232222222121212112112121121
2112121211211212122232323221100111121222222222221221212121212212121212121221111111000000101111111112122222222322322322222222221123232323222221212121211212112121
2121112121212112122222323221000112222222222212222122221212121212212212122111211110110010110111111111121121222222222222222222221123232323222222121121121211212121
2112211211211212122222323210111121222222222222222222222222222222222222212221121111111111111111111112112121111121121222222222212123232322232222212121212121212112
2121121121121212122232232221112222222222222222222222222222222222222222222222222222222121112111121212121212222121212112121221221223232232222222121212121212121212
2112121212121212222222232222222222222323323232323232323233232323232323222222222222222222222222222222222222122222122221212122122222323223222212112112112112112121
2121121121211211222223223323222222222323232323232323232322323232323223232322222222222323232323222222222222222222221222222222222223232322222212121211212121212112
2112121211212122122232232232333222122222223222322222223232223222232232222222222222222222223223232323232323232222222222222222222223232323222212121121212121211212
2121211212112121222223232323223221111112222232223232322222322232223222322222221212222222222222222222222222222322323232222222222232323232322212112121211211212121
2112121211212222222323232323232310001111223222222222222222222222222232222222222122122222222222222222222222222222222222232323233232232322222221212121121212121212
2121121121221222222323232232323221101112222222222222222222222222323222232222212212222222222222212121222222222222222222222222322323232323322221211212121212112121
2112121212122222223232323232332321010112222222222222222222222222222223222222221221212222222221221222121221222122222222222223232323232232232212121121212112121121
2121212121212222322322323232323221101111222222222222222222222222223222222222122122122212221222122121222222212222122222222222323232323223222222112121121212121212
2121121121122222232323232323232322101121222222222222222222222222232232222222212212212222122222212212212121222212222122222222323232322322222221221121211211212121
2112121212121222222232323232323322111112222222222222222222122222222222322221221121221212222212121221222222212222122222222223223232323222222222121212121212112112
2121212112112222223223232323232323111121222222222222222212222222232322222222121211121222222122222122121212222122212212222222323232323232232222212121212121212121
2121121211221222222232323232332323211112222222222222222222212222222222222121212112122121222221212121221221212212122222222222323232323232322221221212112112121212
2112121121212222222223232323232322211112222222222222222122222222232222222222121121212122122122121221212212221222221222222223232323232323222222221211212121121121
2121212121222122223232232323232332211112222222222222222222122222222222222212121212121212122212122121221221222121212212222222232323232322322222222122121212121212
2121121212112222223223232323232323111121222222222222222212222223222222222222121212122212212221212122122122121222122222222223223223223232222222212212121121212112
2112121121221222222322323232323232211112222222222222222222122222222222222221221212222222221212121212212212212212221222222222322222323222322222222221212121121212
2121212121122222222232232223232323211112122222222222221222222223222232322222222122222222222221212121221221221221222212222223222322322232222222212122212121211211
2121212121212212223223223232323232221121222222222222222212222222222223232322212221222322221212212122122122122122122222222222222223222222322222222221221212121212
2121212121212222222232322222232223221112122222222222222222222222322222323222222222222222222221212121212212212221221222222222222222222222232221212222121111212121
2121212121212222222232323232322323221121222222222222221222222222222232222222222212122221212121221212121221221222222222222222222222222223222222121212121212112112
2112121121222222222222323223222222322112121222222222222221222222222222222222222221212122222222121212212212122212122212222222222222122222222221212121212121211212
2121212121222222222232232323232323222111222222222222222222222222222222222222221212122212221212122121221222212222222222222222121212221222222221212121212112121212
2121211212212222222223223232322323222112121222222222222222222222222222222222122121211222122212212212122121222121221222222222212122122222222222121212121212121121
2121121212222222222222323222232323322111222222222222222222222222222222221212212121222121212122121221222222122222222222222222221222222222222222221121121121121212
2121212121221212122323232323232322321212112222222232222222222222222212222221221221211212122212221212212121221221222222222222222222222222221222212212121212121212
2121212121222221222232322222232323222111221222222222222222222222222222221222122121221221212122122121221222222222222222222223222223222222222121221211212112112112
2112121121211212222222232323223232322111122122222222222222222222222222222212212212122122221221212222122212122122212222222232333322323222222212121212112121212121
2121212121212122222222222232322322322112121222222232222222222222222222222222222122212221212212221212221222222222222222222223232232232232221221212121212121212121
2121121212121211222222232322232232322112122121222222222222222222222222222212212222222122222222122221222222122212222222222232323323232322222121212121211211211212
2121212112112121222222222223223223222211212222222222322232323232222222221222222212122222121212221222212212222222222222222223232232323222221212121211212121212121
2121211212121212223232222222322323232112121121222222222222222223222222222221212122212212222222222121222222222222222222222232323232322222222112112121212112121121
2112121212121121222222222222222232322211212212212222223223232322223222222222222221222122222222222222222122221222222222222232323232232332221211212121121212112121
2121212121212121222222222222223232232211212122122222222222222222322222222222222222222222222222222222222222222222222222222232323232323222222121212112121211212121
2121121211212112121222222222222322322212121212212212222232323232222322322222222222222222222222222222222222122222222222222232322323222223222121211212121121212121
2121212121211212221222122222223223222211121221221222222222232223232222222222222222222222222222222222222212222222222222222323232222322222222112121212112121211212
2121211212121212122212122122222322232221212121121212222323223322322322222222222222222222222222222323222222222222222222222232323232222222222212112121212121121212
2112121211212121222222122221222223222221212122122122222232322232232232322222222222222222222222232222222222222222222222222323232222322223222121212112121212121211
2121212121212112222222212222222222222212121212121222222322232323223222223223222222222222232223222323232222222222222222222232323232222322222121212121121121212122
2121121212121212222222222221222322322221212121212122222223222222222222222222222222222222222232232222222222222222222222223232323222223222222121121212121212112111
2121212112112121212222222222222223222121212121121222222322222222222222222222222222222222222222222323232222222222222222222232323222222221222121111212112121211221
2121211212121212212112222222222222222212121212121212223222232232222222212121212121212121222222222222322222222222222222223232323222222221212211121211212112121121
2112121212121121221211221222212223221221212121212122222232222222222212121212121212121212212222222223222322222222222222222323232222222222222222112121212121212121
2121212121212121222222222222122222222122221212121222232223232322222222221212121212121221222122222222322222222222222222322323222223232212222221211212121211212121
2121121121121212121212121221212222222212222121212222222322222232222222122122122122122122212222222222222222222222222222223232323222222222222121221211211212112112
2121212121212121212222122212222222121212221212121212232223232222322222222212212212212221222222222222322222222222222232222323222323222222221212121121212121212121
2121212112112112121121211211122222222212122212121222222322222322222222222222222222222122222222222222222222222222222222223232322222222121212121221212121121211212
2112112121212121121222222122212222222212222212121222232223223223222222222222222222222222222212212222222223223222322222222323222232222222121212121212112121121212
2121212121211212121212122212122122121221222222121122223222222222223222222222222222222222221222222222222222222222223222232323222222222121212121212121212112121211
2121121211212121212121212122222212212212222222121222232232322322222222222222222222222222222222222222222222222232222223222232322222222222121212121121121212121122
2112121121212112112112121221222221121212222322212122222222232222222222222222222222222222122221222222222322322222322222222223223222222212121212121212121212112112
2121212121121212121211212121221221212121222222221212223232222222322222222222222222222122222122222222222222222322222322222223232222222222121212121211211211212212
2121121212121121211212112121212212212121222323222121222222322322222222222222222212122212212222222222222222232223222222222223223222222212121121211212121212121121
2112121121212121121212121212121122121212222232322122223232222222222222222222121222212221222222122222222322222322222222222222322222212221212121121212121121212121
2121212121121212121212121212121212121111122222232212222222323222222222222212222121221212221222222222222223222222222222222232323222221212121212121121121212112112
2121212112121121212112112121212121212121122232322222122232222223222222221222122212122122222212222222222222232232222222222232222221212221121121212121212121212121
2121211212112121121212121211212212112111212223232322222222232222222222222212221222212221212222222222222323222222222222222223222222212122121212112112121121121212
2121121212121212112121211212121212121121122222232222222223222322222222221222212212122122222222222222222222232222222222222232222121212212121211212121212112121121
2121212121212112121121121212121121212111212223232322222222232222222222222221222221221221222212222222223232222222222222222232222212121121212121212121121212121212
2121212112112121212121212121212121121121122223223232222223222232232222222222221222222222221222222222222222222222222222222322222121212121212121211212121212112121
2121211212121212121212121211211212112111122222323223222222223222222222222222222212212122222222222222232223222222222222222222222211211212121121121211211211212112
2121122121212121211212112121212112121121122223232323232222222323222222222222122222222222222222222223222222222222222222222121212121121211212121212121212121212121
2121211212121212121211212121212121121211112222322322322222222222232322222222222222222222222222222222222322222222222222222121221212121121211212121121121212121212
2121212121212112121212121212121212112111212232232232323232223232322223222222222222222222222222223232232222222222222222222122222121212121121211212121212112112112
2121212121121212112121212121121121211211122223223232232322222223223222232222222222222222222222322222222222222222222222222222212212112121212121212112121212121212
2121121212121212121212121212121211212112122222323223232232322322322323222322222222222222222232223222222222222222222222222221221211212112121121121212112121211212
2121212121212121212121212112121212111211112223222323223232323222232232232223232323232232232223222222222222222222222222222122121212121212112121212121212112121212
2121212112121121212112121212121211212111121222323222323223232232323223223232232223223222322322222222222222122222122222222212121212112121212121211211211212112112
2121211212121212121212112121212121211211122232322323223232323232222323232323223232232232222222222222222222222122222222222212121211212112121211212121212121212121
2121121212121212112121212121121121121121112222323232322322322323232322323223232323223223223223222222222122122222222122222212122121211212112121212112121211212121
2121212121212121212121212112121212121211122223222322232232232323232323232323232323232222222222222222222222222222122222222221212121121211212112112121121121211212
2121212121211212121212121212121212121111122222323223223232323223232232323232323223222322222222222222221221221212222221222122121121212121211212121212121212121212
2121212121121211212121121212121121121211112232322322323223222323223232232232232222222222222222222222222222222222222122222221212121211212121212121121212121121121
2121212112121212121212121212121212121111122222232232232232323232323223223223222222222222222222222222121212122222122222222222121211212121121211212121121121212121
2121121212121212121121212121212121121211112223223223223222232223222322322322223222222222223222222222222222221212222222222212122121121121212121211212112121212112
2121212121212121212121212112121212112111122222322322322323223232232232232222222222222222222222222212122122222222221222222222122212121212121121121211212112112121
2121212121212121212121211212112111212111112223223222222222222322323223222232222222222222222222222222221221212221222222222222222221212112112121212121212121212121
2121212121212121212121212121212121221111122222222232323223232223222322323222222222222222222222221221222222222122222222222221222221211211212121211212121212121121
2121212121212121212121212121212121222111112222322222222222222222232232222223222222222222222222222222121221222222122222222222222222221212121211212112112112112121
2121212121212121212112121212121212222111212222222222222222222322223222322322222222222222222222212122222122212212222122222222222222222121211212121212121211212121
2121212121212121211212121212121222222111122222223223222222222223222222222222223222222222222222222212122221222222212222222222232322222222121211211211212121212121
2121212121212121212212121211212222321112212122222222222222232222223223223222222222222222222221221222212122212212222222222222323222222222212121121212112121211212
2121212121212121212121212122222222222121222222232222222222222222322222222222222222222222222222122212222221222222222222222222323232232222222121212112121121121212
2212121212121212121212221222223223222122212122222222222222222222222222222222222222222222221212221221212122221221222212222222322323222322222221211212121212121121
2122122122212221221221222222323222322222222222222322222322222223222322322222222222222222222222122122222222122222212222222223232322323222222122221211212121212121
2212212212122122122122222223232322222222221222222222322222222222222222222222222222222221212212222212121212222122222222222232232323222323222222222121211211212112
2121221221221212222222222323232223232222222212223222222222222222222222222222222222222122222222121222212222212221221221222223232232323232222222122222122121121212
2222222122212221222222232323232322223232232222222222222222222222232222222222222222212222121212222121222121222222222222222323223232232323232222222122212212211212
2212122212122122222223232323232332323222222221222232222222222222222222222222222221222212222221212222122222221221222122223232323223232232232222222222221222121121
2222212122222222222232323232323232322323232222223222222222222222222222222222222222221222121222122121221221222222212222222322322323223223223232222222222222212112
2121221221222222222323232323232323232322223222222222222222222222222222222222222122222212222121221222222222212122222222232232323232323232323223222222222222221221
2212122222222232323232323232323232323223222322222322223222222222222222222222222221221222122222122121212121222222122222323232323223223223232322323233232222122122
2122212222222322323232323232323232323232232323232222222222222222222222222222212222222212212121221222122222222122222222322323232322323232223232232322322222222212
2212222222223232323232323232323323232322223223222222222222222222222222222222222122121222221222122212212212212222222223232322322323232232322323232232232322221222
2222232222323232323232323232323232332323232322322322222222222222222222222221222222222212122121221221221222222221222222223232232232232323232232232323222222222212
2223223232323232323232323323232323232323222323232222222222222222222222222222221212121222212222122122122222212222222233232232323232323223223223232232323222222222
3223232223232323323232332323233232323332322232322322322222222222222222222222222222222212122212212222222221222222223223232323232323223232323232323322322322222222
