0000000000000000000000000000000000000000000000000000000000000000000000000000000000000000000000000000000000000000000000000000000000000000000000000000000000000000
0000000000000000000000000000000000000000000000000000000000000000000000000000000000000000000000000000000000000000000000000000000000000000000000000000000000000000
0000000000000000000000000000000000000000000000000000000000000000000000000000000000000000000000000000000000000000000000000000000000000000000000000000000000000000
0000000000000000000000000000000000000000000000000000000000000000000000000000000000000000000000000000000000000000000000000000000000000000000000000000000000000000
0000000000000000000000000000000000000000000000000000000000000000000000000000000000000000000000000000000000000000000000000000000000000000000000000000000000000000
0000000000000000000000000000000000000000000000000000000000000000000000000000000000000000000000000000000000000000000000000000000000000000000000000000000000000000
0000000000000000000000000000000000000000000000000000000000000000000000000000000000000000000000000000000000033333333330000000000000000000000000000000000000000000
0000000000000000000000000000000000000000000000000000000000000000000000000000000000000000000000000000000003333333333333000000000000000000000000000000000000000000
0000000000000000000000000000000000000000000000000000000000000000000000000000000000000000000000000000000033300000000033330000000000000000000000000000000000000000
0000000000000000000000000000000000000000000000000000000000000000000000000000000000000000000000000000000033000000000000333000000000000000000000000000000000000000
0000000000000000000000000000000000000000000000000000000000000000000000000000000000000000000000000033333033000000000000033330000000000000000000000000000000000000
0000000000000000000000000000000000000000000000000000000000000000000000000000000000000000000000000033333033330000000000000330000000000000000000000000000000000000
0000000000000000000000000000000000000000000000000000000000000000000000000000000000000000000000000033000000330330000000000330000000000000000000000000000000000000
0000000000000000000000000000000000000000000000000000000000000000000000000000000000000000000000000033330000000330330330000330000000000000000000000000000000000000
0000000000000000000000000000000000000000000000000000000000000000000000000000000000000000000000000033330000000000330330000330000000000000000000000000000000000000
0000000000000000000000000000000000000000000000000000000000000000000000000000000000000000000000000033300000000000000000000330000000000000000000000000000000000000
0000000000000000000000000000000000000000000000000000000000000000000000000000000000000000000000000033300000000000000000033330000000000000000000000000000000000000
0000000000000000000000000000000000000000000000000000000000000000000000000000000000000000000000000033000000000000000000033330000000000000000000000000000000000000
0000000000000000000000000000000000000000000000000000000000000000000000000000000000000000000000000033000000000000000000000330000000000000000000000000000000000000
0000000000000000000000000000000000000000000000000000000000000000000000000000000000000000000000000033000000000000000000000330000000000000000000000000000000000000
0000000000000000000000000000000000000000000000000000000000000000000000000000000000000000000000000033000000000000000000003330330000000000000000000000000000000000
0000000000000000000000000000000000000000000000000000000000000000000000000000000000000000000000000333000000000000000000033300330000000000000000000000000000000000
0000000000000000000000000000000000000000000000000000000000000000000000000000000000000000000000000333300000000000000000033000003300000000000000000000000000000000
0000000000000000000000000000000000000000000000000000000000000000000000000000000000000000000000003303300000000000000000330000003300000000000000000000000000000000
0000000000000000000000000000000000000000000000000000000000000000000000000000000033000330330330033333333000000000000003330000000000000000000000000000000000000000
0000000000000000000000000000000000000000000000000000000000000000000000000000003333000330330330033333333330000000000003300000000330000000000000000000000000000000
0000000000000000000000000000000000000000000000000000000000000000000000000330003300000000000000003300033330330000000033000000000330000000000000000000000000000000
0000000000000000000000000000000000000000000000000000000000000000000000000330000000000000000000000000003300333300003333000000000033000000000000000000000000000000
0000000000000000000000000000000000000000000000000000000000000000000003300000000000000000000000003300003300003333333330000000000033000000000000000000000000000000
0000000000000000000000000000000000000000000000000000000000000000000003300000000000000000000000003300000330000033333300000000000000000000000000000000000000000000
0000000000000000000000000000000000000000000000000000000000000000000000000000000000000000000000000000000330000000000000000000000000000000000000000000000000000000
0000000000000000000000000000000000000000000000000000000000000000330000000000000000000000000000003300000000000000000000000000000033000000000000000000000000000000
0000000000000000000000000000000000000000000000000000000000000000330000000000000000000000000000003300000003300000000000000000000033000000000000000000000000000000
0000000000000000000000000000000000000000000000000000000000000000000000000000000000000000000000003300000003300000000000000000000033000000000000000000000000000000
0000000000000000000000000000000000000000000000000000000000003300000000000000000000000000000000003300000000330000000000000000000033000000000000000000000000000000
0000000000000000000000000000000000000000000000000000000000003300000000000000000000000000000000003300000000330000000000000000000033000000000000000000000000000000
0000000000000000000000000000000000000000000000000000000003300000000000000000000000000000000000003300000000033000000000000000000033000000000000000000000000000000
0000000000000000000000000000000000000000000000000000000003300000000000000000000000000000000000003300000000033000000000000000000033000000000000000000000000000000
0000000000000000000000000000000000000000000000000000000000000000000000000000000000000000000000003300000000000000000000000000000033000000000000000000000000000000
0000000000000000000000000000000000000000000000000000000000000000000000000000000000000000000000003300000000000000000000000000000033000000000000000000000000000000
0000000000000000000000000000000000000000000000000000003300000000000000000000000000000000000000003300000000000330000000000000000033000000000000000000000000000000
0000000000000000000000000000000000000000000000000000003300000000000000000000000000000000000000003300000000000330000000000000000333000000000000000000000000000000
0000000000000000000000000000000000000000000000000000330000000000000000000000000000000000000000003300000000000330000000000000000330000000000000000000000000000000
0000000000000000000000000000000000000000000000000000330000000000000000000000000000000000000000003300000000000330000000000000000330000000000000000000000000000000
0000000000000000000000000000000000000000000000000000000000000000000000000000000000000000000000003300000000000330000000000000003330000000000000000000000000000000
0000000000000000000000000000000000000000000000000000000000000000000000000000000000000000000000033000000000000330000000000000033330000000000000000000000000000000
0000000000000000000000000000000000000000000000000000000000000000330033330003333003333000000000333000000000000330000000000003333300000000000000000000000000000000
0000000000000000000000000000000000000000000000000033000000033330330033330003333003333333330000330000000000000330000000330033333000000000000000000000000000000000
0000000000000000000000000000000000000000000000000033000033033330000000000000000000003333330003300000000000000333000330330033000000000000000000000000000000000000
0000000000000000000000000000000000000000000000000033000033000000000000000000000000000000330033300000000003300333000330000000000000000000000000000000000000000000
0000000000000000000000000000000000000000000000000033003300000000000033333003300033000000330033000000000003300330000000000000000000000000000000000000000000000000
0000000000000000000000000000000000000000000000000000333300000000000033333003300033033000330033000330000000033000000000000000000000000000000000000000000000000000
0000000000000000000000000000000000000000000000000033330000000000000330000000000000033300333333000330000000333000000000000000000000000000000000000000000000000000
0000000000000000000000000000000000000000000000000333000000003333003333300330333033333333333330000000000330330000000000000000000000000000000000000000000000000000
0000000000000000000000000000000000000000000000000333000003303333003333300330333033333333333300000003300330000000000000000000000000000000000000000000000000000000
0000000000000000000000000000000000000000000000003333333303300000000330000000000000000000333300330003300000000000000000000000000000000000000000000000000000000000
0000000000000000000000000000000000000000000000003333333300000000000333000000000000000000333300330000000000000000000000000000000000000000000000000000000000000000
0000000000000000000000000000000000000000000000033333000000000000033333330033000330000330000000330000000000000000000000000000000000000000000000000000000000000000
0000000000000000000000000000000000000000000000033333000003300033033300330033000330000330330000000000000000000000000000000000000000000000000000000000000000000000
0000000000000000000000000000000000000000000000000333300333300033000000000000000000000000330000000033000000000000000000000000000000000000000000000000000000000000
0000000000000000000000000000000000000000000000000033300330000000000330000000000000000000330000000033000000000000000000000000000000000000000000000000000000000000
0000000000000000000000000000000000000000000003300000000000003300000330000000000000000000330000000000330000000000000000000000000000000000000000000000000000000000
0000000000000000000000000000000000000000000003300000000000333300000330000000000000000000330000000000330000000000000000000000000000000000000000000000000000000000
0000000000000000000000000000000000000000000000000000000000330000000330000000000000000003300000000000003300000000000000000000000000000000000000000000000000000000
0000000000000000000000000000000000000000000003300000000003300000000000330000000000000003300000000000003300000000000000000000000000000000000000000000000000000000
0000000000000000000000000000000000003300000003300000000003300000000000330000000000000033000000000000000000000000000000000000000000000000000000000000000000000000
0000000000000000000000000000000000003333000000000000000033000000000000000000000000000033000000000000000000000000000000000000000000000000000000000000000000000000
0000000000000000000000000000000000000033000000000000000033000000000000003300000000000000000000000000000330000000000000000000000000000000000000000000000000000000
0000000000000000000000000000000000000000333033000000000033000000000000003300000000000330000000000000000330000000000000000000000000000000000000000000000000000000
0000000000000000000000000000000000000000333333300000000033000000000000000033000000000330000000000000000330000000000000000000000000000000000000000000000000000000
0000000000000000000000000000000000000000000333333000000033000000000000000033003300003300000000000000000330000000000000333333000000000000000000000000000000000000
0000000000000000000000000000000000000000000330033330033033000000000000000000003300003300000000000000000330000000000033333333000000000000000000000000000000000000
0000000000000000000000000000000000000000000330000330033333000000000000000000000003303300000000000000000330000000003333003300000000000000000000000000000000000000
0000000000000000000000000000000000000000000000000000003333330330000000000000000003303333000330003300000330003300033300000000000000000000000000000000000000000000
0000000000000000000000000000000000000000000000000000000033330333330033333000000000033033000330003300000330003300033000000000000000000000000000000000000000000000
0000000000000000000000000000000000000000000330000000000000000033330033333033333333333000000000000000000000000000033000000000000000000000000000000000000000000000
0000000000000000000000000000000000000000000330000000000000330000000000000033333333333000000000000000033000000000033000000000000000000000000000000000000000000000
0000000000000000000000000000000000000000000000000000000000330000000000000000000000000000000000000000033000000033000000000000000000000000000000000000000000000000
0000000000000000000000000000000000000000000330000000000000033000000000000000000000000000000000000000330000000333000000000000000000000000000000000000000000000000
0000000000000000000000000000000000000000000330000000000000033000000000000000000000000000000000000000330000000330000000000000000000000000000000000000000000000000
0000000000000000000000000000000000000000000000000000000000000000000000000000000000000000000000000033000000000330000000000000000000000000000000000000000000000000
0000000000000000000000000000000000000000000330000000000000000330000000000000000000000000000000000033000000000330000000000000000000000000000000000000000000000000
0000000000000000000000000000000000000000000330000000000000000330000000000000000000000000000000003300000000000330000000000000000000000000000000000000000000000000
0000000000000000000000000000000000000000000000000000000000000000033000000000000000000000000000003300000000000330000000000000000000000000000000000000000000000000
0000000000000000000000000000000000000000000033000000000000000000033000000000000000000000000000000000000000000330000000000000000000000000000000000000000000000000
0000000000000000000000000000000000000000000033000000000000000000000000000000000000000000000003300000000000000330000000000000000000000000000000000000000000000000
0000000000000000000000000000000000000000000000000000000000000000000000000000000000000000330003300000000000000330000000000000000000000000000000000000000000000000
0000000000000000000000000000000000000000000000003300000000000000000003300000000000000000330000000000000000000330000000000000000000000000000000000000000000000000
0000000000000000000000000000000000000000000000003333000000000000000003300000000000000330000000000000000000000330000000000000000000000000000000000000000000000000
0000000000000000000000000000000000000000000000000033003300000000000000003300000000000330000000000000000000000033000000000000000000000000000000000000000000000000
0000000000000000000000000000000000000000000000000000003300330000000000003300000000000000000000000000000000000033300000000000000000000000000000000000000000000000
0000000000000000000000000000000000000000000000000000000000330330033000330003333330000000000000000000000000000003330000000000000000000000000000000000000000000000
0000000000000000000000000000000000000000000000000000000000000330033000330003333330000000000000000000000000000000333000000000000000000000000000000000000000000000
0000000000000000000000000000000000000000000000000000000000000000000000000000000000033000000000000000000000000000033300000000000000000000000000000000000000000000
0000000000000000000000000000000000000000000000000000000000000000000000000000000000033000000000000000000000000000003330000000000000000000000000000000000000000000
0000000000000000000000000000000000000000000000000000000000000000000000000000000000000000000000000000000000000000000330000000000000000000000000000000000000000000
0000000000000000000000000000000000000000000000000000000000000000000000000000000000000000330000000000000000000000000330000000000000000000000000000000000000000000
0000000000000000000000000000000000000000000000000000000000000000000000000000000000000000330000000000000000000000000333000000000000000000000000000000000000000000
0000000000000000000000000000000000000000000000000000000000000000000000000000000000000000000000000000000000000000000033000000000000000000000000000000000000000000
0000000000000000000000000000000000000000000000000000000000000000000000000000000000000000000000003300000000000000000033000000000000000000000000000000000000000000
0000000000000000000000000000000000000000000000000000000000000000000000000000000000000000000000003300000000000000000033000000000000000000000000000000000000000000
0000000000000000000000000000000000000000000000000000000000000000000000000000000000000000000000000000033000330330333333000000000000000000000000000000000000000000
0000000000000000000000000000000000000000000000000000000000000000000000000000000000000000000000000000033000330330333330000000000000000000000000000000000000000000
0000000000000000000000000000000000000000000000000000000000000000000000000000000000000000000000000000000000000000000000000000000000000000000000000000000000000000
0000000000000000000000000000000000000000000000000000000000000000000000000000000000000000000000000000000000000000000000000000000000000000000000000000000000000000
0000000000000000000000000000000000000000000000000000000000000000000000000000000000000000000000000000000000000000000000000000000000000000000000000000000000000000
0000000000000000000000000000000000000000000000000000000000000000000000000000000000000000000000000000000000000000000000000000000000000000000000000000000000000000
0000000000000000000000000000000000000000000000000000000000000000000000000000000000000000000000000000000000000000000000000000000000000000000000000000000000000000
0000000000000000000000000000000000000000000000000000000000000000000000000000000000000000000000000000000000000000000000000000000000000000000000000000000000000000
0000000000000000000000000000000000000000000000000000000000000000000000000000000000000000000000000000000000000000000000000000000000000000000000000000000000000000
0000000000000000000000000000000000000000000000000000000000000000000000000000000000000000000000000000000000000000000000000000000000000000000000000000000000000000
0000000000000000000000000000000000000000000000000000000000000000000000000000000000000000000000000000000000000000000000000000000000000000000000000000000000000000
0000000000000000000000000000000000000000000000000000000000000000000000000000000000000000000000000000000000000000000000000000000000000000000000000000000000000000
0000000000000000000000000000000000000000000000000000000000000000000000000000000000000000000000000000000000000000000000000000000000000000000000000000000000000000
0000000000000000000000000000000000000000000000000000000000000000000000000000000000000000000000000000000000000000000000000000000000000000000000000000000000000000
0000000000000000000000000000000000000000000000000000000000000000000000000000000000000000000000000000000000000000000000000000000000000000000000000000000000000000
0000000000000000000000000000000000000000000000000000000000000000000000000000000000000000000000000000000000000000000000000000000000000000000000000000000000000000
0000000000000000000000000000000000000000000000000000000000000000000000000000000000000000000000000000000000000000000000000000000000000000000000000000000000000000
0000000000000000000000000000000000000000000000000000000000000000000000000000000000000000000000000000000000000000000000000000000000000000000000000000000000000000
0000000000000000000000000000000000000000000000000000000000000000000000000000000000000000000000000000000000000000000000000000000000000000000000000000000000000000
0000000000000000000000000000000000000000000000000000000000000000000000000000000000000000000000000000000000000000000000000000000000000000000000000000000000000000
0000000000000000000000000000000000000000000000000000000000000000000000000000000000000000000000000000000000000000000000000000000000000000000000000000000000000000
0000000000000000000000000000000000000000000000000000000000000000000000000000000000000000000000000000000000000000000000000000000000000000000000000000000000000000
0000000000000000000000000000000000000000000000000000000000000000000000000000000000000000000000000000000000000000000000000000000000000000000000000000000000000000
0000000000000000000000000000000000000000000000000000000000000000000000000000000000000000000000000000000000000000000000000000000000000000000000000000000000000000
0000000000000000000000000000000000000000000000000000000000000000000000000000000000000000000000000000000000000000000000000000000000000000000000000000000000000000
0000000000000000000000000000000000000000000000000000000000000000000000000000000000000000000000000000000000000000000000000000000000000000000000000000000000000000
0000000000000000000000000000000000000000000000000000000000000000000000000000000000000000000000000000000000000000000000000000000000000000000000000000000000000000
