2121121211212111211211211211111111211112111111211111111111111111111111111101111111111111011111111111011011010110101101010101011010101010101010101010100100010000
1111111111111121111111121111111111111111111111111111111111111111110101011111101010100001100100000001010001001001000000100000100100000000000000000000000001000010
2112111211112111111211111111111111111111111111011110110111101001011011101010111101011110110110111010100101010000010101001010001001001001001010010100101000001000
1111121111211111111111111111211111121111111111111111111111111110110111111101101010110101011011010101010100100100100010100010010000000000000100000000000000000000
2111111112111111111111111111111111111101111111111110111111011111101101011011010101011011001100100010101010001010100100101001000100101001010000000000000000000000
2111112111111112121111211111111112111111111111101011111011111011111111111110111111010101110011011001010001100100010010000100000000000100000001001000000001000000
1121211121111111111111111211111111111111111111111111101101110110110110101011001010101010101001011100001100010001010100010010010101000000100100010001000100000001
2111111111111211111211111111111111111111111111111010110111111110111111011010110110110110100110100011010010101011001001000001001000010101001000000100000000000100
1111111112111111111111211111111112111111111111111111111110101111101101111111101101110101011011010100101010010100010010101001000010100000100010001001000000010000
2111121211111112111111111111111111111111111111111111111101111011011110101010110110010101010100101010001001010001000010000100010000010010000000100000000100000001
1112111111111112111211111211211111111111111111111110111111101111111011111111011101101111010010101010101010001001001000100101001010100000101010000000100000100000
2111112111212111111111111111111111111111111111111111101111111011111110010011110110110101101111010101010101010101000010010100000000001001000000010100000000000000
1111111111111121112112111111111111111111111111110111111010111101010111111101001011001010110100110011010101010001010101000010101010100100001010000010100010000001
2111112112111111111111111111111121111111111111011110110111110111111010101101110101110101010101011100100101001010010010101000100010000001000001001000001000010000
1111211121112111121211111111121111111111111111111101111111111111101111110111010110101110100101011111001010010010000100000101001000010100101000000010000000000100
1211111111211112111111212111111111111111111111111111111011111011111110110101111101110101010110001111010010100001101001010010010010100010000010010000100000000000
2111111111111111111111111111111111111111111111111111111111011111101110101101010110101101101000000111101010011000000001001001001001000001010000000100001001000000
1111112111111112111212111111111111111111111111111111110111011111111011011111011111010110111000000001110010100011010100100100000100010100001010100001000000000000
1111211111212111121111111111111111111111111111111111111101111110110111110101101110110010100000000001111100101010001010010010100001000000100000000100000010000000
2111111121111112111111111111121121111111111111111111111011111011111011011011011011010101101000000000111110100010100001001000010100001010001010100000100000001010
2111121211111211111212111111111111111111111111111111111111111111010111111101101110111011010000000000011110101001010101000001001010100100010100000100001000100000
1111111111121111111111111111112111111111111111111111101110111101111111101111010111010101010100000000000111101010001000011010100000010001000000100000100000001000
2112111112111111112121111211211111211111111111111111111111110111111011011011111010101111011010000000000011110010100101100100010101001000010010010100001000000000
1111211111111121111111121111111121111111111111110111111111011111111110111111010111011011101000000000000011110100101010000010000010000101000100000001000010000010
2111111121111211212111111111121111111111111101111111111011111111011011101011110101111010101110100000000000111010010010010010101000001000100001010100001000010000
1121121112112111111111112111111111121111111111111111111110110101101111011111111011001010101010010000000000011101100100010101001010100010001000000001000000000100
2112111211111111111111211112111111111111111111111111111111111111111111101101010111111111010101100000000000001111010010100100101000100000100010000100001001000001
1121111111111111111111111111211121111111111111111111111111011111111101111011101101011010101010110000000000000111100101010001010001001010000100100000100000000010
2111121211211212112111211211111111211111111111111111111111111101111011101111111011010110111011101100000000000011110000100100000100000010101000001010000100102000
2111111111111111111111111111111111111111111111111111111111111111101110111101101101101011010101010100000000000001111101010010110010110001000010100000100000012211
1112112111112111112111211111121111111111111111112101111111110111110111111011011101111101111101101100000000000000111100001001001010001001001000001010000101012222
1211121112111121211111111212111111111111111111111111111111111110111011011110111101101011010101010101000000000000011110100010101000100100000010101000100000023222
2112111111121111111211121111111112111111111121111111111111110111110111111111010110101101101101101010100000000000001111011001010010010001010100000000000100322222
1111111211111111211112111111111211121111121111111111111111111111111111010101111011101101010011010101010000000000000111100100101010101000100001010101010012222222
2111211112121111111111211211121111111111111111121111111011111110110101101111011011110111101110101110101000000000000011111001000000000010010100000000000012222111
1111112111111121112111111111111111111111111111111111111111111111111110111111111110011010110101010101010000000000000001111100010110101000100010101001010022222121
2111111112111211211111121112111111211111211111111111111111011111111111111010101011110110101010110101010000000000000000111101000010010101001000000010000222211212
1211211111121111111121111111111121121111111111111111111111111111101011010111111101010101110111010010101100000000000000001110101000100000100010100000011222111111
1111112121111111111211111111111111111111111111111111111111111110110111011011010111111110111010101101010100000000000000000111000100001001001000010101002221111111
2112111112112111211111112111111111111111111111111112111111111111101111111110111010110101100110110101010101000000000000000011110101000100100110000100122121101121
1111121211111111112112111211111121111111111111111111111111110110111111101111101101001010111010101100100110100000000000000001111000101001001000100000121210112221
2121111111212121111111121111211111211111111111111111111111111110111010111110111011110110101110101011011000100000000000000000111100100100100000010100221212222221
1212111111111111212111111111111211111111111111111111111111111011101111110111011101011011110101101101001010100000000000000000011110001000101010000002121112222222
1111112121111111111121112121111111111211121111112111111111111111111010111111110111110101010110111010110101011000000000000000001110100101000001010102222222222111
2121111111212112111111211111111111111111111111111111111111111111111111011010111101011101101011010101001101100100000000000000000111010010001100000022322222323112
1111211111111111111211111111121121111111111111111111111111101111101111110111101011101011011101010100100101011010000000000000000011101000100000010223232223222223
1121121121112111121121111211111111211112111111121111111111111110111010101111110110101101100101101011011010100101000000000000000001111010001010100222323323322322
2111111112111111111111121111111111111211111111111111111111111111111111011101101101101011011110101010101101010010000000000000000000111100100000012223232232222101
1211211211121211121111111111212112111111111111111111111110111111111101111110111011011010110011110101010010101010100000000000000000011110010101002232323221110022
2121121112111121111121121121111111111111111111111111111111111101111011111011101101101101010101010101101101010101010000000000000000001111000100102323323211113222
1111211111112111112111111111111111111111111121111111111111111111111111111110110110111011101101010110110101010100000000000000000000000111101000023233232112222222
2121111112111112111111112111121112111211211111111211111111111111101011101011011101101101011010101010101010100010111010000000000000000001110010023323232100110112
1111112121111211111211211121111111111111111111111111111111110110111101101111011110110110101111010101010101001011000100000000000000000001111100223233220100000123
2121211111211111211112111111211111111111111111112111111111111111111111111011111011011011110010111110101010101000010010000000000000000000021100232333310010002233
1111111111112111121111111111111111112111121121111111111101111111111010111110110101110101011011010011010101100111010101000000000000000000001112233323200000010022
2111211111111211111112112121121211111112111111111111111111111111101111111110110111010101101010101111010010101010101001000000000000000000000122232333200012000001
1211212111211111121111111111111111111111111111111111111111111111111111111011101101101110111101010010101101001000010100110000000000000000000013233323311210000000
2112111121121121112121121112111112111111121111111111111111111111111101101111011110101011100101101101010100110110010101000000000000000000000013323333222000000000
1111111211111211111111111211112111111121111111111121111111111110111111111101111011101010110110101010101010000011001010101000000000000000000023233232100000000000
2121211112111111211211111112111111111211111111111111111111111111110101010111110110110101011011010101010010111000100001000010000000000000000123333320000000000000
1111121211121211121111212111111211121111111111111111111011111110111110111110101101111110101101101010110101001011010100101000000000000000000223323230000000000000
2121111111211111111111111111111112111111111112111111111111101111111011110101111111010101111010101011001010010010001010100010000000000000000233233332000000000000
1111121121112121121212111211121111111112111111111111111111111111101111011111011011110110101010110100100101101100110010010100100000000000002323333232100000000000
2121211111211112111111121111211111211211111211111111111111111011111101111011111111011010101101011011011010101001001010100010010000000000002333233333100000000000
1111112111112111111112111111111111111111111111111111111111111111111111101110111111111010110111010101010101001010101001010101000000000000033233332322200000001111
2112111121121111212121112111112111211111111111111111111111111101110110111011221211211111110101011001010101101000010100001000010100000001323332323233200010100101
2111111112111121111111211121111111111111111111111111111111111110111101101122222222121211011011101101101010010111000110100101000100000022333233233322211111011010
1121112111111111121111111111111112111111121111111111111111111011011110112222222232221112110110101010101101010000110010010001010000000223323232332232101111111101
2111121111112112111112121111211111112111111111111111111111111111110111212222223332222222222211101001010101001010001010001100100101002233333323323323010111110121
1112111112111111112121112121111211121111111111111111111101101111111122222323223223233332222111201110101011010101010101000010010010023333233233332331101001011112
2111111111121111211111111111111111111112111111111111111111111111122223222232222323323233232222111001011111111111101010101010010001032233323323233231010011001001
1121121121111211111121111112121111211111111111111111111111112122222322232222323222333333332322222211211212222121111001001001100100233323322332322321201000011012
2112111111112112111111211111111121111111111211121111111112221222222223332322322332232222223322222322222222221111111100100100010023323332333233232232122222210212
1211121211211111212112112121112111111211111111111111012121222222333233323332223223322222221221222233332322222222111010011010100123332323332332333122111111011111
1112111111112111111121111111111111111111112111111110111212232322232333333333222332232112111121211123232233223222211110100010011323233333333333322100110000111001
2111121121111112112111111112111111111211111111111021122122222223233332323322332232323222222222211212323223232322222101010001012333333333333333333323222221000111
1212111211121211111111111211112111111111211011111111121222222223233332332322223233322322222111111112333232333332322100100100233333333333323333333333333321110000
2111111112111111121111211111111112111111111011112111111122222332332333323222222221201222111111111212323333232333322101001012323333333333333332323233333333100100
1121212111112112111121112111112111211111111111111000011212122323333322222222211111222221111111111111112233333323232210000023333233323333333333333232333333321112
2111111112111121111111111121111111112111101101011100001112132333333223222121122123233332211111111111111111222232223201010221222222232232323232333333323332333233
1211211211112111212112121111212111111111211000101000000022123323222222212121121232333332322211111121111111111222222210101233322222222332333233222222323223222323
2111111112111211111111111211111121121121111100000000000012123332222222212212121223232332322111111111112111111111211110002333333222222232323332333232322232232323
1112121111211112111211211112112111111111111110000000000111222222222221221212211223233323233212111121111121111111112111212222333322223222232333323323232223232323
2111111211112111121111112111121111111211111010000000001112122232222122122122120113333333232211121111111111121111121121121222233332322223223223333333233322222323
1212111112111211111121111211111112111111211110000000111112222322222212212121221112332323333311111211111212111211111212112212222333222232222322332323332333323223
2111211211112112121111211121111111121111100101100000111112122222221222122121211103333332332212112111212111111112111121221222223233321222322232223233233323232322
1121112112111121111211112111211112111101111000001111111212122222222212212212121013323233233211111212121121221121111121121212222333231122222223322323222332333323
2111121121121111111111111112111111111111100101110101112121212222221222121212220333333333333122122121212112112212211121212122222223332102222322223222332323223232
1211111111111211212112112111111211111121100000111212111122223221212212121211211233233232322211212121211122121212121112222212122223233322232222322232223223232323
2111112112121121111111111111211111111111100002212221212232122222222221211121221333333333331222222212111221112121212121212212222222333232222322332223222232323232
1211121111111111211211121111111111121111111121222222222232232322221212121112112233232323212222122222221222112122121112221222212222323322222222233232323232232323
1112111211121121111112111211121111111111111111222323223233323222122121111111112133333333122211212221212222111212221211212212222122323330223222222323232223232232
2111111121111111212121121111111121111111112112123232223233332322221111110001112133233320322211122122121222121212112121221221212222232333122222322323223222223223
1212121111212111111111111121121111121111111112232222222322232121112121101100112213232022211111212222122222121222111122122222222222223223302222222223323323222322
2111211211111121121121112111111211211121111111222222223233222222211211111010112121220111101111212211112221121211011112221222121222222323322232232322322323232232
1121111121121111211211211121111121111111011112222213232322222221121111111000011122210100000011112121001220221220101112221212212221222232233222322222232323223222
2111112111112111121111111111212111111111111111221222232222212212111121110100000011000000000001212221002220122210011122122221221222222223323332222223223232332323
1121211212121121111111121111111111111110111001221322222222221222111111111010011111000000000001121211002220112100001122222222121222222232232332222222323323232322
2111111111111112121211111211112121111111111011112223222222212211111111110100001112100100000001221010012220022100000122222121221212122223232323333222232232322232
1121212121121211111112121112111111111211100001012222222221121122110111101100001120221111000000221000001210012100000022222222121212222222323333233332223232233232
2111111111121111212121111111121112112111110001111222222222121212101101111000011113233220100000221000001220001110000012222212212221212223232323333232222223322323
1212112112111121111111211211111211111111110000011222122221121121101101001000112032332321112100110000001220001000000012232222222212222222232333323332323223232322
1111121111121111121121111112111111121111111000011212122221121111100111000000021133333332112210010000000220000100000012322212221222222223223233333323222222323233
2112111121111212111211112111111111111112111000011112121221110101011101000000012023323323121222220000000110000000000123232222222222222222232323332333232322232223
1211121111212111111111121111111121111211111101000212111222110110001010100000001233333332223222211000000120000000022232322323222222222222322333233323322222223222
2111112121111112121211111112112111211111111010101012012221110010000100000000001232332332222222211000000111000002222232323223223222222222232323333333232223222332
1112111111121211111112111111111111111111111001000112112012000101000000000000000233333323223312121000000011000122223233232323232232222232232323333323333222223223
2111121121111111211211112121211112111211111100100012011102001001000001000000000223332332223222220000000000001223232323232323323322232323232332332333233322222222
2112111111212112111112111111111211111111211100010102211101100000000001000000000233233322223312211000000000022232323233232232222223232323332323233323333332222222
1211212112111111121211212112111111112111111100000001110200000110100001000000000223333231223322220000000012222322223232323223222232323233232323233233233333222232
2111111211112112111111111211121112111211111100000000000010000010111101000000000123323222122322100001122222222223232332322322222223233323233233311232332333332222
1121211112111111121121211111111211112111111110000000000010000021012100000000000022333222223220001222222222232322323323223232222333332333323323201233333233233232
2111112121121212112111111121121111211111111111000000000000000011011110000000000022332222223200022222222232222232323232322222232232233232323323210332323323333322
1121211111211112111121112111111111111211211111100000000000000022111210000000000022223222222102222222222322323232323222232323233323333332333233223332332333332333
2111121211112111121111121111112112111111111111100000000000000021121110000000000001222222320122222222322223233232322332323232323233233233323323332232323232333333
2111111121211121112121111112111111121111111211110010000000000122211010000000000000122222000222222232223232332323233223323323333332333333323332232323233233232333
1212121112111112111111112111121211112121121111111010000100000122222100000000000000000100001222322222322333333333333333333333323333333323332323333323333333333233
1111111211211211112112121121111112111111111111111110000110000122222100000000000000000000012232222223333333233333333333333323233233332333233233323333323232332333
2121211111121112111211111111111211121111111111111111000010010112222101000000010011110000012321100012333323333323333333333333333333333333333333333233233333233323
1111121212111211211121212111211111111121211111111101100011001022221111211112121212222122223200000123233333323232323233333333333333333333333323232332332323323233
2121111111121111112111111211112112111111111111111111111112001212222311122222122222123232222210112332222222232222222223323333333333333323323333323323333323233333
2111211121111211121112121121111211111211111112111111111101110112222322112112002222212222322222212112222222222222222222233333333333333333232322332333232333322323
1121112111211112111111111111211111111111111111111111111111111101223221221211112322222123333322111121212121212212221222222233333333333333333233232323323232333233
2111211121112112112112121111112111112121121111111111111110110000122322212222121223222122323221111111111211211221112212221223333333333333333323232323233233223332
1121121111211111121111111211111121111111111211111111111111111101122222212222211332231111332212111111121111111111211111122222333333333333323333333233232323323233
2112111211121211111212111112121111121111111111111111111111111110112111122221212133332222212111010111111111111111111212111222233233333333333332323332323332323323
1211112112111121211111211111111121111111121111111111111111111111111111111111122122221111221111001011111111111111121111212122233333333333333333232323333232323233
1112121111121111112121111211112111121121111112111111111111111111111111111111101121110112111110101111011111111111111111211221233333333333333333333233233333332332
2111111211211212111111111112111112111111211111111121111111111111111111111111111101010111111010101001101011011111111111112122123333333333333323323232322232333333
1212121121121112121121211111121211111111111111121111111111111111011111110101101111101111011010110101010101101110111111111212223333332333332333333333323323223333
2111111112112111112111111212111111112112121111111121111111111111111011011111110101101111001010010101010101010111111111112112122333333333233333333333332332332223
1121212111111212111121121111111112121111111212111111111111111111101111111110101110011110010001000000000011011010111101111121222333333333333333323333333333233232
2111111121121111212111112121112111111211111111111111111111111111111101110101111010211110100100101010101100101101010111111112222333333333333333333233333333323323
1121211211211121111121211111211111111111112111111111111111111111011111121111111111111001000011000001000010100011111111111211212233333333333333332332333323333333
2111121111111111212111112111111211211112111121112111111111111111110112211211111111100100000100010100011001001000101011111121222233333333333233333333323333333323
2121111112121111111212111121121111121111111111111111111111111111111121112122221111111110000000000000000100101110110111111121222333333333333333333333333332323333
1112121211111212121111121112111111111111211121111111211111111110000101011221222221111110000001010010010010010010101101111112222233333333333333332333333233333323
2121111112121112111112112111212112112111112111111121111111111111000000122211212121212120000000000000001001001010110111111211212233323333333333232332333333232233
1211212111211211112121111111111111111121111111212111111111111100000001122121222212221210000000000001000000101001001101111121222323333333333233333233323333333333
2111111121111112111211212111111211111111111211111111111111110000000111211221211111122110000000100100010001000101101011111112222233333233333333333332333232333333
1121211211212111211121111121212111111111211111111111111111111000011121221222112121210100000000000000000100010010101101111121122233333333333333333333323332322222
2111121112111211121111121111111112111211111111111111111211110112111112122121212121110000000000000000010001001010110111111112222233333333333333332323233333233111
2112112111112112112112111212121111111111121121211211111111001211001212112122122221000000000000000000000000010001001110111121212333333333333333333233332323310000
1211211121211111211121121111111211211121111211111111111110012100011212121122221100100000000000000001000100001101101011111112122233333233333333333323223321000001
2112111211112121112111111211211111111111111111111112111110021000002121200112010001000000000000000000010001010010011011111121222333333332333333333333333300000000
1121121112111211211112121121111211121111111111111111111101000000012121000011110100000000000000000000000000000101010110111121222333323333323332333333333232322322
2111112111211111121211111111121121111211212111111211111000000000111001000011000000000000000000000000000010101001011111111122222333333233333233233232110101111122
1212121121121212111121212112111111112111111111121111111000000001000000000010000000000000000000000001001000000101010111111212123333333332333332332310000010000000
2111111112111111121111111211112121111111121121111111110000010000000000000000100000000000000000000000000010100100011011111122222333333333233332333220000012100000
1212121211121212111212121111211111212111211111111111110000000000000000000001000000000000000000000000001000010101101110112212233333333323333233223321100001222322
2111111121111111212111211121112112111121111111121111110001000000000000000010000000000000000000000000100001001010110111111122223333333333333323232332323333332333
1212121111212121111121112111111111111111111111111111110000000000000000000100000000000000000000000000000100101010101101112122233333333333333332333222333232333232
2111211212112112121211211111211212111121212111211111110000000000021000000100000000000000000000000000000000100101011011211222223333333333333333331112232332323333
1212112111211111111121112112121111112111111112111111110000000000010000010000000000000000000000000000000100001001010111111212333333333333333333332000111122332323
2111211121121212121211111211111211111111111111111111110000000000100011000100000000000000000000000000000000110101011111121222333332333233333333333210000001112222
1211112112111111111112111121121111211121121121111111100000000001000100000000000000000000000000000000000101001010110111112223333333333333333333333332200000000001
2112121211121212121211212111211111121111111111121111110000000000001100100000000000000000000000000001000000100101111111212222333333332333333233333333322100000000
1211111112111111111121111211111212111211111112111112100000000000011010001000000000000000000000000000001010100110110111121223333333233332333333233333333300000000
2112121211212121212112112111212111212111121111111211100000000000111001000000000000000000000000000000100010010010111111222233333333333333322333333233333322100000
1211121112111211121111111111111211111111111111111111100000000001101010010000000000000000000000000000000101011111011112112233333333323333333233232332322332322211
2112112111211112111100121212112111112112111121112111100000000011110001000000000000000000000000000010010001001001111111222233333233333333333333233233222222222322
1112111211112111212011111111111121211111112111111111100000000110001100000000000000000000000000000000001010101101111112222133333333333333333233233323211111212111
2121121121211211110011112121121111111211111111111111100000001000101000000000000000000000000000000001000010010101111121221133333333333333333333333233211001010110
2112112111121121200111211111111212111111211211121111100000000000001010101000000000000000000000000000010000101011111122210013333333233333333333333333310000000000
1211121121211111000111112121211111121111112111111111100000000000000100000000000000000000000000000101001010101110121212201103333323333333333333333333332200000000
2112111211112121011001211112112111111211211111111111100000000000010001000000000000000000000000000001000110101011121122110103333333333323332333333333333332332220
1111211112121110001000112111121112111121111121111112100000000000000100000000000000000000000000010000010001011111122122010023323333333333333333333332333233233333
2121121211111100100000011121211121121111121111111211000000000000000010000000000000000000000010100001001010111111221220101133333332323333323332323333333333333333
2111211121211001010000001111111111111112111111121111100000000000000000100000000000000000000000010100001010011011122211001133333333333233233233333233233333333333
1211112111111010000000000121121111111211111211111111100000000000000101000000000000000000000011000001000101010121222110100323333333333333333323323332333333333333
2121211212110010000001000011211121211111111111211111100000000000000000000000000000000000000000000000011010111111122100111233332333333333333332233323323323332333
1111121111100101001010000001111211121111121111111111000000000000000010000000000000000000000000001010010101111121212011012333333333323333223233323323233333233333
2121211211001000100000001000121112111121121111211121000000000000000000000000000000000000000000000100101111111112211010102333333332333333333222233333332323333233
1121111110010010000000100000011111111111111121111110000000000000000000000000000000000000000000010000100010111121211001013333333233333333333333333323233232323333
2112121100101000000000000000001121112112111111111110000000000000000101000000000000000000000000001001011111111212201101113233323333333333333332323333333333232323
1211211001010000000010000000100111211111121121121110000000000000000000000000000000000000000000000001000011111222010101003333333333333332322222232233233333333333
2111110010000000000100000010000011112112111111111110000000000000000001000000000000000000000000010010111111111211110101013323333333332233233323223233333333333233
1212100100000001000000100000000001111111121121111100000000000000001000000000000000000000000001000010101111112220101011012333233333233333332222323222333233333333
2111101010000100000000000100001000112121112111121110000000000000000100000000000000000000000001000010111011122011010001001333333323333332323323232332333333333333
1211001000000000100100000000100000011111211111111100000000000000010000000000000000000000000101000011011111121101010101101323333333332332232232322322333333333333
2110010001000000000001001000000001001112111112111100000000000001101000000000000000000000001010001001111111120010111010012333333333333232322323233232323323323333
1101010000000000001000000101001000000111121111111110000000000112121221100000000000000000010100001010101112111111101001103333332332323323323232232223233333333333
1101110000000000000000010000000000101011111211121100000000000121212121221000000000000000010000010101111112201010010110113333233333333332232323233332333332333333
2011211000001001000001000000100100000001121112111110000000000101011112212210000000000010110000101010111112111101101001033233333323232223232332322232332333333323
2112112100000000001000010010000010000100111121111110000000001000000000021121000000000101001001010101111211010101010110123332333233333333232323233233233332332333
1211121100000000000000000000000000100000011111121110000001010000000000001222210000001101100000101011111121011011011010233333333332332332222232323232332333333333
2112111210000000100010000001010100010101001111211110000010101001000000000012120100110010100010110110112111101011010101333232332333323232333232233223232233233323
2121212111000000010000010100001001000000010111112110001101000000000000000001222001001010000001011101121110101101101011233333333322332323223232322323322323332333
1111111211100000000001000001000000010101000011211110011010101000000000000001112110110101000111101111121111010110011012333232332333333332323232332322323233333333
2212121121100001000000010100000010000100001001111110111100000000000000000010121101011010001101011111121101011010101103323332323232332323232323222232232323232323
1121112111210000010010000000101001001000100000111111110101000010000000000000011111000100010111111011211011101101110103333233333233223232322322323232323232333323
2112121121111000000100001010000000010001000100011111100100010000000000000101001010111000011101111111111010101010101023323332323333332323233232223232322323233232
1211112112121100010000100001010100001000010001001111010010000000000000000000110111001100111111111112201010110101010133323333333233333332322323223223232322323332
2112121111111100000000100100000010010110100100100101010000010000000000000010101101111001111111111211323221011011010232333232323323323233332323232322323232232233
1211112121212110001010000000001001000000010000000111010000000000000000000011010101111111111111112122333332101101011332332333333333333232232323232323222323233232
2112121112112121000000010010001000010010001010010100001001000000000000001010101011101111111111121113233323332010110233323233232332333323223322323232232322322323
1212111211211111000001001000100101001001000100001101100000000000000000010101010111111111121212112223332333323211002332333232232323232322323232323232322323232333
2111211121121212100000000010001000100100100010101000001010000000000000110101010112112121112112121222333332333322013333332332323232223232232322232232232322323223
1212112112111211110001001000010010010010010100101101000000000000000000101010101112111111211212121222323333333333223232333332232223323233232232322323222232232333
2111211211212112121000000000000010001001000001001010100000000000000011011011021112121212121121122222333233232332323333233333223232232323323222323232332323223222
1212112112111121111100001001001001010100010010010000000000000000000001010101111111121111111111122311233332333333333333333232322323233232223233222323223232323230
2111211211121211212100010000100100100010000101101010100000000000000110101111101111211111111000212222132333333233232323333323232232323323232322332322322323223211
1212112112111121111110000010000100000000010000010000001000000000000010110111111111100100000002212222233323323333233333333332323222323332323232232332232323232200
2111211121121112121211000010100010101101001011010100100000000000011010101111111110000000000022322122223332333323323332333333211323223222232232323223232232323010
2121121112112121121111000000010100010000001000100000000000000000000110111111111100000000001122221222223323322333232333333323301222323233323232322323232322231001
2112112111211121211212100001000000100100100010000010000000000000110101111111111100000000101122121212223332323223232323233333220022232322322232232322232323220010
1211211212112111121121110000000101000001010101010100000000000000011011111101111000000111101121221121223232233323213233333333322012323233233233232333223232201000
2111121121121212112112111001010100101000101010100000000000000101101111110111120000011011111121121212123233323232222333223233332112232323222322323223233323100101
1212112111211111211121121000000010000011010010000100100000001000101111111111111000001111101121122112123322323331122323333333333011323222333232322332322321101001
2112121121121211121111211100001000010101001100100000000000000011101111111111210100000111011112112111222333232232122233232233233111223232322332332323233220010010
1212111211211212112121112110000101000101101000001000000000100101011111111111111010100111101111111222123323323322112323323223333300122323233232322323223210100000
2111211121121111211211211111000100010100100101000000000000001011112111111111111101110110001111111211122333232232122233223232333300122322323232323232332100001010
1212121211211212121121121211000000010101010000100000000001010101111111111112111110111010010012111111122323223232122223322322323220122232323232232323232010101001
2121112121112111211212111121100010101011011000000000000000011111111111111111111111100111000101111111122333313231122233322323323330113232323232332323220101001010
2112121112121121121111212112110000000111111211100000000000101111211111111111111111111101011101110111112223312322212223312232323230122322323323232233301000100001
2121112121112112112121121111210000000112121111111000000001111111111111112111111111111110010101111111121333212232112223312232333331022323323232332322101001010100
1211212112121211211211211212112000001112112121211110001011111111111111111111111111101111011011110111111223312231122222322233232332012323232323232322100100101010
2121121121111121121121121121111000001211211111212112000011111111111111111111111111111111101000101011111232322222212223321232323333012323233332333230010101001010
2112112112121212112112111211210000111111111111111211210111111111111111211111111111110111110100011111110223320222111222321233233233112232323232232210010010110001
2121211212112111211211212112100111211212121111011121111121111111111111111111111111111111111011011011101123221222112222331223323323202323232333323001010000001010
2111121121121121121121211211121112111111111211111112121211111111111111111101111111111111111101101101011113322022211213230223232333212232333223231010100110101001
1212112112112121212111121112212121121212121111111101111110111111111112111110101111111111111110110100110012230122201213221123332332302323232333310101010100101101
2121211211211211111221211111211112111111111111111111222111010111111111110111111111111111111111110110111111232201201122321123332333312333233232200101010010010010
2111212121121121221111121212121211211211111111111211111221101011111111111101010111111111111011101101101001123111211122331123323223212233232322111001001001010101
2121121112112112112121211121211111111121121111121112112121110110111111110111110111111111111111111010101101122220120112320122322323212323233230000101010110010101
2121211211212121211121111210000000001111111111111211111112111011111111011110111011111111011111101101101101011321110112221122331233202333323210110101010001001010
1211211212111211121211210000000000002222111111211112121221201111111111101111101101011111111111111110110101011222111012321123222223122332323101010110100110101001
2121121121212112112112000000000000122222211211112111211121210111111110111101110101011111111110111111010110110122111101222112322122122323331001010001010101010010
2112112111121121211210000000000001222222232111121121212121121111111111110111111101010111111111111011111001110112211110222013211221123332220101010101001101001010
2121211212112111121100000000000012222222222221112112121222211111111011110111001110101111111111101101101110101111222011221012312131233323210110010010110010101010
2112121211211212112100000000001122222222222222121121212112221111111110011101111101010011110110111111111011010101121201121012221121232332010010101101010100010010
2121112121212112121000000000011112122122223222211211121221211111010101110110110111101100111111110111011110111011112111121112111122233221011011010010010101101011
2112121112111211111000000000111211212222222223222121212112221111111110101111101101010011111111111011101011101101111111111202211112332210101010101001101010100100
2121112121121121210000000001111121121121222322222121211212121110101010110100110101101010001111111101111111111101001111102102211122232101010010101110101010010101
2112121212112121110000000011112111212112222222322121212222211111010110010111010010110100101101111111101010110111011111111111112223320011011001010000101001001010
2121121112121212110000000111211121112121112222222212112121211110110101101001101101001010010011110110111111111011101010110111212222201101101110101011100110101010
2112112121112111210000001121112111111121212222322221212122121101011101011101010101101101010101111111111110111110111011011111121222011010101010110101001001101001
1212121211211212110000012112121212112112121222223222122212110101010010100101010010100010101000011111111111110111101101010011122211101101110110100110101010010110
2112112112121211110000121211211111111111212122232322211222111010101101011010101001011010000101011101101101111011010110101011121110110101010101101010010101100101
2121211211211212110001212121112111111212121222223222122211111100110010100100101010001001110010011111111111011111111101011111110111011011011010101011010110101010
2112121121121121210011211212111121121112121222222322212121101010010100100101001010100100010001000111101101111010110111110101001101101010101110101001101010101101
2121112121212112110022121111211111111211212122232232222210110101001010010100110100111010101100101011111111101111011101011110111100110110110010111010110111010010
2112121211211211211212121212112111112121212122223222212110001010100101010011001010000001010010000101110110110101110111101011010111011011011010101101010001010100
2121211212121212111221212112111111211112121212223222221211100010101001001000101001011010001001001000110101111101011010111110101101100101010110101010101101011011
2112121121112111122121211211111121112121212122232222221211110000101010100110000101000101100000100100001011110111101101110111111011011110101110011101011010101010
1211212112121212121221121121121111111212121222222222221121121100010100010101010010101000010101000011100111111101111110101101101101110110110010100101101001100101
2121121212112111212212112112111112121212121122222221011111111110000011001000101000101010100000100100010111101111101011011011111011011001011011011010101011010110
2121211211211212212121211211111111212112121212221100021212121111100000100110100101000100010100000000001110111011111101101101101110101111101110101011010101001101
2112121121212112121211121111121212121221212111100000012111111211111001011000010100100010010000101000011111111110101110110110111011101010110010101100110110111010
2121112121121121221212112112111112111121212210000000111211211112111100000101010010010100100101000100011111110111111011011111101101110111011111011011011010000101
2112121112111222121121211211112121212211212100000000121111121211111110001000100101000100000100001010110111011111111111101010111010011101101001110101101101111101
1212112212121212212121111121112112121122122100000001111121211112112111100000010010000010010000100000111111111110111010111011111111110110101110001101010101010011
2121211121112221212112121111211212121212121000000001112111111111121111110001001000101001001010000101111110111011111111101110101010101010110101110101011010101010
2121122111122122121211112121121121211222221000000011211121211121111112111100000100010000100001011001111111111111011110111011010101111011010101010101101010101001
2112111211222222222122111111212121222112210000000111121112112112112111111110001001001010101010010011111111111101011011010101111111010110101101010101011010010101
2121221111111212212122122121112121112122200000001121112111121112111112111111100001010100001000010111011111110111101101101111101011011110101011011010110101011010
2121112101111122222121211111212121221222100000121212111212112111121121111111110000100001000010100111110111111111111111110101010101101011101010001101010110110111
2112211010111111212112122212121212122221100112112111212111211112111111121211111100000100010100101101111111111110111011011110111110111111101101110101011001010101
2121121000011111212221211111211211212121112111211121111121112111112112111111121110010000000011101111111101110101101110101011110101110001011101011010101101101100
2112110001001011121221122122122122122212121212111111211111211211211111111112111111100010101001011111111111011111111011111101011111101110101101101111010100110011
2121210000000111111212212121122122222211111111121212112121111121121111211111111111110000000010011110111111111110101110110111101001111011010010101001101010101001
2121210000000000111222221212212112122121221212121211121111212111111211121111111212111100001010111111111011110111111110111101011011011101111110101010010101101110
2121110000000000011111222221221222221121111121111121211211111112112111111211121111111111001010111111111111011111011101111011010111110110101011010101111010101010
2112100000000000000112212222212212221212121211212111111121121211111111121112111111111111100111111111111111111111101111101011111101001010110101111100100101010101
2121200000000000000011222122221222211111121112112121212111211112121121111111111111111111101001111111111111111101111110111111010111111101101101000110101010101010
2112110000000000000001112222122222121212112121211112111211112111111111211211111111112111100111111111110110110111101111101101111001011011101010110011011011110110
2121210000000000000000122222222222121121211111121211212112121121112111111112121121111111111111111111111111111110111011111111011111011101011011010101101101010010
2121110000000000000000112222222222112111121212111211211121112111121111211211111111111111011101111111111101111111111110110101110101010101010110101010110110101010
2112120000000000000000011222232211211212112111212112112111211121211111111111111111111111111111111111111111111101111111011101011111110111011110110101010101010101
2121211000000000000000011222222221121121211212121121111121112111111212112112121111111111111111111111011111111111110111110111101011011011110101101101010101010110
2121121000000000000000011122222212112112121121111112121111211121111111121111211111111211111111111111111111110111111111011101111111101100101110110111001110101011
2121212100000000000000001122222111211211112112121211112121121111121212111111111112121111111111111111111111111111011101111111010101111011110101101101110101010101
2121211200000000000000011122221212121121211211112112121112112121111111112121111111111111111111111111111111111111110111101011111110101110011110101010011011101010
2121212120000000000000001112212121112112121121211211211211111112112111211111121121111111111111111111111111111101101111111111011111110101101011010101101001011010
2121212112000000000000011111211212121211212112121121121121212121121121112111111111111211111111121111111110111111111110110111110101010111101101111110101111010101
2121211211210000000000001111121112112121111211121112111112111211111211111211211211111111111212111111111111110111011011111110111111011110110110101010110101010110
2121121221121100000000010112121212121112121122112121121211212112121112121111112111121111111111111111111111111111111110101011011101111011011011010110100101010101
2121212112112111100001111211212121112121121211212112111121111211211111121112111112111112121111111111111111111011111011011111101111101111110110101011011001010011
2121212121211212121211121212111212121212121121111211212112121121112121111211121211111211111111111111111111111111111111111111011110110101011111111010111111010100
2112121212121212112121212112121211211111212112212121121211121121111211211112111211112111111111111111111111111111110111111111110111111011001010101110101001010101
2212121121212121212112111212121121121221112121121112111121211211211111121121112111211111111111111111111111111111111111010110111011010111111101110101111110111111
2121212121121211211211221211112121212112211211211211212112111112112112112111211111111121111111121121111111111011101111111101110111111110010101010110101101100010
2121121212121121212121121122212112111211121121121212111211212111211121121111112112111112111121111111111111111111111110110111101101101011110111011110101010011011
2121212112121212121212121211121211212121212121211121212121111212111211211111211111111211121111111111111111111111111101111111111111111110111011111011010111101101
