3333333333333333333333133333333333333333333333333333333333333333333333333333333333333333333333333333333333333333333333333333333333333333333333333333333333333333
3333333333333333333331112333333333333333333333333333333333333333333333333333333333333333333333333333333333333333333333333333333333333333111333333333333333333333
3333333333333333333311110133333333333333333333333333333333333333333333333333333333333333333333333333333333333333333333333333333333333331111133333333333333333333
3333333333333333333111011111333333333333333333333333333333333333333333333333333333333333333333333333333333333333333333333333333333333111110133333333333333333333
3333333333333333331111110111133333333333333333333333333333333333333333333333333333333333333333333333333333333333333333333333333333331111011113333333333333333333
3333333333333333311101011101113333333333333333333333333333333333333333333333333333333333333333333333333333333333333333333333333333311101110111333333333333333333
3333333333333333111111110111011133333333333333333333333333333333333333333333333333333333333333333333333333333333333333333333333331111111011101133333333333333333
3333333333333331110101011101111113333333333333333333333333333333333333333333333333333333333333333333333333333333333333333333333311110101110111113333333333333333
3333333333333311111111110111101011333333333333333333333333333333333333333333333333333333333333333333333333333333333333333333333111011111011101011333333333333333
3333333333333311010101011110111111113333333333333333333333333333333333333333333333333333333333333333333333333333333333333333311111110101110111110133333333333333
3333333333333111111111110111101010111333333333333333333333333333333333333333333333333333333333333333333333333333333333333333111101011111011101011113333333333333
3333333333311110101010111010111111101133333333333333333333333333333333333333333333333333333333333333333333333333333333333311110111110101111111110111333333333333
3333333333311111111111101111101010111111333333333333333333333333333333333333333333333333333333333333333333333333333333333111111101011111010101011101133333333333
3333333333111010101101111010111111101011133333333333333333333333333333333333333333333333333333333333333333333333333333331110101111110111111111110111113333333333
3333333331111111110110101111101101111101113333333333333333333333333333333333333333333333333333333333333333333333333333111111110101011101010101011101011333333333
3333333311101010111111111011110110101111011133333333333333333333333333333333333333333333333333333333333333333333333331111010111111110111111111110111111133333333
3333333111111111101010101110111111110101110113333333333333333333333333333333333333333333333333333333333333333333333311101111010101011101010110111101101113333333
3333331110101010111111111011010101011111011111333333333333333333333333333333333333333333333333333333333333333333331111111011111111110111111101101111011013333333
3333311111111111101010101111111111110111110111111111111111111111111111111111111111111111111111111111111111111111111110101110101011011101101111110101111111333333
3333111010101010111111111010101010111101011111111111111111111111111111111111111111111111111111111111111111111111111111111011111110111110110101011111010101133333
3331111111111111101101011111111111101111111121111111111111111111111111111111111111111111111111111111111111111111112111111110101011101011111111110111111111013333
3311101010101101110111110101010101110111112111111111111111111111111111111111111111111111111111111111111111111111111112111011111110111110101010111101010101111333
3211111111111011011101011111111111011111111111111111111111111111111111111111111111111111111111111111111111111111111111111111010111101011111111101111111111011133
3110101010101111110111110101101011111111211211111111111111111111111111111111111111111111111111111111111111111111111211211111111101111110110101110101010101110113
2111111111111010111101101111011111111121111112111111111111111111111111111111111111111111111111111111111111111111111111112111111110101011101111011111111111011111
3301010101011111010111111101111011112111121111111111111111111111111111111111111111111111111111111111111111111111111121111121111111111110111101110101010101110103
3333111111110101111101010111011111111112111211111111111111111111111111111111111111111111111111111111111111111111111111212111211110101111101111011111111111011333
3333331011011111011111111101110111211211111112111111111111111111111111111111111111111111111111111111111111111111111121111111112111111010111011110110101101133333
3333333311110101110101010111011111111111211211111111111111111111111111111111111111111111111111111111111111111111111111112121111110101111101101011101111013333333
3333333330111111011111111101110111212111111111111111101110111011101110111011101110111011101110111011101110111011111121211111211111111010111111110111101133333333
3333333333301011110101010111011111111121121121111110111111111111111111111111111111111111111111111111111111111111111111111121112111011111101010111101113333333333
3333333333333110111111111101111021121111111111111111111111111111111111111111111111111111111111111111111111111111111121121111111111101010111111101110333333333333
3333333333333331101010101111011111111121212112111111111111111111111111111111111111111111111111111111111111111111111111111211211111111111101101110133333333333333
3333333333333333111111111011101111211111111111111111111111111111111111111111111111111111111111111111111111111111111121121111112110101010111011011333333333333333
3333333333333333330101101110111011112112111211111111111111011101110111011101110111011101110111011101110111011101111111111121111111111111101111133333333333333333
3333333333333333333311111011101112111111121111111111111011111111111111110111111101111111011111111111111111111111111121121111211111010101111013333333333333333333
3333333333333333333331011110111111112112111121111110111111111111111100010100000101000001010011111111111111111111111111111211112111111111011133333333333333333333
3333333333333333333333330111101111111111112111111111111111111111111101101011110101011101010111111111111111111111111121121112111110101011133333333333333333333333
3333333333333333333333333101110111211211211111111111111111111111111101010100010101010010101011111111111111111111111111111111121111111110333333333333333333333333
3333333333333333333333333331011111111111111211111111111111111011101101010101010101010101010111111011101110111011111121121211111111010133333333333333333333333333
3333333333333333333333333333311012121212111112111111111111101111111110101010101011010101010111111111111111111111111111111112112111113333333333333333333333333333
3333333333333333333333333333333111111111121111111111011101111111111101010101010101101010101011111111111111111111111121121111111110333333333333333333333333333333
3333333333333333333333333333333311111111111121111101111111111111111101001010101010010101010110111111111111111110111111111112111113333333333333333333333333333333
3333333333333333333333333333333311111111111111011011110110110110101100101001001001011100100011101010101010101011111111111111111133333333333333333333333333333333
3333333333333333333333333333333311111110111011101111011101111101111010100111010101111010011011111111111111111110101011011101011133333333333333333333333333333333
3333333333333333333333333333333310101011101101111011110111010111101101010001010011100101000110101010101010101011111110110111110133333333333333333333333333333333
3333333333333333333333333333333311111110111110101110111101111101111100101101001110010010110011111111111111111110101011111101011133333333333333333333333333333333
3333333333333333333333333333333310101011101011111011010111011110101010100010111010101010001011010101010101010111111110101111110133333333333333333333333333333333
3333333333333333333333333333333311111110111110111111111101110111111101010101110101001001010110111111111111111101010111111010111033333333333333333333333333333333
3333333333333333333333333333333311010111101011101010101111011010101100101001001001010101010011110101101010101111111101011111011133333333333333333333333333333333
3333333333333333333333333333333311111101111110111111110101111111111010100101010100101010101011011111011111111010101111101011110133333333333333333333333333333333
3333333333333333333333333333333310101110101011101010111111010101011101010101001010100100010101110101111011011111111010111110111133333333333333333333333333333333
3333333333333333333333333333333311111011111110111111101011111111110100100100101001010011001011011111011101101010101111101011010133333333333333333333333333333333
3333333333333333333333333333333311011110110111101101111110101010111101010010100101001000101011110111101111111111111010111111111133333333333333333333333333333333
3333333333333333333333333333333311101011101101111011010111111111101111111111111111111111111110111101110101010101011111101101010133333333333333333333333333333333
3333333333333333333333333333333311111110111110101111111010101101110110111111111111111111111011101110111111111111110101111011111133333333333333333333333333333333
3333333333333333333333333333333310101011101011111010101111111011011111101010101010101101101110110111010101010110111111011110110133333333333333333333333333333333
3333333333333333333333333333333311111110111110111111111011011111110101111111111111110111011011111011111111111101101011101011101133333333333333333333333333333333
3333333333333333333333333333333311010111101111010101011110110101011110101010101010111101111110101110101010101111111101111110111033333333333333333333333333333333
3333333333333333333333333333333311111101111011111111110111111111110111111111111111101111010111111011111111111010101110101011101133333333333333333333333333333333
3333333333333333333333333333333311010111011101010101011010101010111010101101010101110101111101011110101101011111110111111110111133333333333333333333333333333333
3333333333333333333333333333333311111101101111111111111111111111101111111011111111011111010111110111111011110101011101010111101033333333333333333333333333333333
3333333333333333333333333333333310101111110101010110101010101010111011011111011011110101111101011010101111011111110111111101111133333333333333333333333333333333
3333333333333333333333333333333311111010111111111101111111111111101110110101110110111111011011111111111011110101011101010111010133333333333333333333333333333333
3333333333333333333333333333333311011111010101101111011010110101111011111111011111010101111111010101011101011111110111111101111133333333333333333333333333333333
3333333333333333333333333333333311101011111111011011101111011111011110101011110111111111010101111111110111110110111101101111010133333333333333333333333333333333
3333333333333333333333333333333311111101010101111101111011111111111011111101111111111101111111010110111111111111010111011011111133333333333333333333333333333333
3333333333333333333333333333333310101111111111010111011101011111111110110111111111111111101011111101101111111101111101111101010133333333333333333333333333333333
3333333333333333333333333333333311111010101011111101101111111111111011101111111111111111111110101111111111111111011111010111111133333333333333333333333333333333
3333333333333333333333333333333311011111111110101111110101111111111110111111111111111111101011110101011111111101110101111101101033333333333333333333333333333333
3333333333333333333333333333333311101010110111111010111111111111111011101111111111111111111110111111111111111111011111010111011133333333333333333333333333333333
3333333333333333333333333333333311111111101101011111010101111111111110111111111101111111111011101011111111111111110101111101111033333333333333333333333333333333
3333333333333333333333333333333310101010111111101011111111111111111111101111111110111111111110111101111111111101011111011111011133333333333333333333333333333333
3333333333333333333333333333333311111111101010111101011011111111111010111111110111011111111011101111111111211111110101110101110133333333333333333333333333333333
3333333333333333333333333333333311010101111111101111110111111111111111111111111101111111111110111011111111111110111111011111011133333333333333333333333333333333
3333333333333333333333333333333311111111010101111010111111111111111101011111111011011111111011101111111111111111010101110101110133333333333333333333333333333333
3333333333333333333333333333333311010101111111011111011111111111111111111111111111111111111110111111111111111101111111011111011133333333333333333333333333333333
3333333333333333333333333333333311111111010101101011111111110111111010101111110101011111111111101111110111111111011011110111110133333333333333333333333333333333
3333333333333333333333333333333310101101111111111101011111111111111111111111111111111111111010111111111111111111101110111101011133333333333333333333333333333333
3333333333333333333333333333333311111011101010101111111111101111111101101111111010101111111111111111110111111101111011101111110133333333333333333333333333333333
3333333333333333333333333333333311011110111111111011111111111111111110111112111111111111111101111111111111111111011110110101011133333333333333333333333333333333
3333333333333333333333333333333311101011101101011101111110101111111111111111110101101111211111111111010111111110110111111111110133333333333333333333333333333333
3333333333333333333333333333333311111110111011110111111111111111111010111111111111011111111011111111111111111111111010101010111133333333333333333333333333333333
3333333333333333333333333333333310101011101111011111111111111111111111101111110101111111111111111111111111111111011111111111101033333333333333333333333333333333
3333333333333333333333333333333311111110111101110111111111111111111111111111111111111111111101111111111111111111110101010101111133333333333333333333333333333333
3333333333333333333333333333333311011011110111011111111111111111121111011111111010101112111111111111111111111111111111111111010133333333333333333333333333333333
3333333333333333333333333333333311101110111101110111111111111111111111111111111111111111110111111111111111111111101010101011111133333333333333333333333333333333
3333333333333333333333333333333311111011101111011111111111111111111111011111111010111111111011111111111111111111111111111110101033333333333333333333333333333333
3333333333333333333333333333333310101110110101110101111111011111111101111111111111111111111101011011011011111111010101010111111133333333333333333333333333333333
3333333333333333333333333333333311111011111111011111010101111111111111010111111111111111101111110111110111121110111111111101010133333333333333333333333333333333
3333333333333333333333333333333311011110101011110101111111010111111101111111111111111111111010111101011111111111110110101111111133333333333333333333333333333333
3333333333333333333333333333333311110111111110111111010101111111111111011011111111111111101111010111111111111101011101111010101033333333333333333333333333333333
3333333333333333333333333333333311011010110111010101111111011111111011101111111111111111111011111101101011111111110111101111111133333333333333333333333333333333
3333333333333333333333333333333311111111101101111111010101110111101110111010111111111101011101010111011111011010111101111010101133333333333333333333333333333333
3333333333333333333333333333333310101010111111011011111111011101111011101111101111101111101111111101110101110111010111011111111033333333333333333333333333333333
3333333333333333333333333333333311111111101011101110101011110110101110111010111010111010111010110111011111011101111101101010101133333333333333333333333333333333
3333333333333333333333333333333311010101111101111011111110111111111011101111101111101111101111101111110111110111101111111111111133333333333333333333333333333333
3333333333333333333333333333333311111111010111011110101011010101011110111011111010111010111010111010111101011110111010101011010133333333333333333333333333333333
3333333333333333333333333333333311010101111101101011111111111111101011101110101111100000111111101111010111110111101111111110111133333333333333333333333333333333
3333333333333333333333333333333311111111010111111110110101010101111110111011110000000000101010111011111101011101111010101011110133333333333333333333333333333333
3333333333333333333333333333333310101011111101010111011111111111010111101100000000000000011111101110101111110110101111111110111033033333333333333333333333333333
3333333333333333333333333333333311111110101111111101110101011011111100000000000000000011110110111011111010111111111010110111011133000333333333333333333333333333
3333333333333333333333333133333311011011111010101111011111110110000000000000000001111101011101111110101111010101011111011101110130000010033333333333333333333333
3333333333333333333333333000010011101110101111111011110110100000000000000000111111101111110111010111111011111111101011110111011130000000001033333333333333333333
3333333333333333333333333000000000000011111010101101010000000000000000011000000000000000000000000000000000000000000000000011110133300000000000333333333333333333
3333333333333333333333333000000000000000000011111000000000000000001111111000000000000000000000000000000000000000000000000010111133333300000000100333333333333333
3333333333333333333333333333300000000000000000000000000000000111110110110000000000000000000000000000000000000000000000000000000000000010000010000010333333333333
3333333100010001000100010001000000000000000000000000000011111111011101111111111111111111100000000000000000000000000000000000000000000000003300000000001333333333
3333333000000000000000000000000100000000000000000001111111011011110111010110110110110110100000000000000000000000000000000000000000000000013333300000000003333333
3333333000000000000000000000000000010000000000011111111011111101011111111111111101111011100000100000000000000000001000000000000000000000003333333100000033333333
3333333333333333333333333333333311111111111111111101011110101111110101010101010111011110111111111111111111111111111111111111111133333333333333333333300033333333
3333333333333333333333333333333311101111111111010111101011110101111111111111111101110111101110110111111111111111101101111111101133333333333333333333333333333333
3333333333333333333333333333333311011010101011111101111110111111010101101011010111011101111011111101101010101010111111011010111033333333333333333333333333333333
3333333333333333333333333333333311111111111101011111011011101101111111011111111111110111011110101111011111111111101011110111101133333333333333333333333333333333
3333333333333333333333333333333311010101010111110101110111110111010101111010101010111101101011111011111011011011111110111101111133333333333333333333333333333333
3333333333333333333333333333333311111111111101101111011110111101111111011111111111101111111110110110101111101110101011101111010133333333333333333333333333333333
3333333333333333333333333333333311011011011111111101111011101111101101110110110110111010110111111111111010111111111110111011111133333333333333333333333333333333
3333333333333333333333333333333311111111110101011011101110111010111111111101111111101111111101011010111111110101101111101110110133333333333333333333333333333333
3333333333333333333333333333333311010101011111111111111111101111110110101111010101111101010111111111101101111111111010111111111133333333333333333333333333333333
3333333333333333333333333333333311111111111011010110101011111101101111111011111111010111111110101011011111010110101111110101011033333333333333333333333333333333
3333333333333333333333333333333311011011011111111111111110110111111010111110111111111111011011111111110110111111111101111111111133333333333333333333333333333333
3333333333333333333333333333333311111111110101101010110111011111111111101011111111111110111111011010111111111101011011010110101133333333333333333333333333333333
3333333333333333333333333333333311010101111111111111111101111111111011111111111111111111110111111111101111111111111111111111111033333333333333333333333333333333
3333333333333333333333333333333311111111011011011101101111101111111110110111111111111111111101101101111011111111011011011011011133333333333333333333333333333333
3333333333333333333333333333333311011101111111110111111011111111111111111111111111112111110111111111101111111111111111111111111133333333333333333333333333333333
3333333333333333333333333333333311110111101101111110111110111111111101101111111111111111111110110110111111211110101101101101101133333333333333333333333333333333
3333333333333333333333333333333311111111111111011011111111111111211111111111211111111121111111111111111111111111111111111111111033333333333333333333333333333333
3333333333333333333333333333333311011101101101111111111111111121111111111121111110111111111011111112111121121111111011011011011133333333333333333333333333333333
3333333333333333333333333333333311110111111111101111211121112111111211101111111011111111111111112111112111111121111111111111110133333333333333333333333333333333
3333333333333333333333333333333311111110110111111111112111211111211111111112111111111112111111211112111111112111110110110110111133333333333333333333333333333333
3333333333333333333333333333333311011111111101101111111111111111111111111111111110111111111111111211111112111111111111111111111133333333333333333333333333333333
3333333333333333333333333333333311111111111111111111211111111121121111111211111111111121121111111111111111121111111111111111111133333333333333333333333333333333
3333333333333333333333333333333311111111111111111111112111111111111111111112111111111111111111112111111111111111111111111111011133333333333333333333333333333333
3333333333333333333333333333333311111101101111111111111111111111211111111111111111111112111111111111111111211111110110110111111133333333333333333333333333333333
3333333333333333333333333333333311111111111111111111111211111111111111111121111111111111111111111211111111111111111111111111111133333333333333333333333333333333
3333333333333333333333333333333311111111111111111111112111111121211111111112111111111212121111111121111112121111111111111111111133333333333333333333333333333333
3333333333333333333333333333333311111111111111111111111121111112111111111211211111111111211111111112111111112111111111111111111133333333333333333333333333333333
3333333333333333333333333333333321111111111111111111111212211212121111112121111111112121211111111212121122211111111111111111111133333333333333333333333333333333
3333333333333333333333333333333312121212121212112112121121121211212121211212121212112121121212121211212111121212121212121212121233333333333333333333333333333333
3333333333333333333333333333333322222122212221222222212212212222122122122122222122221222212221222122212222222222222222222221221233333333333333333333333333333333
3333333333333333333333333333333321212221222122212121222221221212212212222212121221212212122122212221221212121212121212121212212233333333333333333333333333333333
3333333333333333333333333333333322221212212212122212212122122221221222121222122212222122221221221212222222212221222122122122221233333333333333333333333333333333
3333333333333333333333333333333321212221221222212122122212221212222121222121221221212212122122122221212121222122121221221221212233333333333333333333333333333333
