0000000000000000000000000000000000000000000000000000000000000000000000000000000000000000000000000000000000000000000000000000000000000000000000000000000000000000
0000000000000000000000000000000000000000000000000000000000000000000000000000000000000000000000000000000000000000000000000000000000000000000000000000000000000000
0000000000000000000000000000000000000000000000000000000000000000000000000000000000000000000000000000000000000000000000000000000000000000000000000000000000000000
0000000000000000000000000000000000000000000000000000000000000000000000000000000000000000000000000000000000000000000000000000000000000000000000000000000000000000
0000000000000000000000000000000000000000000000000000000000000000000000000000000000000000000000000000000000000000000000000000000000000000000000000000000000000000
0000000000000000000000000000000000000000000000000000000000000000000000000000000000000000000000000000000000000000000000000000000000000000000000000000000000000000
0000000000000000000000000000000000000000000000000000000000000000000000000000000000000000000000000000000000000000000000000000000000000000000000000000000000000000
0000000000000000000000000000000000000000000000000000000000000000000000000000000000000000000000000000000000000000000000000000000000000000000000000000000000000000
0000000000000000000000000000000000000000000000000000000000000000000000000000000000000000000000000000000000000000000000000000000000000000000000000000000000000000
0000000000000000000000000000000000000000000000000000000000000000000000000000000000000000000000000000000000000000000000000000000000000000000000000000000000000000
0000000000000000000000000000000000000000000000000000000000000000000000000000000000000000000000000000000000000000000000000000000000000000000000000000000000000000
0000000000000000000000000000000000000000000000000000000000000023220000000000000000000000000000000000000000000000000000000000000000000000000000000000000000000000
0000000000000000000000000000000000000000000000000000000000000032123200000000000000000000000000000000000000000000000000000000000000000000000000000000000000000000
0000000000000000000000000000000000000000000000000000000000000130001220000000000000000000000000000000000000000000000000000000000000000000000000000000000000000000
0000000000000000000000000000000000000000000000000000000000000210000023000000000000000000000000000000000000000000000000000000000000000000000000000000000000000000
0000000000000000000000000000000000000000000000000000000000000310000002200000000000000000000000000000000000000000000000000000000000000000000000000000000000000000
0000000000000000000000000000000000000000000000000000000000001200000001300000000000000000000000000000000000000000000000000000000000000000000000000000000000000000
0000000000000000000000000000000000000000000000000000000000002200000000300000000001200000000000000000000000000000000000000000000000000000000000000000000000000000
0000000000000000000000000000000000000000000000000000000000003000000000300000000003100000000000000000000000000000000000000000000000000000000000000000000000000000
0000000000000000000000000000000000000000000000000000000000003000000000300000000012000000000000000000000000000000000000000000000000000000000000000000000000000000
0000000000000000000000000000000000000000000000000000000000022000000001300000000022000000000000000000000000000000000000000000000000000000000000000000000000000000
0000000000000000000000000000000000000000000000000000000000021000000003100000000030000000000000000000000000000000000000000000000000000000000000000000000000000000
0000000000000000000000000000000000000000000000000000000000030000000032000000000220000000000000000000000000000000000000000000000000000000000000000000000000000000
0000000000000000000000000000000000000000000000000000000000210000001310000000000300000000000000000000000000000000000000000000000000000000000000000000000000000000
0000000000000000000000000000000000000000000000000000000000111112132100000000000300000000000013332100000000000000000000000000000000000000000000000000000000000000
0000000000000000000000000000000000000000000000000000000000133222210000000000002200000000001230002320000000000000000000000000000000000000000000000000000000000000
0000000000000000000000000000000000000000000000000000000000000000000000000000002100000000023100000010000000200000000000000000000000000000000000000000000000000000
0000000000000000000000000000000000000000000000000000000000000000000000000000002100000000030000000000000000310000000000000000000000000000000000000000000000000000
0000000000000000000000000000000000000000000000000000000000000000000000000000002100000000220000000000000000300000000000000000000000000000000000000000000000000000
0000000000000000000000000000000000000000000000000000000000000000000000000000000000000000210000000000000001200000000000000000000000000000000000000000000000000000
0000000000000000000000000000000000000000000000000000000000000000000000000000000000000000210000000000000002200000000000000000000000000000000000000000000000000000
0000000000000000000000000000000000000000000000000000000000000000000000000000000000000000230000000000000002100000002300000000000000000000000000000000000000000000
0000000000000000000000000000000000000000000000000000000000000000000000000000000000000000013211011000000003000012232100000000000000000000000000000000000000000000
0000000000000000000000000000000000000000000000000000000000000000000000000000001101110000000122322100000013233332100000000000000000000000000000000000000000000000
0000000000000000000000000000000000000000000000000000000000000000000000000001232323232320000000000000000012000000000000000000000000000000000000000000000000000000
0000000000000000000000000000000000000000000000000000000000000000000000000232200000000123000000000000000023000000000000000000000000000000000000000000000000000000
0000000000000000000000000000000000000000000000000000000000000000000000022210000000000002200000000000000032200000000000000000000000000000000000000000000000000000
0000000000000000000000000000000000000000000000000000000000000000000001321000000000000000310000000000000120310000000000000000000000000000000000000000000000000000
0000000000000000000000000000000000000000000000000000000000000000000023100000000000000000130000000000000220130000000000000000000000000000000000000000000000000000
0000000000000000000000000000000000000000000000000000000000000000012332210000000000000000021000000000000210023000000000000000000000000000000000000000000000000000
0000000000000000000000000000000000000000000000000000000000000000133323030000000000000000013000000000000000002210000000000000000000000000000000000000000000000000
0000000000000000000000000000000000000000000000000000000000000000333332112000000000000000003000000000000000000220000000000000000000000000000000000000000000000000
0000000000000000000000000000000000000000000000000000000000000001333233002000000000000000002100000000000000000022000000000000000000000000000000000000000000000000
0000000000000000000000000000000000000000000000000000000000000001323321013100000000101000001200000000000000000003100000000000000000000000000000000000000000000000
0000000000000000000000000000000000000000000000000000000000000002322110023210000233322200002200000000000000000001300000000000000000000000000000000000000000000000
0000000000000000000000000000000000000000000000000000000000000003111322331000013333310220002100000000000000000000100000000000000000000000000000000000000000000000
0000000000000000000000000000000000000000000000000000000000000013000013100000033323330020003000000000000000000000000000000000000000000000000000000000000000000000
0000000000000000000000000000000000000000000000000000000000000031000021001100033233321021012000000000000000000000000000000000000000000000000000000000000000000000
0000000000000000000000000000000000000000000000000000000000000130000003001200021333320020012000000000000000000000000000000000000000000000000000000000000000000000
0000000000000000000000000000000000000000000000000000000000000232100001232100022011000120022000000000000000000000000000000000000000000000000000000000000000000000
0000000000000000000000000000000000000000000000000000000000001313332100000000002200012210030000000000000000000000000000000000000000000000000000000000000000000000
0000000000000000000000000000000000000000000000000000000000002200122333111000000132131000130000000000000000000000000000000000000000000000000000000000000000000000
0000000000000000000000000000000000000000000000000000000000003000000122333322100000100000120000000000000000000000000000000000000000000000000000000000000000000000
0000000000000000000000000000000000000000000000000000000000022000000000002233333221100000310000000000000000000000000000000000000000000000000000000000000000000000
0000000000000000000000000000000000000000000000000000000000030000000000000000112323300001300000000000000000000000000000000000000000000000000000000000000000000000
0000000000000000000000000000000000000000000000000000000000130000000000000000000000000002200000000000000000000000000000000000000000000000000000000000000000000000
0000000000000000000000000000000000000000000000000000000000310000000000000000000000000002100000000000000000000000000000000000000000000000000000000000000000000000
0000000000000000000000000000000000000000000000000000000001200000000000000000000000000013000000000000000000000000000000000000000000000000000000000000000000000000
0000000000000000000000000000000000000000000000000000000002200000000000000000000000000012000000000000000000000000000000000000000000000000000000000000000000000000
0000000000000000000000000000000000000000000000000000000003000000000000000000000000000031000000000000000000000000000000000000000000000000000000000000000000000000
0000000000000000000000000000000000000000000000000000000012000000000000000000000000000030000000000000000000000000000000000000000000000000000000000000000000000000
0000000000000000000000000000000000000000000000000000000022000000000000000000000000000220000000000000000000000000000000000000000000000000000000000000000000000000
0000000000000000000000000000000000000000000000000000000021000000000000000000210000000300000000000000000000000000000000000000000000000000000000000000000000000000
0000000000000000000000000000000000000000000000000000000021000000000000000000200110001200000000000000000000000000000000000000000000000000000000000000000000000000
0000000000000000000000000000000000000000000000000000000030000000000000000000200210002100000000000000000000222100000000000000000000000000000000000000000000000000
0000000000000000000000000000000000000000000000000000000021000000000000000001100200003000000000000000000002101220000000000000000000000000000000000000000000000000
0000000000000000000000000000000000000000000000000000000020000000000000000002000200013000000000000000000012000012000000000000000000000000000000000000000000000000
0000000000000000000000000000000000000000000000000000000021000000000000000002000300012000000000000000000030000012000000000000000000000000000000000000000000000000
0000000000000000000000000000000000000000000000000000000021000000000000000012001200022000000000000000000210000012000000000000000000000000000000000000000000000000
0000000000000000000000000000000000000000000000000000000030000000000000000012002100021000000000000000001200000021000000000000000000000000000000000000000000000000
0000000000000000000000000000000000000000000000000000000021000000000000000021002000022000000000000000003000000020000000000000000000000000000000000000000000000000
0000000000000000000000000000000000000000000000000000000030000000000000000020012000022112121211000000021000000210000000000000000000000000000000000000000000000000
0000000000000000000000000000000000000000000000000000000021000000000000000030020000022222212223320000220000001200000000000000000000000000000000000000000000000000
0000000000000000000000000000000000000000000000000000000030000000000000000120020000030000000000023012200000012000000000000000000000000000000000000000000000000000
0000000000000000000000000000000000000000000000000000000021000000000000000110210000030000120000002321000000120000000000000000000000000000000000000000000000000000
0000000000000000000000000000000000000000000000000000000021000000000000000300200000000000020000002200000000210000000000000000000000000000000000000000000000000000
0000000000000000000000000000000000000000000000000000000012000000000000002102100000000000010100131000000002200000000000000000000000000000000000000000000000000000
0000000000000000000000000000000000000000000000000000000003000000000000222001210000000002232323310000000031000000000000000000000000000000000000000000000000000000
0000000000000000000000000000000000000000000000000000000012000000000012110000030000000022100001132100000310000000000000000000000000000000000000000000000000000000
0000000000000000000000000000000000000000000000000000000003000000000021000010012000000000000000002310000222220000000000000000000000000000000000000000000000000000
0000000000000000000000000000000000000000000000000000000002100000000022121030002100000000000000000031000000030000000000000000000000000000000000000000000000000000
0000000000000000000000000000000000000000000000000000000002200000000001122032222000000000000000000013100000021000000000000000000000000000000000000000000000000000
0000000000000000000000000000000000000000000000000000000000310000000000002310010000000000013000000001300000021000000000000000000000000000000000000000000000000000
0000000000000000000000000000000000000000000000000000000000220000000000000000000000000000012000000000210022220000000000000000000000000000000000000000000000000000
0000000000000000000000000000000000000000000000000000000000031000000000000000000000000000000000000000210001210000000000000000000000000000000000000000000000000000
0000000000000000000000000000000000000000000000000000000000013100000000000000000000000000000000000000210000030000000000000000000000000000000000000000000000000000
0000000000000000000000000000000000000000000000000000000000002210000000000000000000000011000000000000210000021000000000000000000000000000000000000000000000000000
0000000000000000000000000000000000000000000000000000000000000131000000000000000000000020000000000000210000021000000000000000000000000000000000000000000000000000
0000000000000000000000000000000000000000000000000000000000000013100000000000000000000000000000000001312211220000000000000000000000000000000000000000000000000000
0000000000000000000000000000000000000000000000000000000000000013310000000000000000000000000000000003100112100000000000000000000000000000000000000000000000000000
0000000000000000000000000000000000000000000000000000000000000021032000000000000000000000000000000013000000000000000000000000000000000000000000000000000000000000
0000000000000000000000000000000000000000000000000000012100000210032321000000000000000000000000000130000000000000000000000000000000000000000000000000000000000000
0000000000000000000000000000000000000000001321000000021220001200210022321000000000000000000000003210000000000000000000000000000000000000000000000000000000000000
0000000000000000000000000000000000000000001313320000020021012001200000113321100000000000000000232000000000000000000000000000000000000000000000000000000000000000
0000000000000000000000000000000000000000002100123100021003030003000000000022323000121000000123210000000000000000000000000000000000000000000000000000000000000000
0000000000000000000000000000000000000000003000001310003000300030000000000000012100323211113220000000000000000000000000000000000000000000000000000000000000000000
0000000000000000000000000000000000000000003000000120002100000210000000000000012002100132221000000000000000000000000000000000000000000000000000000000000000000000
0000000000000000000000000000000000000000003000000130001200001200000000003310021002000000000000000000000000000000000000000000000000000000000000000000000000000000
0000000000000000000000000000000000000000012000000120000300013000000000011021120012000000000000000000000000000000000000000000000000000000000000000000000000000000
0000000000000000000000000000000000000000022000002310000120130000000000012003200030000000000000000000000000000000000000000000000000000000000000000000000000000000
0000000000000000000000000000000000000000021012232000000013200000000000002000100110000000000000000000000000000000000000000000000000000000000000000000000000000000
0000000000000000000000000000000000000000021131222000000000000000000000002100000300000000000000000000000000000000000000000000000000000000000000000000000000000000
0000000000000000000000000000000000000000021000013100000000000000010000000210001200000000000000000000000000000000000000000000000000000000000000000000000000000000
0000000000000000000000000000000000000000030000000320000000000000120000000120002100000000000000000000000000000000000000000000000000000000000000000000000000000000
0000000000000000000000000000000000000000031000000022000000000000210000010013002000000000000000000000000000000000000000000000000000000000000000000000000000000000
0000000000000000000000000000000000000000013000000013000000000000120000030001321000000000000000000000000000000000000000000000000000000000000000000000000000000000
0000000000000000000000000000000000000000003100000012000000000000210000120000100000000000000000000000000000000000000000000000000000000000000000000000000000000000
0000000000000000000000000000000000000000000331111231000000000000210000030000000000000000000000000000000000000000000000000000000000000000000000000000000000000000
0000000000000000000000000000000000000000000012322200000000000000120000120000000002221100000000000001221100000000000000000000000000000000000000000000000000000000
0000000000000000000000000000000000000000000000000000000000000000130000130000000001122332221210000000213233222120000000000000000000000000000000000000000000000000
0000000000000000000000000000000000000000000000000000000000000000022101310000000000000121122210000000000131122220000000000000000000000000000000000000000000000000
0000000000000000000000000000000000000000000000000000000000000000002323100000000000000130000000000000000030000000000000000000000000000000000000000000000000000000
0000000000000000000000000000000000000000000000000000000000000000000010000000000000000120000000000000000030000000000000000000000000000000000000000000000000000000
0000000000000000000000000000000000000000000000000000000000000000000000000000000000000220000000000000000120000000000000000000000000000000000000000000000000000000
0000000000000000000000000000000000000000000000000000000000000000000000000000000000000210000000000000000120000000000000000000000000000000000000000000000000000000
0000000000000000000000000000000000000000000000000000000000000000000000000000000000000210000000000000000120000000000000000000000000000000000000000000000000000000
0000000000000000000000000000000000000000000000000000000000000000000000000000000000000000000000000000000000000000000000000000000000000000000000000000000000000000
0000000000000000000000000000000000000000000000000000000000000000000000000000000000000000000000000000000000000000000000000000000000000000000000000000000000000000
0000000000000000000000000000000000000000000000000000000000000000000000000000000000000000000000000000000000000000000000000000000000000000000000000000000000000000
0000000000000000000000000000000000000000000000000000000000000000000000000000000000000000000000000000000000000000000000000000000000000000000000000000000000000000
0000000000000000000000000000000000000000000000000000000000000000000000000000000000000000000000000000000000000000000000000000000000000000000000000000000000000000
0000000000000000000000000000000000000000000000000000000000000000000000000000000000000000000000000000000000000000000000000000000000000000000000000000000000000000
0000000000000000000000000000000000000000000000000000000000000000000000000000000000000000000000000000000000000000000000000000000000000000000000000000000000000000
0000000000000000000000000000000000000000000000000000000000000000000000000000000000000000000000000000000000000000000000000000000000000000000000000000000000000000
0000000000000000000000000000000000000000000000000000000000000000000000000000000000000000000000000000000000000000000000000000000000000000000000000000000000000000
0000000000000000000000000000000000000000000000000000000000000000000000000000000000000000000000000000000000000000000000000000000000000000000000000000000000000000
0000000000000000000000000000000000000000000000000000000000000000000000000000000000000000000000000000000000000000000000000000000000000000000000000000000000000000
0000000000000000000000000000000000000000000000000000000000000000000000000000000000000000000000000000000000000000000000000000000000000000000000000000000000000000
