3333333333333333333333333333333333333333333333333333333333333333333333333333333333333333333333333333333333333333333333333333333333333333333333333333333333333333
3333333333333333333333333333333333333333333333333333333333333333333333333333333333333333333333333333333333333333333333333333333333333333333333333333333333333333
3333333333333333333333333333333333333333333333333333333333333333333333333333333333333333333333333333333333333333333333333333333333333333333333333333333333333333
3333333333333333333333333333333333333333333333333333333333333333333333333333333333333333333333333333333333333333333333333333333333333333333333333333333333333333
3333333333333333333333333333333333333333333333333333333333333333333333333333333333333333333333333333333333333333333333333333333333333333333333333333333333333333
3333333333333333333333333333333333333333333333333333333333333333333333333333333333333333333333333333333333333333333333333333333333333333333333333333333333333333
3333333333333333333333333333333333333333333333333333333333333333333333333333333333333333333333333333333333333333333333333333333333333333333333333333333333333333
3333333333333333333333333333333333333333333333333333333333333333333333333333333333333333333333333333333333333333333333333333333333333333333333333333333333333333
3333333333333333333333333333333333333333333333333333333333333333333333333333333333333333333333333333333333333333333333333333333333333333333333333333333333333333
3333333333333333333333333333333333333333333333333333333333333333333333333333333333333333333333333333333333333333333333333333333333333333333333333333333333333333
3333333333333333333333333333333333333333333333333333333333333333333333333333333333333333333333333333333333333333333333333333333333333333333333333333333333333333
3333333333333333333333333333333333333333333333333333333333333333333333333333333333333333333333333333333333333333333333333333333333333333333333333333333333333333
3333333333333333333333333333333333333333333333333333333333333333333333333333333333333333333333333333333333333333333333333333333333333333333333333333333333333333
3333333333333333333333333333333333333333333333333333333333333333333333333333333333333333333333333333333333333333333333333333333333333333333333333333333333333333
3333333333333333333333333333333333333333333333333333333333333333333333333333333333333333333333333333333333333333333333333333333333333333333333333333333333333333
3333333333333333333333333333333333333333333333333333333333333333333333333333333333333333333333333333333333333333333333333333333333333333333333333333333333333333
3333333333333333333333333333333333333333333333333333333333333333333333333333333333333333333333333333333333333333333333333333333333333333333333333333333333333333
3333333333333333333333333333333333333333333333333333333333333333333333333333333333333333333333333333333333333333333333333333333333333333333333333333333333333333
3333333333333333333333333333333333333333333333333333333333333333333333333333333333333333333333333333333333333333333333333333333333333333333333333333333333333333
3333333333333333333333333333333333333333333333333333333333333333333333333333333333333333333333333333333333333333333333333333333333333333333333333333333333333333
3333333333333333333333333333333333333333333333333333333333333333333333333333333333333333333333333333333333333333333333333333333333333333333333333333333333333333
3333333333333333333333333333333333333333333333333333333333333333333333333333333333333333333333333333333333333333333333333333333333333333333333333333333333333333
3333333333333333333333333333333333333333333333333333333333333333333333333333333333333333333333333333333333333333333333333333333333333333333333333333333333333333
3333333333333333333333333333333333333333333333333333333333333333333333333333333333333333333333333333333333333333333333333333333333333333333333333333333333333333
0000000000000000000000000000000000000000000000000000000000000000000000000000000000000000000000000000000000000000000000000000000000000000000000000000000000000000
0000000000000000000000000000000000000000000000000000000000000000000000000000000000000000000000000000000000000000000000000000000000000000000000000000000000000000
0000000000000000000000000000000000000000000000000000000000000000000000000000000000000000000000000000000000000000000000000000000000000000000000000000000000000000
0000000000000000000000000000000000000000000000000000000000000000000000000000000000000000000000000000000000000000000000000000000000000000000000000000000000000000
0000000000000000000000000000000000000000000000000000000000000000000000000000000000000000000000000000000000000000000000000000000000000000000000000000000000000000
0000000000000000000000000000000000000000000000000000000000000000000000000000000000000000000000000000000000000000000000000000000000000000000000000000000000000000
0000000000000000000000000000000000000000000000000000000000000000000000000000000000000000000000000000000000000000000000000000000000000000000000000000000000000000
0000000000000000000000000000000000000000000000000000000000000000000000000000000000000000000000000000000000000000000000000000000000000000000000000000000000000000
0000000000000000000000000000000000000000000000000000000000000000000000000000000000000000000000000000000000000000000000000000000000000000000000000000000000000000
0000000000000000000000000000000000000000000000000000000000000000000000000000000000000000000000000000000000000000000000000000000000000000000000000000000000000000
0000000000000000000000000000000000000111111111111111100000000000000000000000000000000000000000000000000000001111111111111111100000000000000000000000000000000000
0000000000000000000000000000000000112121212122122121212110000000000000000000000000000000000000000000000001111121212212212121212100000000000000000000000000000000
0000000000000000000000000000000012212112121211211212121121100000000000000000000000000000000000000000000112122112121121121212121121100000000000001111010000000000
0000000000000000000000000000011212121212112121212112112121211100000000000000000000000000000000000000012121211212112121212121121212111000000000000101200000000000
0000000000000000000000000001121211211211212121121212121212121111000000000000000000000000000000000011212121121212121212121121212112121111000000000111110000000000
0000000000000000000000000112121212121212121121212121212112121212110000000000000000000000000000000121212112121211212112112121121212121211100000000000000000000000
0000000000000000000000001212121121212121212121211211211212112121211000000000000000000000000000012121121212121121211212121212121121121212210000000000000000000000
0000000000000000000000021212112121121121121211212121212121212121122100000000000000000000000000121212121212112121212121212112112121212121121000000000000000000000
0000000000000000000000121121212121212121211212121212121121121212112110000000000000000000000011211211211211212121121211211212121212112112121100000000000000000000
0000000000000000000001212121121212112112121212112112112121212112121211100000000000000000000012121121212121212112121121212121212112121212112210000000000000000000
0000000000000000000112121212121121212121212112121211212112121212121121110000000000000000001121121212121212121212121212121211211212121211212121100000000000000000
0000000000000000000212112112112121121212110100001112121212112121121212211000000000000000012121212121121121121212101000001121121212112121211212100000000000000000
0000000000000000001211212121212112121100000000000000112121212112121211212100000000000000121212121212121212121100000000000000121211212112121211210000000000000000
0000000000000000011121211212121212100000000000000000000111211212112121212110000000000001112112112112112121100000000000000000000121211212121121211000000000000000
0000000000000000112121212121121210000000000000000000000000121212121212121121000000000011212121211212121100000000000000000000000001212121121212121100000000000000
0000000000000000212121212112121100000000000000000000000000011211212112112111100000000112121211212121211000000000000000000000000000012121212121121210000000000000
0000000000000001211211211212111000000000000000000000000000000121211212121221200000001121121121212121110000000000000000000000000000001212112112121211000000000000
0000000000000011212121212121200000000000000000000000000000000012121211212112110000001212121212121212000000000000000000000000000000001121212121212111000000000000
0000000000000021212121121211000000000000000000000000000000000001121212121212121000011212112121121110000000000000000000000000000000000011211212112121000000000000
0000000000000121121121212120000000000000000000000000000000000000021121211211211200112112121212112100000000000000000000000000000000000001121211212121100000000000
0000000000001121212121211210000000000000000000000000000000000000002121121212121111121212121121211000000000000000000000000000000000000000121212121121100000000000
0000000000001121211212121100000000000000000000000000000000000000000212121121212121212121121212110000000000000000000000000000000000000000112121212121200000000000
0000000000001212121211212000000000000000000000000000000000000000000112112121121212121121212112100000000000000000000000000000000000000000011211211212110000000000
0000000000001121121121211000000000000000000000000000000000000000000011212121211211212121211211000000000000000000011111100000000000000000002121121211210000000000
0000000000001212121212110000000000000000000000000000000000000000000002121212121212112112121210000000000000000000021212100000000000000000001121212121211000000000
0000000000011212112121200000000000000000000000000000000000000000000000121121212121212121212100000000000000000000012121100000000000000000001121211212121000000000
0000000000011211212112100000000000000000000000000000000000000000000000112121121121121211211100000000000000000000021212100000000000000000000121121211211000000000
0000000000012121212121100000000000000000000000000000000000000000000000011212112121212121121000000000000000000000012121100000000000000000000112121212121000000000
0000000000012112121212000000000000000000000000000000000000000000000000001121212121211212120000000000000000000000021121100000000000000000000121212121212100000000
0000000000012121211211000000000000000000000000000000000000000000000000000212121211212121200000000000000000000000112121200000000000000000000021211211211100000000
0000000000112121121212000000000000001212121212121212121210000000000000000111211212121121100000000000000001121212121212121212120000000000000012121212121100000000
0000000000111212121121000000000000001121212121212121212110000000000000000112121211212121000000000000000001112121212112112121210000000000000012112121212100000000
0000000000112112121211000000000000001212112112112112111210000000000000000012121121211211000000000000000001121211211212121211120000000000000012121121121100000000
0000000000112121212121000000000000001211212121211212121110000000000000000011212121121211000000000000000001121121212121212121210000000000000012121212121100000000
0000000000111212112111000000000000001212121211212121212110000000000000000112112121212121000000000000000001121212121211211212120000000000000012112121212100000000
0000000000021211212121000000000000001212112121212112121210000000000000000111212112121121100000000000000001121211211212121211210000000000000021212112112100000000
0000000000012121211212000000000000001111111111111111111100000000000000000212121212112121200000000000000000111111121212111111110000000000000021121212121100000000
0000000000021212121211000000000000000000000000000000000000000000000000001121211211212121120000000000000000000000012112100000000000000000000112121212121100000000
0000000000011211212122100000000000000000000000000000000000000000000000002121121212121212111000000000000000000000021211100000000000000000000121211211212000000000
0000000000012121211211100000000000000000000000000000000000000000000000021212121212121121212100000000000000000000012122100000000000000000000121121212112000000000
0000000000002112121212100000000000000000000000000000000000000000000000211211212112112121211100000000000000000000021211100000000000000000001112121121211000000000
0000000000001212112121210000000000000000000000000000000000000000000001212121211212121211212110000000000000000000012121100000000000000000001212121212121000000000
0000000000001211212112110000000000000000000000000000000000000000000012121121121212121121212120000000000000000000021121200000000000000000001121212121120000000000
0000000000001121212121212000000000000000000000000000000000000000000021121212121211212121212121100000000000000000000000000000000000000000012121121121210000000000
0000000000001212121211211100000000000000000000000000000000000000001112121212121121212121121121210000000000000000000000000000000000000000111212112121100000000000
0000000000000212112121212110000000000000000000000000000000000000002121212112112111121121212121121000000000000000000000000000000000000000121212121212100000000000
0000000000000121212112121211000000000000000000000000000000000000112121121212121200112121211212121100000000000000000000000000000000000001212112121121100000000000
0000000000000111211212121211000000000000000000000000000000000000211212121121212000011211212121212100000000000000000000000000000000000011211212112121000000000000
0000000000000012121212112121100000000000000000000000000000000011212121212121120000011212121211211211000000000000000000000000000000000112121211212121000000000000
0000000000000001212121212112110000000000000000000000000000000112121121121212110000001121211212121211100000000000000000000000000000001212121212121211000000000000
0000000000000001112112121212121100000000000000000000000000011211212112121121100000000112121211212121211000000000000000000000000000111211211212121110000000000000
0000000000000000121212112121121110000000000000000000000000112121211212112121000000000011212121211212121100000000000000000000000001121121212121121200000000000000
0000000000000000011211212112121211100000000000000000000011212112121212121210000000000001121121121211212121000000000000000000000112121212121121211000000000000000
0000000000000000001212121212121212111000000000000000011121121212121212121100000000000000112121212121211212111000000000000000011121121211212121210000000000000000
0000000000000000000212112121121212121211111000011111212112121211211211211000000000000000012121212121121211212111111000111112121212121121212112100000000000000000
0000000000000000000111212112121121212121212122121212121212121121212121210000000000000000001121121121212121212122121212111211212121212121211212000000000000000000
0000000000000000000012121212112121121121212112112121121212112121212121100000000000000000000112121212121212121211211212121212121121121212121211000000000000000000
0000000000000000000001121121212121212121211212121121211211212121121121000000000000000000000012121211211211211212121211212121212112121121121210000000000000000000
0000000000000000000000012121212112121211212121212121212121212112121200000000000000000000000000112121212121212121121121212112112121212112121000000000000000000000
0000000000000000000000001211211212112121212121121211212121211212121000000000000000000000000000011212121212121121212121211212121212112121210000000000000000000000
0000000000000000000000000112121212121121121212121121211211212121200000000000000000000000000000000112112112112121212121121212121121212121100000000000000000000000
0000000000000000000000000001212121212121211211212121121212121211000000000000000000000000000000000011212121212112112112121211212121211211000000000000000000000000
0000000000000000000000000000111211212112121212112121212121121110000000000000000000000000000000000000211212121212121212121121212112121100000000000000000000000000
0000000000000000000000000000000112112121212121212112121121110000000000000000000000000000000000000000001112112121212121212121211211110000000000000000000000000000
0000000000000000000000000000000000121212112112121212112110000000000000000000000000000000000000000000000001121121121121121212121110000000000000000000000000000000
0000000000000000000000000000000000000112121212112121110000000000000000000000000000000000000000000000000000001112121212121121100000000000000000000000000000000000
0000000000000000000000000000000000000000001010110000000000000000000000000000000000000000000000000000000000000000001011010000000000000000000000000000000000000000
0000000000000000000000000000000000000000000000000000000000000000000000000000000000000000000000000000000000000000000000000000000000000000000000000000000000000000
0000000000000000000000000000000000000000000000000000000000000000000000000000000000000000000000000000000000000000000000000000000000000000000000000000000000000000
0000000000000000000000000000000000000000000000000000000000000000000000000000000000000000000000000000000000000000000000000000000000000000000000000000000000000000
0000000000000000000000000000000000000000000000000000000000000000000000000000000000000000000000000000000000000000000000000000000000000000000000000000000000000000
0000000000000000000000000000000000000000000000000000000000000000000000000000000000000000000000000000000000000000000000000000000000000000000000000000000000000000
0000000000000000000000000000000000000000000000000000000000000000000000000000000000000000000000000000000000000000000000000000000000000000000000000000000000000000
0000000000000000000000000000000000000000000000000000000000000000000000000000000000000000000000000000000000000000000000000000000000000000000000000000000000000000
0000000000000000000000000000000000000000000000000000000000000000000000000000000000000000000000000000000000000000000000000000000000000000000000000000000000000000
0000000000000000000000000000000000000000000000000000000000000000000000000000000000000000000000000000000000000000000000000000000000000000000000000000000000000000
0000000000000000000011111000000000011111111100000000001111111100000000000011110000001111000001111111111111110000111110000000111100000000011111000000000000000000
0000000000000000000021212100000000012121121212100000002121211212110000000121210000001121000001212121121211210000111210000000121100000011212121211000000000000000
0000000000000000000112111100000000012112121121120000002112121211212100000112110000001212000002112112121121210000121121000000212100000111212121211100000000000000
0000000000000000000212122110000000021211111212121000001212111121211100000111210000001121000001212121212121120000112121100000121100001212111011212110000000000000
0000000000000000000121211210000000012120000011211100011211000002121210000121210000001212000000000011211000000000112121200000211100001121200000121210000000000000
0000000000000000001121121210000000012110000011212100002122000000121210000112110000001121000000000011211000000000112112110000121100001212100000112120000000000000
0000000000000000001211021121000000021210000001211100001211000000112110000111210000001212000000000011211000000000112121211000212100001211100000112111000000000000
0000000000000000001121012111000000012120000011212100011212000000012121000121110000001121000000000011211000000000112111212000121100002121000000111211000000000000
0000000000000000011210011221000000012110000011211100002121000000021211000112210000001212000000000011211000000000112111121200212100002121100000112121000000000000
0000000000000000011210011121000000021211000121212000001212000000012111000111110000001121000000000011211000000000112101121110121100002112000000112121000000000000
0000000000000000012120001211000000012121212121121000011121000000012121000121210000001212000000000011211000000000112100121211121100002121000000021211000000000000
0000000000000000012110001212100000012112121212110000002121000000021211000112110000001121000000000011211000000000112100112111212100002121100000111211000000000000
0000000000000000112111112121100000021211212112100000002121000000111210000112110000001212000000000011211000000000112100011221211100002112000000112121000000000000
0000000000000000121221212112100000012120001121100000002112000000121120000112110000001121000000000011211000000000112100001112121100001212100000112111000000000000
0000000000000001121112121212110000012110000121210000002121000001112110000112120000002112000000000011211000000000112100001212112100001211100000112120000000000000
0000000000000001121110101112120000021210000112110000002121100011212100000021211000011211000000000012121000000000112100000112121100001122110001121210000000000000
0000000000000001212000000012111000012120000021211000002112121212121100000011121211121211000001121212111121110000112100000012121100001112111111211100000000000000
0000000000000011211000000011212000012110000011211000002121212121211000000001212112112110000002121211212121210000112100000011121100000121212121212000000000000000
0000000000000012121000000011211000021210000011212100002121121121100000000000111212121100000001212121212121210000112100000001212100000001212121200000000000000000
0000000000000000000000000000010000000010000000010000000001001000000000000000001112100000000000000001001000000000001000000000000000000000011211000000000000000000
0000000000000000000000000000000000000000000000000000000000000000000000000000000000000000000000000000000000000000000000000000000000000000000000000000000000000000
0000000000000000000000000000000000000000000000000000000000000000000000000000000000000000000000000000000000000000000000000000000000000000000000000000000000000000
0000000000000000000000000000000000000000000000000000000000000000000000000000000000000000000000000000000000000000000000000000000000000000000000000000000000000000
0000000000000000000000000000000000000000000000000000000000000000000000000000000000000000000000000000000000000000000000000000000000000000000000000000000000000000
0000000000000000000000000000000000000000000000000000000000000000000000000000000000000000000000000000000000000000000000000000000000000000000000000000000000000000
0000000000000000000000000000000000000000000000000000000000000000000000000000000000000000000000000000000000000000000000000000000000000000000000000000000000000000
3333333333333333333333333333333333333333333333333333333333333333333333333333333333333333333333333333333333333333333333333333333333333333333333333333333333333333
3333333333333333333333333333333333333333333333333333333333333333333333333333333333333333333333333333333333333333333333333333333333333333333333333333333333333333
3333333333333333333333333333333333333333333333333333333333333333333333333333333333333333333333333333333333333333333333333333333333333333333333333333333333333333
3333333333333333333333333333333333333333333333333333333333333333333333333333333333333333333333333333333333333333333333333333333333333333333333333333333333333333
3333333333333333333333333333333333333333333333333333333333333333333333333333333333333333333333333333333333333333333333333333333333333333333333333333333333333333
3333333333333333333333333333333333333333333333333333333333333333333333333333333333333333333333333333333333333333333333333333333333333333333333333333333333333333
3333333333333333333333333333333333333333333333333333333333333333333333333333333333333333333333333333333333333333333333333333333333333333333333333333333333333333
3333333333333333333333333333333333333333333333333333333333333333333333333333333333333333333333333333333333333333333333333333333333333333333333333333333333333333
3333333333333333333333333333333333333333333333333333333333333333333333333333333333333333333333333333333333333333333333333333333333333333333333333333333333333333
3333333333333333333333333333333333333333333333333333333333333333333333333333333333333333333333333333333333333333333333333333333333333333333333333333333333333333
3333333333333333333333333333333333333333333333333333333333333333333333333333333333333333333333333333333333333333333333333333333333333333333333333333333333333333
3333333333333333333333333333333333333333333333333333333333333333333333333333333333333333333333333333333333333333333333333333333333333333333333333333333333333333
3333333333333333333333333333333333333333333333333333333333333333333333333333333333333333333333333333333333333333333333333333333333333333333333333333333333333333
3333333333333333333333333333333333333333333333333333333333333333333333333333333333333333333333333333333333333333333333333333333333333333333333333333333333333333
3333333333333333333333333333333333333333333333333333333333333333333333333333333333333333333333333333333333333333333333333333333333333333333333333333333333333333
3333333333333333333333333333333333333333333333333333333333333333333333333333333333333333333333333333333333333333333333333333333333333333333333333333333333333333
3333333333333333333333333333333333333333333333333333333333333333333333333333333333333333333333333333333333333333333333333333333333333333333333333333333333333333
3333333333333333333333333333333333333333333333333333333333333333333333333333333333333333333333333333333333333333333333333333333333333333333333333333333333333333
3333333333333333333333333333333333333333333333333333333333333333333333333333333333333333333333333333333333333333333333333333333333333333333333333333333333333333
3333333333333333333333333333333333333333333333333333333333333333333333333333333333333333333333333333333333333333333333333333333333333333333333333333333333333333
3333333333333333333333333333333333333333333333333333333333333333333333333333333333333333333333333333333333333333333333333333333333333333333333333333333333333333
3333333333333333333333333333333333333333333333333333333333333333333333333333333333333333333333333333333333333333333333333333333333333333333333333333333333333333
3333333333333333333333333333333333333333333333333333333333333333333333333333333333333333333333333333333333333333333333333333333333333333333333333333333333333333
3333333333333333333333333333333333333333333333333333333333333333333333333333333333333333333333333333333333333333333333333333333333333333333333333333333333333333
