3333333333333333333333333333333333333333333333333333333333333333333333333333333333333333333333333333333333333333333333333333333333333333333333333333333333333333
3333333333333333333333333333333333333333333333333333333333333333333333333333333333333333333333333333333333333333333333333333333333333333333333333333333333333333
3333333333333333333333333333333333333333333333333333333333333333333333333333333333333333333333333333333333333333333333333333333333333333333333333333333333333333
3333333333333333333333333333333333333333333333333333333333333333333321100000000000000000011233333333333333333333333333333333333333333333333333333333333333333333
3333333333333333333333333333333333333333333333333333333333333333211000000000000000000000000000123333333333333333333333333333333333333333333333333333333333333333
3333333333333333333333333333333333333333333333333333333333333210000000000000000000000000000000000123333333333333333333333333333333333333333333333333333333333333
3333333333333333333333333333333333333333333333333333333333100000000000000000000000000000000000000000013333333333333333333333333333333333333333333333333333333333
3333333333333333333333333333333333333333333333333333333310000000000000000000000000000000000000000000000133333333333333333333333333333333333333333333333333333333
3333333333333333333333333333333333333333333333333333331000000000000000000111111111111110000000000000000001333333333333333333333333333333333333333333333333333333
3333333333333333333333333333333333333333333333333333000000000000000111112222212121222222111110000000000000003333333333333333333333333333333333333333333333333333
3333333333333333333333333333333333333333333333333310000000000000111221222121222222121212222121110000000000000133333333333333333333333333333333333333333333333333
3333333333333333333333333333333333333333333333333000000000000111222122212221212112122122122222211110000000000003333333333333333333333333333333333333333333333333
3333333333333333333333333333333333333333333333310000000000111212122212121121212121212121211212122221110000000000033333333333333333333333333333333333333333333333
3333333333333333333333333333333333333333333332100000000001122222211212121212121212121212121212221212211100000000002333333333333333333333333333333333333333333333
3333333333333333333333333333333333333333333320000000000112221211212121212121211211211212121211121222122110000000000233333333333333333333333333333333333333333333
3333333333333333333333333333333333333333333100000000011222212122121211211211121121121121121212121212221221100000000003333333333333333333333333333333333333333333
3333333333333333333333333333333333333333331000000000122212121211211212121121212121212112121121212121122212211000000000333333333333333333333333333333333333333333
3333333333333333333333333333333333333333310000000012221221212121212112112121121121121212112121121212112122221100000000033333333333333333333333333333333333333333
3333333333333333333333333333333333333333100000000121221212121212112121211212112112111211211212112112121212122111000000003333333333333333333333333333333333333333
3333333333333333333333333333333333333331000000011222121212112111211211121111211211212121121112121211212121212221100000000333333333333333333333333333333333333333
3333333333333333333333333333333333333310000000022212212121211212121121212121212121211112112121112121211212121222100000000033333333333333333333333333333333333333
3333333333333333333333333333333333333100000001212212121211212121112112111211121111121211212112121112121211212121221000000003333333333333333333333333333333333333
3333333333333333333333333333333333331000000012221212112121121112121211212121211212112121121121112121112121212122221100000000333333333333333333333333333333333333
3333333333333333333333333333333333310000000112121212121112112121211121121111121121211112112112121112121121121211222210000000133333333333333333333333333333333333
3333333333333333333333333333333333200000001222212121212121211211121212111212112111121211211211212121121212121121212121000000023333333333333333333333333333333333
3333333333333333333333333333333333000000012121212112112112121121211111212111211212111212112112111212111121112121212221100000003333333333333333333333333333333333
3333333333333333333333333333333331000000022221212121211211112112112121111212112111212111211121121111212112121212121222200000000333333333333333333333333333333333
3333333333333333333333333333333310000001121212121211121121211211121112121111211121111121112112112121121211211211212121211000000033333333333333333333333333333333
3333333333333333333333333333333300000001222121211121212121121121211211112121112111212111211211211112111212121121212122221000000033333333333333333333333333333333
3333333333333333333333333333333200000012212121122121121112112111121121211111211121111211121112112121212111112121121211222100000023333333333333333333333333333333
3333333333333333333333333333332000000122212121211112112121211212112111121212112111211121111211121111121121212112112121212210000002333333333333333333333333333333
3333333333333333333333333333331000000121212121121212121111121111211121111111111121121112121112111212111212111211211212122120000000333333333333333333333333333333
3333333333333333333333333333310000001222121212121211112121211212112112121212121112112111112111211121121111212121212121212212000000133333333333333333333333333333
3333333333333333333333333333300000012212121121112112121121112111111111111111112111111212111211121112112121121112112112121221100000033333333333333333333333333333
3333333333333333333333333333300000021221212112211212112111211121212121212121211121211111211121112111211121211211211212121222200000033333333333333333333333333333
3333333333333333333333333333100000022212121211121111211212112111111111111111112111121211121112111211121211121121121211212121200000013333333333333333333333333333
3333333333333333333333333332000000121212121122112121121111121121212121212121211121111112111211211121111112112112121121121212220000002333333333333333333333333333
3333333333333333333333333330000001222121212111211212112121111111111111111111112111211211121111121112121211211211211212121212211000000333333333333333333333333333
3333333333333333333333333320000002212121121212121111211112121212121212121121111121111112111212111211111121121121121121121212222000000233333333333333333333333333
3333333333333333333333333310000012221212112111211212112111111111111111111111212111121211111111121112121211112112112112121212122100000033333333333333333333333333
3333333333333333333333333300000021212121211212112111211212121212121211212121111112111111212112111211111112121111211211211212122200000033333333333333333333333333
3333333333333333333333333300000022212121121211211212111121111111111121111111211211121121111121121111112121112121121121121212121200000033333333333333333333333333
3333333333333333333333333200000121221212121121121111212000000000000211121121111112111111212111000000000001211121112121211211222120000023333333333333333333333333
3333333333333333333333333100000122121121112112112121100000000000000001111211121211121211111000000000000000002112121112121121212210000003333333333333333333333333
3333333333333333333333333000001222121212121211211200000000000000000000011111211111111112100000000000000000000011211211121212122220000003333333333333333333333333
3333333333333333333333333000001212121211211121121000000000000000000000000121111212121210000000000000000000000001121121211212112122000003333333333333333333333333
3333333333333333333333331000002221212121121212110000000000000000000000000011121111111110000000000000000000000000112112121121212212000002333333333333333333333333
3333333333333333333333331000002121211212112111200000000000000000000000000001111121121000000000000000000000000000011211112112121222000000333333333333333333333333
3333333333333333333333330000012221212111211212000000000000111110000000000000121111210000000000000111110000000000001121212121212122100000333333333333333333333333
3333333333333333333333330000021212121212121120000000000111121212110000000000011211100000000000111212121110000000000121121121121221200000333333333333333333333333
3333333333333333333333330000012212121121112100000000011121111111121110000000001112000000000011121111112111100000000012112112121222100000333333333333333333333333
3333333333333333333333310000022212112112121200000000112112121212112111000000000110000000001121211212111212110000000011211212121122200000133333333333333333333333
3333333333333333333333310000012212121212112100000001121111111111111212100000000120000000001111111111211112121000000011121211212212100000033333333333333333333333
3333333333333333333333310000021212121121211000000011112121212112121111110000000000000000112121212121112111111100000001211121121122200000133333333333333333333333
3333333333333333333333300000012221212111121000000012121111111111111211211000000000000001111111111000111212121210000001121212121221200000033333333333333333333333
3333333333333333333333300000022121121212121000000121111121121212111112111000000000000001212121212000011111112110000000112112121222100000033333333333333333333333
3333333333333333333333300000112212121121210000000112121112111111121211121100000000000011111111111000012121211120000000121211212121210000033333333333333333333333
3333333333333333333333300000122212112112110000000111112121121212111111112110000000000112121121212000012111112110000000111121121122210000033333333333333333333333
3333333333333333333333300000121212121211210000000121211000000000000121211211000000000111111210000000000012111211000000121212112212210000033333333333333333333333
3333333333333333333333300000122212112121120000001111112000000000000111111112000000001212121110000000000011121121000000112112121122110000033333333333333333333333
3333333333333333333333300000121212121112110000000212111000000000000112112121000000001111111110000000000011211112000000111211212212210000033333333333333333333333
3333333333333333333333300000122212121212120000000111212000000000000111121110000000000121121210000000000011112121000000112121121122210000033333333333333333333333
3333333333333333333333300000112212112112110000000121111111111111111121111200000000000011111111111000011121211110000000121112121221210000033333333333333333333333
3333333333333333333333300000022121211211210000000112121211211211212111211100000000000002121121211000011111112120000000112121212122200000033333333333333333333333
3333333333333333333333300000022212121212121000000111111112111121111121112000000000000001111211112000012121211110000000121211211221200000033333333333333333333333
3333333333333333333333310000012212121121111000000012121211121111211111210000000000000000121111211111121111121200000001121121121212200000033333333333333333333333
3333333333333333333333310000021212112112121000000001111112111211112121110000000010000000011121112112111212111100000001211212121222100000133333333333333333333333
3333333333333333333333310000012212121212121200000001212111121112111111100000000110000000001211111211121111121000000011121121212122200000033333333333333333333333
3333333333333333333333330000022212121121112100000000021121111211121211000000001121000000000111211112111212110000000012112112112121200000333333333333333333333333
3333333333333333333333330000012121212112121110000000001112121112111100000000001211100000000011121211121111100000000012121211212122100000333333333333333333333333
3333333333333333333333330000012221211212112120000000000111111211121000000000012112110000000001111112111210000000000121112121212222200000333333333333333333333333
3333333333333333333333331000002221212121211211100000000000000000000000000000111111110000000000000000000000000000001212121121212121000000333333333333333333333333
3333333333333333333333331000001221212111121121200000000000000000000000000001121212121000000000000000000000000000012111212112121222000001333333333333333333333333
3333333333333333333333333000002122121212121211110000000000000000000000000011211111112100000000000000000000000000111212111212121221000003333333333333333333333333
3333333333333333333333333000001212121212112112211100000000000000000000000121111211211121000000000000000000000001212111212121212211000003333333333333333333333333
3333333333333333333333333100000122212112121121121110000000000000000000012111121111112111100000000000000000000112111212121121212220000003333333333333333333333333
3333333333333333333333333100000221212121112112112212000000000000000000111121111212111121211000000000000000001211212112112121221210000013333333333333333333333333
3333333333333333333333333300000022212121212121121112111110000000001112121112121111121111111111100000000011121121121211212112122200000033333333333333333333333333
3333333333333333333333333300000012212112121112111211212121111111121211112111111121111212121212111111112121212112111121121212121200000033333333333333333333333333
3333333333333333333333333300000021221212112121212121121112121212112112111121121111211111111111212121211212111211212121211212222100000033333333333333333333333333
3333333333333333333333333320000002212121212111211112111211112111211111212111111211112112121211111211121111211121121121121212122000000233333333333333333333333333
3333333333333333333333333330000001222121211212121211212112121121112121111121211121211111111121211112112121121212112112121212212000000333333333333333333333333333
3333333333333333333333333331000001212212121211112112111211111112111111211111112111112121121111121211211112111111211212121212221000000333333333333333333333333333
3333333333333333333333333333000000122121211212211211121121212111212121112121211112111111211212111121112111212121121211212122120000003333333333333333333333333333
3333333333333333333333333333200000012212121211121121211211111211111111211111112111121211111111121111211212112112121121212122200000023333333333333333333333333333
3333333333333333333333333333300000022221212121212112112112121121212121112121121121111112121212112121121111211212112121121221200000033333333333333333333333333333
3333333333333333333333333333300000001212121121111211211211211211111111211111211112121211111111211112111212112111211212122222000000033333333333333333333333333333
3333333333333333333333333333330000001222212121221121121121121112121212112121112111111112121211112111212111211212121212121211000000333333333333333333333333333333
3333333333333333333333333333331000000121212121112121211211112111211111111111211121212111111121211212111212121121121121222220000000333333333333333333333333333333
3333333333333333333333333333333000000022221212212112112112121121112121212121112111111212121211121111211121112112121212121200000003333333333333333333333333333333
3333333333333333333333333333333300000012122121121211211211211212121111121111211121212111111112112121121211211212112122222100000033333333333333333333333333333333
3333333333333333333333333333333300000001222121211121121121121111112121211212112111111121212121121112112121121211212121212000000033333333333333333333333333333333
3333333333333333333333333333333330000000122212122121212112112121211121111111121121212111211211211211211112121121212122210000000333333333333333333333333333333333
3333333333333333333333333333333332000000012221211212111212121121121211212121211211121121121112112121121212112121212221200000001333333333333333333333333333333333
3333333333333333333333333333333333100000011222121211212112112112112112111211121112112112111211121112112121212121221222100000013333333333333333333333333333333333
3333333333333333333333333333333333300000000122212121212121121211211121121121112121121121121121211211212111211212122210000000033333333333333333333333333333333333
3333333333333333333333333333333333320000000012221212121121211121121211212112121112112112112112112121211212121212212200000000233333333333333333333333333333333333
3333333333333333333333333333333333332000000012122121212112121212112112111211211211211211211211211211121212121212221100000001333333333333333333333333333333333333
3333333333333333333333333333333333333300000000212221212121121121211211212112112121121121121121121121212112121222120000000033333333333333333333333333333333333333
3333333333333333333333333333333333333320000000022122121212112111212121121121121112112112112121212121211212122212200000000233333333333333333333333333333333333333
3333333333333333333333333333333333333332000000001222212121212121121112112112112121211211212112112112121212212222000000001333333333333333333333333333333333333333
3333333333333333333333333333333333333333300000000121222121212121212121211211211211121121211211211212121221221210000000033333333333333333333333333333333333333333
3333333333333333333333333333333333333333320000000002212221212121211211212121212121212121121212121212121222122000000000233333333333333333333333333333333333333333
3333333333333333333333333333333333333333332000000000122122212121212121121121121112112112121121212121212212220000000001333333333333333333333333333333333333333333
3333333333333333333333333333333333333333333300000000001221222121212121212121212121211212112121212122222221000000000033333333333333333333333333333333333333333333
3333333333333333333333333333333333333333333331000000000022212222121212121212112121121212121212122212121200000000001333333333333333333333333333333333333333333333
3333333333333333333333333333333333333333333333200000000000222121222121212121212112121212121212212222221000000000013333333333333333333333333333333333333333333333
3333333333333333333333333333333333333333333333331000000000001222212222121212121221212121222221221211000000000000333333333333333333333333333333333333333333333333
3333333333333333333333333333333333333333333333333100000000000002221212222222222122222222212122222100000000000013333333333333333333333333333333333333333333333333
3333333333333333333333333333333333333333333333333331000000000000012222121212122212121212222221100000000000000333333333333333333333333333333333333333333333333333
3333333333333333333333333333333333333333333333333333300000000000000000122222212222222221210000000000000000033333333333333333333333333333333333333333333333333333
3333333333333333333333333333333333333333333333333333333100000000000000000000011111000000000000000000000013333333333333333333333333333333333333333333333333333333
3333333333333333333333333333333333333333333333333333333331000000000000000000000000000000000000000000000333333333333333333333333333333333333333333333333333333333
3333333333333333333333333333333333333333333333333333333333332000000000000000000000000000000000000002333333333333333333333333333333333333333333333333333333333333
3333333333333333333333333333333333333333333333333333333333333330000000000000000000000000000000001333333333333333333333333333333333333333333333333333333333333333
3333333333333333333333333333333333333333333333333333333333333333333320100000000000000000000233333333333333333333333333333333333333333333333333333333333333333333
3333333333333333333333333333333333333333333333333333333333333333333333333333001010013333333333333333333333333333333333333333333333333333333333333333333333333333
3333333333333333333333333333333333333333333333333333333333333333333333333333333333333333333333333333333333333333333333333333333333333333333333333333333333333333
3333333333333333333333333333333333333333333333333333333333333333333333333333333333333333333333333333333333333333333333333333333333333333333333333333333333333333
3333333333333333333333333333333333333333333333333333333333333333333333333333333333333333333333333333333333333333333333333333333333333333333333333333333333333333
3333333333333333333333333333333333333333333333333333333333333333333333333333333333333333333333333333333333333333333333333333333333333333333333333333333333333333
3333333333333333333333333333333333333333333333333333333333333333333333333333333333333333333333333333333333333333333333333333333333333333333333333333333333333333
3333333333333333333333333333333333333333333333333333333333333333333333333333333333333333333333333333333333333333333333333333333333333333333333333333333333333333
3333333333333333333333333333333333333333333333333333333333333333333333333333333333333333333333333333333333333333333333333333333333333333333333333333333333333333
3333333333333333333333333333331100000000011000000000000110000000000001110000000010000000000000000000000000000000000000000000000000033333333333333333333333333333
3333333333333333333333333333310000000000000000000000000000000000000000000000000000000000000000000000000000000000000000000000000000002333333333333333333333333333
3333333333333333333333333333300000000000000000000000000000000000000000000000000000000000000000000000000000000000000000000000000000000033333333333333333333333333
3333333333333333333333333333100000000000000000000000000000000000000000000000000000000000000000000000000000000000000000000000000000000023333333333333333333333333
3333333333333333333333333333000000000000000000000000000000000000000000000000000000000000000000000000000000000000000000000000000000000003333333333333333333333333
3333333333333333333333333333000001111100000001111111100000011111111000000011100000011110001111111111100011110000011100000011111100000001333333333333333333333333
3333333333333333333333333331000001212110000001212121211000012121212111000012100000012110001212121212100012120000012100001121212111000000333333333333333333333333
3333333333333333333333333330000001211210000001121212112100011212121212100011200000011210001112121121100011211000011200011211212121100000233333333333333333333333
3333333333333333333333333320000012121120000001210000121100012100000121100012100000012110000001211000000012121000012100012110000121100000033333333333333333333333
3333333333333333333333333300000011201211000001120000112100011200000012110011200000011210000001121000000011212100011200112100000012100000133333333333333333333333
3333333333333333333333333300000012101121000001210000111200012110000011210012100000012110000001211000000012112110012100121100000011200000033333333333333333333333
3333333333333333333333333300000011201111000001120000121100011200000011210011200000011210000001121000000011202110011200112100000012110000033333333333333333333333
3333333333333333333333333200000121100121100001211111212000012100000001210012100000012110000001211000000012101210012100121000000011210000033333333333333333333333
3333333333333333333333333100000112000121200001121212110000011200000002120011200000011210000001121000000011201121011200112000000012110000033333333333333333333333
3333333333333333333333333000000211000021100001212121200000012110000001210012100000012110000001211000000012100111012100121000000011210000033333333333333333333333
3333333333333333333333331000001121000012100001120002111000011200000011210011200000011210000001121000000011200121211200112100000012100000033333333333333333333333
3333333333333333333333331000001211211212110001210001211000012100000012110012100000012110000001211000000012100012121100121100000011200000033333333333333333333333
3333333333333333333333330000002121121211210001120000121000011200000021210011200000011210000001121000000011200011121200112100000012100000033333333333333333333333
3333333333333333333333320000011210000012110001210000121100012110001121100012120000112100000001211000000012100001212100012110000212100000133333333333333333333333
3333333333333333333333310000012100000001211001120000112100011211112112000001211111212100001112121111100011200001121100011211112121000000333333333333333333333333
3333333333333333333333310000011200000001121001210000012110012121212120000001121212111000001211212121100012100001121200001212212110000000333333333333333333333333
3333333333333333333333310000021100000001111001110000011110011111110000000000011211100000001112111112100011100000111100000011121100000001333333333333333333333333
3333333333333333333333310000000000000000000000000000000000000000000000000000000000000000000000000000000000000000000000000000000000000013333333333333333333333333
3333333333333333333333320000000000000000000000000000000000000000000000000000000000000000000000000000000000000000000000000000000000000033333333333333333333333333
3333333333333333333333330000000000000000000000000000000000000000000000000000000000000000000000000000000000000000000000000000000000000133333333333333333333333333
3333333333333333333333332000000000000000000000000000000000000000000000011000000000000000000000000000000000000000000000000000000000003333333333333333333333333333
3333333333333333333333333300000000232000000000000010000000000000000002333300000000000010000000000000000000000100000000000000000000233333333333333333333333333333
3333333333333333333333333333333333333333333333333333333333333333333333333333333333333333333333333333333333333333333333333333333333333333333333333333333333333333
3333333333333333333333333333333333333333333333333333333333333333333333333333333333333333333333333333333333333333333333333333333333333333333333333333333333333333
3333333333333333333333333333333333333333333333333333333333333333333333333333333333333333333333333333333333333333333333333333333333333333333333333333333333333333
