0000000000000000000000000000000000000000000000000000000000000000000000000000000000000000000000000000000000000000000000000000000000000000000000000000000000000000
0000000000000000000000000000000000000000000000000000000000000000000000000000000000000000000000000000000000000000000000000000000000000000000000000000000000000000
0000000000000000000000000000000000000000000000000000000000000000000000000000000000000000000000000000000000000000000000000000000000000000000000000000000000000000
0000000000000000000000000000000000000000000000000000000000000000000000000000000000000000000000000000000000000000000000000000000000000000000000000000000000000000
0000000000000000000000000000000000000000000000000000000000000000000000000000000000000000000000000000000000000000000000000000000000000000000000000000000000000000
0000000000000000000000000000000000000000000000000000000333333333333333333333333333333333333333333333333333333333333333333333333333333330000000000000000000000000
0000000000000000000000000000000000000000000000000000000333333333333333333333333333333333333333333333333333333333333333333333333333333330000000000000000000000000
0000000000000000000000000000000000000000000000000000000333333333333333333333333333333333333333333333333333333333333333333333333333333330000000000000000000000000
0000000000000000000000000000000000000000000000000000000333333333333333333333333333333333333333333333333333333333333333333333333333333330000000000000000000000000
0000000000000000000000000000000000000000000000000000000333333333333333333333333333333333333333333333333333333333333333333333333333333330000000000000000000000000
0000000000000000000000000000000000000000000000000033333000000000000000000000000000000000000000000000000000000000000000000000000000111113333300000000000000000000
0000000000000000000000000000000000000000000000000033333000000000000000000000000000000000000000000000000000000000000000000000000000111113333300000000000000000000
0000000000000000000000000000000000000000000000000033333000000000000000000000000000000000000000000000000000000000000000000000000000111113333300000000000000000000
0000000000000000000000000000000000000000000000000033333000000000000000000000000000000000000000000000000000000000000000000000000000111113333300000000000000000000
0000000000000000000000000000000000000000000000000033333000000000000000000000000000000000000000000000000000000000000000000000000000111113333300000000000000000000
0000000000000000000000000000000000000000000003333300000000000000000000000000000000000000000000000000000000000000000000000000011111111113333300000000000000000000
0000000000000000000000000000000000000000000003333300000000000000000000000000000000000000000000000000000000000000000000000000011111111113333300000000000000000000
0000000000000000000000000000000000000000000003333300000000000000000000000000000000000000000000000000000000000000000000000000011111111113333300000000000000000000
0000000000000000000000000000000000000000000003333300000000000000000000000000000000000000000000000000000000000000000000000000011111111113333300000000000000000000
0000000000000000000000000000000000000000000003333300000000000000000000000000000000000000000000000000000000000000000000000000011111111113333300000000000000000000
0000000000000000000000000000000000000000333330000000000000000000000000000000000000000000000000000000000000000000000000000000011111111113333300000000000000000000
0000000000000000000000000000000000000000333330000000000000000000000000000000000000000000000000000000000000000000000000000000011111111113333300000000000000000000
0000000000000000000000000000000000000000333330000000000000000000000000000000000000000000000000000000000000000000000000000000011111111113333300000000000000000000
0000000000000000000000000000000000000000333330000000000000000000000000000000000000000000000000000000000000000000000000000000011111111113333300000000000000000000
0000000000000000000000000000000000000000333330000000000000000000000000000000000000000000000000000000000000000000000000000000011111111113333300000000000000000000
0000000000000000000000000000000000000000333330000000000111111111111111111111111111111111111111111111111111111111111000000000011111111113333300000000000000000000
0000000000000000000000000000000000000000333330000000000111111111111111111111111111111111111111111111111111111111111000000000011111111113333300000000000000000000
0000000000000000000000000000000000000000333330000000000111111111111111111111111111111111111111111111111111111111111000000000011111111113333300000000000000000000
0000000000000000000000000000000000000000333330000000000111111111111111111111111111111111111111111111111111111111111000000000011111111113333300000000000000000000
0000000000000000000000000000000000000000333330000000000111111111111111111111111111111111111111111111111111111111111000000000011111111113333300000000000000000000
0000000000000000000000000000000000000000333330000011111333333333333333333333333333333333333333333333333333333333333000000000011111111113333300000000000000000000
0000000000000000000000000000000000000000333330000011111333333333333333333333333333333333333333333333333333333333333000000000011111111113333300000000000000000000
0000000000000000000000000000000000000000333330000011111333333333333333333333333333333333333333333333333333333333333000000000011111111113333300000000000000000000
0000000000000000000000000000000000000000333330000011111333333333333333333333333333333333333333333333333333333333333000000000011111111113333300000000000000000000
0000000000000000000000000000000000000000333330000011111333333333333333333333333333333333333333333333333333333333333000000000011111111113333300000000000000000000
0000000000000000000000000000000000000000333330000011111333331212121212121212121212121212121212121212121212121233333000000000011111111113333300000000000000000000
0000000000000000000000000000000000000000333330000011111333332222222222222222222222222222222222222222222222222133333000000000011111111113333300000000000000000000
0000000000000000000000000000000000000000333330000011111333331212121212121212121212121212121212121212121212121233333000000000011111111113333300000000000000000000
0000000000000000000000000000000000000000333330000011111333332221221221221221221221221221221221221221221221222233333000000000011111111113333300000000000000000000
0000000000000000000000000000000000000000333330000011111333331212212212212212212212212212212212212212212212212133333000000000011111111113333300000000000000000000
0000000000000000000000000000000000000000333330000011111333332221200100222122122122122122122122122122122122122233333000000000011111111113333300000000000000000000
0000000000000000000000000000000000000000333330000011111333332122201010212221222212221222212221222212221222212133333000000000011111111113333300000000000000000000
0000000000000000000000000000000000000000333330000011111333332212200100221212212122122212122122212122122212122233333000000000011111111113333300000000000000000000
0000000000000000000000000000000000000000333330000011111333331221201001212222122221221222212212122221221222212133333000000000011111111113333300000000000000000000
0000000000000000000000000000000000000000333330000011111333332212200100222121221212212212122222212122212212122233333000000000011111111113333300000000000000000000
0000000000000000000000000000000000000000333330000011111333332122222122212222122221222122221212122212122122221233333000000000011111111113333300000000000000000000
0000000000000000000000000000000000000000333330000011111333332221212221221212212122212212122122221222221221212233333000000000011111111113333300000000000000000000
0000000000000000000000000000000000000000333330000011111333332122122122122221222212122122212212122121212221222133333000000000011111111113333300000000000000000000
0000000000000000000000000000000000000000333330000011111333332212221221221212212122212221221222212222122122212233333000000000011111111113333300000000000000000000
0000000000000000000000000000000000000000333330000011111333331221212212212221222212221222122212122121222212122133333000000000011111111113333300000000000000000000
0000000000000000000033333333330000000000333330000011111333332212222122221222121221222121221222212222212122212233333000000000011111111113333300000000000000000000
0000000000000000000033333333330000000000333330000011111333332221212221212212222122121222122121221212122212221233333000000000011111111113333300000000000000000000
0000000000000000000033333333330000000000333330000011111333332122221212221221212212222122212222122221221221222133333000000000011111111113333300000000000000000000
0000000000000000000033333333330000000000333330000011111333332212122221222122221222121221221212212122212222121233333000000000011111111113333300000000000000000000
0000000000000000000033333333330000000000333330000011111333332122212122121221212212222122122221222212122121222233333000000000011111111113333300000000000000000000
0000000000000003333300000333330000000000333333333333333333333333322212222122221221212212221212212122221222121233333000000000011111111113333300000000000000000000
0000000000000003333300000333330000000000333333333333333333333333321221212212122122221222122122122221212212222133333000000000011111111113333300000000000000000000
0000000000000003333300000333330000000000333333333333333333333333322122221222212221212212212221221212221221212233333000000000011111111113333300000000000000000000
0000000000000003333300000333330000000000333333333333333333333333312212122121221212221221221212222122122212221233333000000000011111111113333300000000000000000000
0000000000000003333300000333330000000000333333333333333333333333322122212222122221222122122222121222212122122233333000000000011111111113333300000000000000000000
0000000000333330000000000333330000033333000000000000000000000000033333232222212122121222212121222212122221221233333000000000011111111113333300000000000000000000
0000000000333330000000000333330000033333000000000000000000000000033333223231222212222121222212212122212122212233333000000000011111111113333300000000000000000000
0000000000333330000000000333330000033333000000000000000000000000033333322322212122121222121222122212222212122133333000000000011111111113333300000000000000000000
0000000000333330000000000333330000033333000000000000000000000000033333232231222212222122212212212221212122221233333000000000011111111113333300000000000000000000
0000000000333330000000000333330000033333000000000000000000000000033333232322212122121221221221221212221221212233333000000000011111111113333300000000000000000000
0000033333000000000011111000003333333333000000000000000000000000033333333333333333333333333333333333333333333333333000000000011111111113333300000000000000000000
0000033333000000000011111000003333333333000000000000000000000000033333333333333333333333333333333333333333333333333000000000011111111113333300000000000000000000
0000033333000000000011111000003333333333000000000000000000000000033333333333333333333333333333333333333333333333333000000000011111111113333300000000000000000000
0000033333000000000011111000003333333333000000000000000000000000033333333333333333333333333333333333333333333333333000000000011111111113333300000000000000000000
0000033333000000000011111000003333333333000000000000000000000000033333333333333333333333333333333333333333333333333000000000011111111113333300000000000000000000
3333300000000001111100000000000000033333111111111111111111111111133333000000000000000000000000000000000000000000000000000000011111111113333333333333333333300000
3333300000000001111100000000000000033333111111111111111111111111133333000000000000000000000000000000000000000000000000000000011111111113333333333333333333300000
3333300000000001111100000000000000033333111111111111111111111111133333000000000000000000000000000000000000000000000000000000011111111113333333333333333333300000
3333300000000001111100000000000000033333111111111111111111111111133333000000000000000000000000000000000000000000000000000000011111111113333333333333333333300000
3333300000000001111100000000000000033333111111111111111111111111133333000000000000000000000000000000000000000000000000000000011111111113333333333333333333300000
3333300000111110000000000000003333311111000000000000000000003333333333111111111100000000000000000000000000000000000000000000011111333331111111111000001111133333
3333300000111110000000000000003333311111000000000000000000003333333333111111111100000000000000000000000000000000000000000000011111333331111111111000001111133333
3333300000111110000000000000003333311111000000000000000000003333333333111111111100000000000000000000000000000000000000000000011111333331111111111000001111133333
3333300000111110000000000000003333311111000000000000000000003333333333111111111100000000000000000000000000000000000000000000011111333331111111111000001111133333
3333300000111110000000000000003333311111000000000000000000003333333333111111111100000000000000000000000000000000000000000000011111333331111111111000001111133333
3333311111000003333333333333333333333333000000000000000333333232333333333333333333333333333333333333333333333333333333333333333333111111111100000111111111133333
3333311111000003333333333333333333333333000000000000000333332322233333333333333333333333333333333333333333333333333333333333333333111111111100000111111111133333
3333311111000003333333333333333333333333000000000000000333333232333333333333333333333333333333333333333333333333333333333333333333111111111100000111111111133333
3333311111000003333333333333333333333333000000000000000333332223233333333333333333333333333333333333333333333333333333333333333333111111111100000111111111133333
3333311111000003333333333333333333333333000000000000000333333322333333333333333333333333333333333333333333333333333333333333333333111111111100000111111111133333
0000033333333330000000000000000000000000333330000033333332322232233333111111111100000000000000000000000000000000000000000000000000000000000011111111111111133333
0000033333333330000000000000000000000000333330000033333223232323233333111111111100000000000000000000000000000000000000000000000000000000000011111111111111133333
0000033333333330000000000000000000000000333330000033333323223223233333111111111100000000000000000000000000000000000000000000000000000000000011111111111111133333
0000033333333330000000000000000000000000333330000033333322322322333333111111111100000000000000000000000000000000000000000000000000000000000011111111111111133333
0000033333333330000000000000000000000000333330000033333232232323233333111111111100000000000000000000000000000000000000000000000000000000000011111111111111133333
0000000000333330000000000000000000000000333333333333232323232232233333000000000000000000000000000000000000000000000000000000000000000001111111111111111111133333
0000000000333330000000000000000000000000333333333322323222323223233333000000000000000000000000000000000000000000000000000000000000000001111111111111111111133333
0000000000333330000000000000000000000000333333333332322323222322333333000000000000000000000000000000000000000000000000000000000000000001111111111111111111133333
0000000000333330000000000000000000000000333333333332232232323232333333000000000000000000000000000000000000000000000000000000000000000001111111111111111111133333
0000000000333330000000000000000000000000333333333323223223223223233333000000000000000000000000000000000000000000000000000000000000000001111111111111111111133333
0000000000333333333333333333333333333333333333233232323232322322333333111111111100000000000000000000000000000000000000000000000000000001111111111111111111133333
0000000000333333333333333333333333333333333332322322232223232232233333111111111100000000000000000000000000000000000000000000000000000001111111111111111111133333
0000000000333333333333333333333333333333333332322232323232223223233333111111111100000000000000000000000000000000000000000000000000000001111111111111111111133333
0000000000333333333333333333333333333333333333232323222322323232333333111111111100000000000000000000000000000000000000000000000000000001111111111111111111133333
0000000000333333333333333333333333333333333332223222323232322322233333111111111100000000000000000000000000000000000000000000000000000001111111111111111111133333
0000000000333332221221221221221221221221322323232323232223230000033333111111111133333333333333333333333333333333333333333333333333000001111111111111111111133333
0000000000333332122122122122122122122122232232232232223232220000033333111111111133333333333333333333333333333333333333333333333333000001111111111111111111133333
0000000000333332212212221222212212221221223223223223232232320000033333111111111133333333333333333333333333333333333333333333333333000001111111111111111111133333
0000000000333331221222122212122221222122322322322322323223230000033333111111111133333333333333333333333333333333333333333333333333000001111111111111111111133333
0000000000333332122212212122212122121221232323232323222322220000033333111111111133333333333333333333333333333333333333333333333333000001111111111111111111133333
0000000000333332212122122212222212222212322322322232323000000000033333111111111100000333333333333333333333333333333333333333311111000001111111111111113333300000
0000000000333332122212221221212122121222232232232322232000000000033333111111111100000333333333333333333333333333333333333333311111000001111111111111113333300000
0000000000333332212221222122212221222121223223223232322000000000033333111111111100000333333333333333333333333333333333333333311111000001111111111111113333300000
0000000000333331221222121221221212212222232322322322232000000000033333111111111100000333333333333333333333333333333333333333311111000001111111111111113333300000
0000000000333332212212222122122221221212232232323232323000000000033333111111111100000333333333333333333333333333333333333333311111000001111111111111113333300000
0000000000333332122121212221221222122222223223222300000000000000033333111111111133333333333333333333333333333333333333331111111111111111111111111333330000000000
0000000000333332221222221212222121221212232322323200000000000000033333111111111133333333333333333333333333333333333333331111111111111111111111111333330000000000
0000000000333331212212122222121222122212223232232200000000000000033333111111111133333333333333333333333333333333333333331111111111111111111111111333330000000000
0000000000333332222122212121222122212122232223223200000000000000033333111111111133333333333333333333333333333333333333331111111111111111111111111333330000000000
0000000000333332121221221222122212122222223232323200000000000000033333111111111133333333333333333333333333333333333333331111111111111111111111111333330000000000
0000000000333332212222122212212122221212232320000000000000000000033333111113333311011000000110100000011010000001101111111111111111111111111133333000000000000000
0000000000333331222121221221222212122221322230000000000000000000033333111113333300100000000001000000000100000000010111111111111111111111111133333000000000000000
0000000000333332212212212212212122212122232320000000000000000000033333111113333310010000000100100000010010000001001111111111111111111111111133333000000000000000
0000000000333332122122221222122221222121322230000000000000000000033333111113333310100000000010000000001000000000100111111111111111111111111133333000000000000000
0000000000333332212221212212212122121222232320000000000000000000033333111113333301010000000101000000010100000001010111111111111111111111111133333000000000000000
0000000000333330000000000000000000000000111110000000000000000000033333333333333333333333333333333333333333333333333333333333333333333333333300000000000000000000
0000000000333330000000000000000000000000111110000000000000000000033333333333333333333333333333333333333333333333333333333333333333333333333300000000000000000000
0000000000333330000000000000000000000000111110000000000000000000033333333333333333333333333333333333333333333333333333333333333333333333333300000000000000000000
0000000000333330000000000000000000000000111110000000000000000000033333333333333333333333333333333333333333333333333333333333333333333333333300000000000000000000
0000000000333330000000000000000000000000111110000000000000000000033333333333333333333333333333333333333333333333333333333333333333333333333300000000000000000000
0000000000333330000000000000000000000000111110000000000000000000033333000000000000000000000000000000000000000000000000000000000000000000000000000000000000000000
0000000000333330000000000000000000000000111110000000000000000000033333000000000000000000000000000000000000000000000000000000000000000000000000000000000000000000
0000000000333330000000000000000000000000111110000000000000000000033333000000000000000000000000000000000000000000000000000000000000000000000000000000000000000000
0000000000333330000000000000000000000000111110000000000000000000033333000000000000000000000000000000000000000000000000000000000000000000000000000000000000000000
0000000000333330000000000000000000000000111110000000000000000000033333000000000000000000000000000000000000000000000000000000000000000000000000000000000000000000
0000000000333330000000000000000000000000111110000000000000003333300000000000000000000000000000000000333333333333333333333333333333333333333333333333330000000000
0000000000333330000000000000000000000000111110000000000000003333300000000000000000000000000000000000333333333333333333333333333333333333333333333333330000000000
0000000000333330000000000000000000000000111110000000000000003333300000000000000000000000000000000000333333333333333333333333333333333333333333333333330000000000
0000000000333330000000000000000000000000111110000000000000003333300000000000000000000000000000000000333333333333333333333333333333333333333333333333330000000000
0000000000333330000000000000000000000000111110000000000000003333300000000000000000000000000000000000333333333333333333333333333333333333333333333333330000000000
0000000000333330000000000000000000000000111110000000000333330000000000000000000000000000000000033333000000000000000000000000000000000000000033333000000000000000
0000000000333330000000000000000000000000111110000000000333330000000000000000000000000000000000033333000000101000000010100000001010000000101033333000000000000000
0000000000333330000000000000000000000000111110000000000333330000000000000000000000000000000000033333000000010000000001000000000100000000010133333000000000000000
0000000000333330000000000000000000000000111110000000000333330000000000000000000000000000000000033333000000101000000010100000001010000000100033333000000000000000
0000000000333330000000000000000000000000111110000000000333330000000000000000000000000000000000033333000000000100000000010000000001000000010133333000000000000000
0000000000333330000000000000000000000000111110000033333000000000000000000000000000000000003333333333333333333333333333333333333333333333333300000000000000000000
0000000000333330000000000000000000000000111110000033333000000000000000000000000000000000003333333333333333333333333333333333333333333333333300000000000000000000
0000000000333330000000000000000000000000111110000033333000000000000000000000000000000000003333333333333333333333333333333333333333333333333300000000000000000000
0000000000333330000000000000000000000000111110000033333000000000000000000000000000000000003333333333333333333333333333333333333333333333333300000000000000000000
0000000000333330000000000000000000000000111110000033333000000000000000000000000000000000003333333333333333333333333333333333333333333333333300000000000000000000
0000000000333330000000000000000000000000111113333300000000000000000000000000000000000333333333333333333333333333333333333333333333333330000000000000000000000000
0000000000333330000000000000000000000000111113333300000000000000000000000000000000000333333333333333333333333333333333333333333333333330000000000000000000000000
0000000000333330000000000000000000000000111113333300000000000000000000000000000000000333333333333333333333333333333333333333333333333330000000000000000000000000
0000000000333330000000000000000000000000111113333300000000000000000000000000000000000333333333333333333333333333333333333333333333333330000000000000000000000000
0000000000333330000000000000000000000000111113333300000000000000000000000000000000000333333333333333333333333333333333333333333333333330000000000000000000000000
0000000000333333333333333333333333333333333330000000000000000000000000000000000033333333333333333333333333333333333333333333333333000000000000000000000000000000
0000000000333333333333333333333333333333333330000000000000000000000000000000000033333333333333333333333333333333333333333333333333000000000000000000000000000000
0000000000333333333333333333333333333333333330000000000000000000000000000000000033333333333333333333333333333333333333333333333333000000000000000000000000000000
0000000000333333333333333333333333333333333330000000000000000000000000000000000033333333333333333333333333333333333333333333333333000000000000000000000000000000
0000000000333333333333333333333333333333333330000000000000000000000000000000000033333333333333333333333333333333333333333333333333000000000000000000000000000000
