3333333333333333333333333333333333333333333333333333333333333333333333333333333333333333333333333333333333333333333333333333333333333333333333333333333333333333
3333333333333333333333333333333333333333333333333333333333333333333333333333333333333333333333333333333333333333333333333333333333333333333333333333333333333333
3333333333333333333333333333333333333333333333333333333333333333333333333333333333333333333333333333333333333333333333333333333333333333333333333333333333333333
3333333333333333333333333333333333333333333333333333333333333333333333333333333333333333333333333333333333333333333333333333333333333333333333333333333333333333
3333333333333333333333333333333333333333333333333333333333333333333333333333333333333333333333333333333333333333333333333333333333333333333333333333333333333333
3333333333333333333333333333333333333333333333333333333333333333333333333333333333333333333333333333333333333333333333333333333333333333333333333333333333333333
3333333333333333333333333333333333333333333333333333333333333333333333333333333333333333333333333333333333333333333333333333333333333333333333333333333333333333
3333333333333333333333333333333333333333333333333333333333333333333333333333333333333333333333333333333333333333333333333333333333333333333333333333333333333333
3333333333333333333333333333333333333333333333333333333333333333333333333333333333333333333333333333333333333333333333333333333333333333333333333333333333333333
3333333333333333333330000000000000000000000000000000000000000000000000000000000000000000000000000000000000000000000000000000000000000000000000000000000033333333
3333333333333333333330000000000000000000000000000000000000000000000000000000000000000000000000000000000000000000000000000000000000000000000000000000000333333333
3333333333333333333330033333333333333333333333333333333333333333333333333333333333333333333333333333333333333333333333333333333333333333333333333333300333333333
3333333333333333333300033333333333333333333333333333333333333333333333333333333333333333333333333333333333333333333333333333333333333333333333333333000333333333
3333333333333333333300023333333333333333333333333333333333333333333333333333333333333333333333333333333333333333333333333333333333333333333333333233000333333333
3333333333333333333300033300000000000000000000000000000000000000000000000000000000000000000000000000000000000000000000000000000000000000000000000333000333333333
3333333333333333333300033300000000000000000000000000000000000000000000000000000000000000000000000000000000000000000000000000000000000000000000000333000333333333
3333333333333333333300033000000000000000000000000000000000000000000000000000000000000000000000000000000000000000000000000000000000000000000000000333000333333333
3333333333333333333300333000000000000000000000000000000000000000000000000000000000000000000000000000000000000000000000000000000000000000000000000333003333333333
3333333333333333333300333000000000000000000000000000000000000000000000000000000000000000000000000000000000000000000000000000000000000000000000000333003333333333
3333333333333333333000332000000000000000000000000000000000000000000000000000000000000000000000000000000000000000000002333200000000000000000000000330003333333333
3333333333333333333000233000000000000000000000000000000000000000000000000000000000000000000000000000000000000000000033333330000000000000000000000330003333333333
3333333333333333333000333000000000000000000000000000000000000000000000000000000000000000000000000000000000000000000333333330000000000000000000003330003333333333
3333333333333333333000333000000000000000000000000000000000000000000000000000000000000000000000000000000000000300333333333333333000000000000000003320003333333333
3333333333333333333000330000000000000000000000000000003333300000000000000000000000000000000000000000000000333333333333333333333333233333333000003330003333333333
3333333333333333333003330000000000000000000000033333333333333332300000000000000000000000000000000000000033333333333333333333333333333333333000003330033333333333
3333333333333333333003330000000000000000000333333333333333333333333000000000000000000000000000000000003333333333333333333333333333333333333333003330033333333333
3333333333333333330003330000000000000002333333333333333333333333333300000000000000000000000000000000033333333333333333333333333333333333333333333300033333333333
3333333333333333330003330000000000023333333333333333333333333333333320000000000000000000000000000000233333333333333333333000003333333333333333333300033333333333
3333333333333333330002330000000003333333333333333333333333333333333330000000000000000000000000000003333333333333333333330000000000333333333333333300033333333333
3333333333333333330003300000000333333333333333333333333333333333333333000000000000000000000000000333333333330333000333330000000000033330030003333300033333333333
3333333333333333330003300000023333333333333333333333333333333333333333000000000000000000000000033333300000000233000333300000000000033330000000033300033333333333
3333333333333333330033300000033333333333333333333333333333333333333333000000000000000000000000333330000000000033000333300000333330033300000000033300333333333333
3333333333333333330033300000333333333333333333333333100000000033333333000000000000000000000003333000000000000033000333300333333330033300000000033300233333333333
3333333333333333300033300003333333333333333333330000000000000000333333000000000000000000000033330000000000000033300333333333300000033300000000033000333333333333
3333333333333333300033300033333333333333333300000000000000000000333333000000000000000000000333300000000000000003323333333330000000033300000000033000333333333333
3333333333333333300033300033333333333333330000000000000000000000033333000000000000000000002333000000000000000000333333333000000000033300000000233000333333333333
3333333333333333300033000333333333333330000000000233300000000000033333000000000000000000003330000000000000000000003333333000000000033300000000333000333333333333
3333333333333333300033000333333333333300000000023333000000000000333330000000000000000000033300000000000000000000000000033330000000033300000000333000333333333333
3333333333333333300333003333333333333300000000333330000000000003333330000000000000000000333300000000000000000000000000000032333000033000000000333002333333333333
3333333333333333300333003333333333333000000023333330000000000033333300000000000000000000233000000000000000000000000000000000033333333000000000333003333333333333
3333333333333333000333033333333330000000000333333300000000000333333000000000000000000000330000000000000000000000000000000000000033300000000000330003333333333333
3333333333333333000333033333330000000000003333333000000000032333330000000000000000000000000000000000000000000000000000000000000000000000000000330003333333333333
3333333333333333000333023333000000000000003333333000000003333333300000000000000000000000000000000000000000000000000000000000000000000000000003330003333333333333
3333333333333333000330000000000000000000033333330000002333333330000000000000000000000000000000000000000000000000000000000000000000000000000003330003333333333333
3333333333333333000330000000000000000000333333300023333333333000000000000000032333300000000000000000033233300000000023000000000000000000000003320003333333333333
3333333333333333003330000000000000000003333333333333333333300000000000000003333333333000000000000033333333330000000333300000000000000000000002330033333333333333
3333333333333333003330000000000000000033333333333333333300000000000000000233333333333000000000003333333333333000003333300000003300000000000003330033333333333333
3333333333333330003330000000000033333333333333333333000000000000000000003333333333333000000000023333333333333000033333003333333330000000000003300033333333333333
3333333333333330003330000000033333333333333333330000000000000000000000333333333333333000000000333333333333333000333333333333333332000000000033300033333333333333
3333333333333330003330000002333333333333333300000000000000000000000003333333300033333000000003333333000333333003333333333333333333000000000033300033333333333333
3333333333333330003300000003333333333333330000000000000000000000000003333333000333333000000033333330000333330003333333333333333333000000000023300033333333333333
3333333333333330033300000003333333333333333233000000000000000000000033333330000333333000000233333300003333330033333333333333333333000000000033300033333333333333
3333333333333330033300000000333333333333333333333320000000000000000333333300003333330000003333333000033333330033333333333333333333000000000033300333333333333333
3333333333333330033300000000000003333333333333333333330000000000002333333000033333300000003333330000033333300033333333333333333333000000000023300333333333333333
3333333333333300033300000000000033333333333333333333333330000000003333330000033333300000033333330000333333000333333333333333333330000000000033000333333333333333
3333333333333300033300000000000033333300000000033333333333300000033333330000333333000000033333300003333330000333333333333333333300000000000333000333333333333333
3333333333333300033300000000000333333300000000000003333333330000033333300023333330000000333333000033333300000333333333330033333000000000000333000333333333333333
3333333333333300033000000000003333333000000000000000033333333000233333300333333300000000233333003233333000000333333300000333333000000000000333000333333333333333
3333333333333300333000000000002333330000000000000000000333333300333333023333330000000003333333023333330000000003333000002333330000000000000333000333333333333333
3333333333333300333000000000033333300000000000000000000333333300333333333333300000000003333333333333000000000033330000033333300000000000000333002333333333333333
3333333333333300333000000000033333000000000000000000000333333303333333333330000000000033333333333330000000000033300000033333000000000000000233003333333333333333
3333333333333000333000000000233333000000000000000000003333333303333333333000000000000333333333333000000000000333300000333333000000000200000330003333333333333333
3333333333333000333000000003333330000000000000000000033333333303333333300000000000003333333333000000000000003333000000333330000000003300003330003333333333333333
3333333333333000333000000003333330000000000000000000333333333303333333000000000000023333333330000000000000023330000003333330000000033300003330003333333333333333
3333333333333000330000000033333330000000000000000023333333333003333330000000000000333333333330000000000003233300000003333330000000233000003330003333333333333333
3333333333333003330000000033333333000000000000003333333333330003333330000000000003333333333330000000000023333000000032333300000003330000003330003333333333333333
3333333333333002330000000033333333200000000000233333333333330003333333000000000033333033333330000000000333330000000033333330000023330000003330033333333333333333
3333333333333003330000000033333333333300000233333333333333300003333333000000002333330033333333000000003333300000000033333330003333300000003330033333333333333333
3333333333330003330000000023333333333333333333333333333333000003333333300000333333300003333333300000333333300000000033333333333333000000003300033333333333333333
3333333333330003330000000033333333333333333333333333333330000003333333333333333333000003333333333333333333000000000033333333333330000000033300033333333333333333
3333333333330003330000000033333333333333333333333333333000000000333333333333333330000003333333333333333330000000000033333333333300000000033300033333333333333333
3333333333330003300000000003333333333333333333333333300000000000333333333333333300000003333333333333333000000000000033333333333000000000033300033333333333333333
3333333333330033300000000003333333333333333333333333000000000000033333333333333000000000333333333333330000000000000033333333330000000000033300033333333333333333
3333333333330023300000000000333333333333333333333000000000000000033333333333330000000000033333333333300000000000000033333333300000000000033300333333333333333333
3333333333330033300000000000033333333333333333300000000000000000003333333333000000000000033333333330000000000000000003333333000000000000033300333333333333333333
3333333333300033300000000000000333333333333000000000000000000000000333333300000000000000000333333000000000000000000000333300000000000000033000333333333333333333
3333333333300033300000000000000000000000000000000000000000000000000000000000000000000000000000000000000000000000000000000000000000000000233000333333333333333333
3333333333300033000000000000000000000000000000000000000000000000000000000000000000000000000000000000000000000000000000000000000000000000333000333333333333333333
3333333333300033000000000000000000000000000000000300000000000000000000000000000000000000000000000000000000000000000000000000000000000000333000333333333333333333
3333333333300333000333330333000000000000000000030200003000000000000000000000000000033333330003000000000000000000033300000000000000000200333000333333333333333333
3333333333300333000230303330000000000000000003300300030000000000000000000000000000333000030030000000000000000003330000000000000000003000333003333333333333333333
3333333333300233003000333330000000000000000032003000200000000000000200000000000000000000300300000000000000000023000200000000000000003000333003333333333333333333
3333333333000333000002300300330003020300000230330003000000200332003030020333200000000003002000003300000300000330023000333003000000030003330003333333333333333333
3333333333000333000003302002023030303300000300200000230303003030033020303020300000000032003330030300203300000300333003020000000000030002330003333333333333333333
3333333333000333000033003033030303303300003300000033000300030330030303300003030000000030033000202303003030000203030330330303030000000003330003333333333333333333
3333333333000330000030033303300030230000003300000020330323033023033330333003300000000230030330300302002000000000330030033323000000300003330003333333333333333333
3333333333003330000000003000000000000000000333300000000000000000300000000000000000000000000000000000000000000002300000000000000000000003330003333333333333333333
3333333333003330000000000000000000000000000000000000000000000000000000000000000000000000000000000000000000000033000000000000000000000003330033333333333333333333
3333333333003330000000000000000000000000000000000000000000000000000000000000000000000000000000000000000000000020000000000000000000000033330023333333333333333333
3333333330003333333333333333333333333333333333333333333333333333333333333333333333333333333333333333333333333333333333333333333333333323300033333333333333333333
3333333330003333333333333333333333333333333333333333333333333333333333333333333333333333333333333333333333333333333333333333333333333333300033333333333333333333
3333333330003333333333333333333333333333333333333333333333333333333333333333333333333333333333333333333333333333333333333333333333333333300033333333333333333333
3333333330000000000000000000000000000000000000000000000000000000000000000000000000000000000000000000000000000000000000000000000000000000000023333333333333333333
3333333330000000000000000000000000000000000000000000000000000000000000000000000000000000000000000000000000000000000000000000000000000000000333333333333333333333
3333333333333333333333333333333333333333333333333333333333333333333333333333333333333333333333333333333333333333333333333333333333333333333333333333333333333333
3333333333333333333333333333333333333333333333333333333333333333333333333333333333333333333333333333333333333333333333333333333333333333333333333333333333333333
3333333333333333333333000003300000330033003300300330033333330000033320003330033003000000003333000033300000230030033003000003003333333333333333333333333333333333
3333333333333333333333000000300000030033003300300200033333330000003000000230033003000000003333000003300000030030033003000003003333333333333333333333333333333333
3333333333333333333333003200300230020033000200300000333333330032003003300030003003033300333333003300300330030030033002002333002333333333333333333333333333333333
3333333333333333333333003300300000330033000000300000333333330033003003330030000003033300333333003300300000330033000033000003303333333333333333333333333333333333
3333333333333333333333003300300300330033000000300000333333330033003003300030000003233300333333003300300200330033000033003333303333333333333333333333333333333333
3333333333333333333333000000300320030033003000300330020033330000003300000330030003333300333333000003300300030033300033000000303333333333333333333333333333333333
3333333333333333333333000002300330030032003300300330000033330000033300003330033003333300233333000033300330020033300233000000203333333333333333333333333333333333
3333333333333333333333333333333333333333333333333333332033333333333333333333333333333333333333333333333333333333333333333333333333333333333333333333333333333333
3333333333333333333333333333333333333333333333333333333333333333333333333333333333333333333333333333333333333333333333333333333333333333333333333333333333333333
3333333333333333333333333333333333333333333333333333333333333333333333333333333333333333333333333333333333333333333333333333333333333333333333333333333333333333
3333333333333333333333333333333333333333333333333333333333333333333333333333333333333333333333333333333333333333333333333333333333333333333333333333333333333333
3333333333333333333333333333333333333333333333333333333333333333333333333333333333333333333333333333333333333333333333333333333333333333333333333333333333333333
